0.018698797
0.029421939
0.027660528
0.031740695
0.025185507
0.02313433
0.0023463662
0.01982085
0.03836624
0.010461363
0.011043176
0.020190202
-0.0057556513
0.022467624
0.01687702
0.012662555
0.03467071
-0.009715996
-0.004650153
0.025842523
-0.00043463902
0.029242665
-0.010565238
-0.017447526
-0.031275768
0.019634599
-0.021300374
-0.0053202105
-0.019194428
-0.017688047
0.025643665
-0.0036427695
0.007644956
0.021159334
0.03013312
9.216907e-06
0.021879384
-0.003538163
0.022728773
0.009429581
0.025385683
0.017280364
0.028892048
-0.011410212
0.022391992
0.023555666
-0.01636719
0.04854074
