-151,9,-188,505,579,133,454,-25,369,-423,377,520,399,174,148,-62,-322,-14,-300,162,352,38,-440,-246,195,-195,35,425,-291,-272,-326,446,16,21,228,99,-376,-295,527,371,-412,-164,-320,219,69,463,236,274
-529,-127,198,-436,32,457,-475,128,473,-447,521,243,579,79,-468,455,-334,-573,293,310,571,-298,-510,-140,-109,-32,467,-286,-548,518,-512,-89,-156,-92,-540,23,33,569,-206,357,59,-87,-449,-431,316,256,444,194
434,-533,-409,-578,-552,-425,-395,2,98,-218,427,-464,-119,415,-104,-161,482,110,413,19,442,110,413,510,157,550,-13,165,-239,-583,146,-270,-149,-598,-300,225,149,-584,-448,385,-94,267,560,-333,146,428,407,530
-190,-512,-276,-29,98,-263,-120,452,-26,441,-554,-71,-174,-11,452,95,230,17,411,254,-445,80,405,-176,-230,-100,-244,94,-249,-238,-421,-323,-66,563,114,-297,230,275,-373,163,-144,519,-427,-575,-573,-475,-262,91
-134,124,585,-536,202,-419,443,-49,-441,-364,339,42,-528,-401,416,277,-573,-507,-373,-244,578,334,388,-2,-288,-369,-355,46,-550,525,-238,366,376,540,220,-16,-252,359,437,-551,-291,-476,418,497,567,-170,-259,56
430,-304,-67,466,454,389,-290,-549,171,-142,-354,-221,-496,-204,-571,-260,-350,-590,115,-46,-438,94,192,-547,-9,-489,233,-130,-257,-446,-451,-94,-247,215,105,350,-101,-481,-218,97,493,-358,-107,57,160,-106,388,-359
-360,-445,-22,365,-492,-434,-293,-346,195,-229,-416,-305,-259,467,386,4,-337,334,480,310,517,536,-151,-520,506,-443,-192,192,24,-523,-300,-274,528,-472,356,-546,73,-86,-218,-150,244,515,-566,-188,-466,78,499,52
-524,-473,-402,156,-260,-503,391,-17,-70,318,145,378,401,373,292,-365,539,-211,-399,-299,-61,213,396,301,88,-592,-140,-207,-323,429,-59,-423,-195,-370,61,-329,-507,-458,-517,-144,43,361,-149,138,330,-110,-420,-331
-566,-36,-76,-439,-184,53,501,-49,477,505,1,-88,-499,82,-170,-441,571,377,-436,123,542,-283,160,-288,242,-547,357,438,-404,-104,134,-135,89,-201,96,-325,310,-230,-451,-250,232,267,-121,-587,178,-253,-494,-237
7,253,-128,394,-68,-280,208,43,-59,-129,251,-154,434,413,-255,60,-89,453,137,-81,-297,576,-364,-176,313,532,555,-260,423,-532,-409,90,-443,-361,53,104,306,-18,-484,-383,422,-484,571,143,-374,109,-124,-57
4,190,-573,-488,-536,601,-458,412,320,189,131,26,-445,428,39,-28,85,-54,499,-160,501,-64,129,-184,-131,325,444,-435,-236,-274,-332,-128,249,-311,-51,-195,-552,-74,-151,-479,486,508,-333,584,400,497,-189,-97
-503,195,-297,-122,390,-458,-335,291,241,473,-239,68,-529,-308,218,332,-494,-504,251,521,-510,129,-538,151,307,218,66,495,-408,-131,452,562,454,553,-118,157,-88,-286,-504,347,515,-231,196,269,293,-485,-94,-369
265,-305,-433,517,459,30,-414,293,502,-97,-27,-237,-345,-87,375,382,-306,263,-488,357,-49,-533,-414,-521,368,470,-400,43,-169,234,-524,478,13,363,-534,279,198,544,526,398,212,-507,544,-278,354,40,-577,-491
383,-523,522,-326,333,-13,31,70,346,-33,-343,-273,31,-189,470,-283,-32,178,-185,-305,476,-511,-539,26,-531,-316,-471,-522,341,54,-498,-145,-223,345,108,173,-476,-261,142,260,356,405,57,92,-372,-500,300,-142
-136,-29,411,-468,-342,474,142,-155,145,-185,-341,19,-277,290,87,-90,552,-27,-110,-347,424,-361,434,475,-178,-457,-42,-568,-526,339,-568,-371,-131,292,427,-508,-195,-534,-298,-445,389,-486,-296,550,-436,421,563,-495
124,497,-70,-527,-68,-507,-416,458,8,-399,-35,-196,207,308,-419,-87,104,537,513,-552,-91,-570,420,253,-101,154,-52,-193,253,-171,-39,295,-210,-124,-64,172,-66,-77,91,190,182,142,-248,128,-339,-363,-252,102
-378,-106,-37,-94,-514,-562,-230,-424,-175,461,-129,-365,-130,-5,-27,-41,422,-359,422,394,557,-277,-468,-313,105,213,-73,-345,140,506,-528,-393,-454,299,-5,-562,215,330,-20,134,459,-324,31,447,-525,386,-19,-255
-354,-86,-77,520,-372,588,-164,-36,143,-220,34,-67,405,-320,-295,511,-505,-317,531,-262,-204,-73,-348,170,155,-178,-496,-167,155,541,10,170,113,93,-544,-77,-550,343,-435,235,-251,-477,600,265,84,202,-471,-490
323,-291,-130,-495,-419,-214,-355,-456,313,372,-57,-162,-8,22,-339,-453,-184,-373,-269,-552,-218,-341,89,-134,-543,68,60,-398,80,-514,-450,-243,-242,147,67,-436,100,-200,276,-191,-573,-459,-401,-308,583,-175,34,392
-398,481,-168,355,-502,-325,604,174,-434,-404,-589,396,-194,-551,243,521,-314,442,412,-445,-563,-558,-2,-243,152,-331,-396,-443,-271,-9,-150,516,-43,-578,-132,504,-248,-2,285,-487,-387,506,-249,-243,-472,-57,-447,558
462,277,492,77,-224,252,372,311,507,493,-28,-535,-151,29,-471,392,-265,147,-156,306,139,-115,31,229,436,264,148,444,-468,174,475,229,-162,-132,-109,-39,-341,442,-540,52,105,-535,-318,521,419,231,-369,527
-592,-244,-95,45,-451,-49,-500,-82,-317,-184,288,516,-263,-82,573,-270,-186,-78,-84,-57,-512,265,-592,-594,-565,-65,496,-565,-165,438,-117,-563,311,-385,223,254,-179,-492,-458,-365,-72,395,-91,327,-551,24,-378,29
-31,-613,-580,-577,410,248,-59,21,-493,456,189,-36,283,-27,246,-423,119,-240,-373,-466,383,-547,127,9,-287,-481,259,285,-207,38,-383,-174,-511,-361,52,-206,-64,450,17,-97,414,343,537,-289,-421,-186,-437,318
110,-345,378,226,-99,50,10,292,-528,-472,-47,249,-276,212,-89,-17,461,-430,-234,248,311,349,340,442,-489,89,125,264,252,232,-9,307,-533,117,534,-49,-481,466,-435,-216,-477,-535,-177,-167,-467,-327,-317,-525
