0.0467974
0.048693165
0.019018812
0.053286087
0.041818526
0.047636226
0.023398252
0.0051808283
0.05626381
0.034544405
0.021570932
0.031714287
0.037797343
-0.013718738
0.036767147
0.0060508545
0.03757873
0.010443996
0.049788035
0.043581862
0.036031917
0.014209649
0.04524287
-0.012667121
0.046711132
0.05831141
0.03414891
0.051360495
-0.012643115
-0.01916928
0.0005031996
0.028798303
0.04845287
0.04523766
0.0015362076
0.030473327
0.031766288
0.049683582
0.0727665
0.049282692
-0.008282919
0.0009939917
0.03785873
0.038508013
0.001988369
0.02624819
0.04179417
-0.0052464865
0.024729267
0.050735082
0.026321713
-0.0036872304
0.052250996
0.04565142
0.059469547
0.039745264
0.039413556
-0.007502373
0.021860676
0.012048904
0.023764336
0.018239874
0.025871823
0.0033989323
0.036410976
0.043543343
0.01218117
0.021992007
0.056710407
-0.014510437
0.01458611
0.020513775
0.057902213
0.035681147
0.046415284
0.024011713
0.043733083
0.043241493
0.025642665
0.027209027
0.0448539
0.029389031
0.025255363
0.047362365
0.056079466
0.0455343
0.026596546
0.043817483
0.037803244
0.019508382
0.034139495
0.030135555
0.042556696
0.030039163
0.031847198
-0.02016341
