-1909,-1600,-32598,-8866,11556,4448
7128,-1632,-19864,31817,-3808,1956
4490,-1632,898,31817,13668,7656
12009,-1600,2090,31817,32467,-9664
-2926,-1600,16780,5138,11660,3544
-16508,-1600,-8661,31817,7552,5052
-9419,-1632,-3388,31817,-7368,4408
-4209,-1632,10820,23090,3608,7732
-3497,-1632,-610,19762,17312,7744
-2017,-1632,2445,16410,17520,7964
-3837,-1632,14811,2882,11740,7916
-4355,-1632,9562,-15866,16776,3232
1584,-1600,6978,-26222,15840,2112
2411,-1632,1048,-31178,23588,3072
3466,-1632,2075,-27114,21300,488
3864,-1600,11733,-21090,21988,2028
539,-1600,-2735,-15934,25388,3468
-1063,-1600,-10147,-10310,16032,984
1899,-1600,1495,-4810,12972,776
-348,-1600,4129,-2690,17668,3520
-4162,-1648,-6224,694,19356,1672
-2355,-1616,-4650,2458,14896,564
-271,-1632,2481,1354,15500,2072
-989,-1600,-1879,426,16656,2648
-157,-1600,-4897,466,15648,1260
585,-1648,-1633,-286,15512,2076
399,-1584,-285,-882,17208,2612
369,-1584,-1987,-698,16932,2484
643,-1616,-1481,-22,16176,2136
733,-1616,359,-826,16080,2284
653,-1616,-584,-1614,15816,2264
-165,-1616,-1758,-1738,15428,2512
0
-1305,-1616,15107,32426,14232,4536
8315,-1616,10228,31818,20848,8720
6024,-1616,-1114,32194,27344,2400
115,-1648,-2666,-25158,24604,728
97,-1616,-1129,-15010,22336,1232
275,-1584,-5816,-9774,19584,2852
-468,-1616,-3990,-4502,14920,1992
-1501,-1616,834,-2198,13888,1740
-1086,-1616,1345,22,15924,2260
-2270,-1584,-5335,1134,17472,2788
-1638,-1616,-3417,1566,15280,1948
73,-1568,1844,1106,15976,1928
167,-1632,-1251,678,16652,2124
55,-1632,-674,934,15876,1828
-52,-1568,-1208,370,16260,2076
-557,-1600,-268,210,15224,2156
-1023,-1600,-882,-350,15864,2032
-1408,-1600,-917,-478,16380,3248
-1487,-1600,-326,-122,15636,2604
-1516,-1600,249,-310,14436,2236
-1467,-1600,70,-806,16532,2508
-2525,-1632,-1246,-1346,16236,2224
-2481,-1600,-928,-990,16060,2864
-2315,-1600,-2342,-518,16416,3108
-872,-1616,-1652,46,15944,2756
446,-1632,-103,-342,15888,2876
795,-1616,122,-406,16480,3060
504,-1616,-893,-98,16132,2808
782,-1616,-771,278,16056,2560
836,-1616,117,114,16436,2928
513,-1584,-699,34,16736,2864
98,-1584,-1620,-230,15744,2680
0
-968,-1600,-32598,7374,27052,6276
5521,-1600,-27697,31817,8736,6144
1100,-1568,3666,31817,15588,492
-928,-1600,-443,31817,15028,-1988
391,-1600,16336,25242,1848,2560
-10162,-1632,6862,30222,5328,4396
-7804,-1600,5615,31817,6708,4216
-5509,-1600,223,26922,17548,6672
-5123,-1600,2301,17958,17056,6344
-2072,-1600,13798,6354,12768,5572
-3581,-1600,4434,-16982,13936,6464
3593,-1552,15205,31818,9904,-2264
7526,-1568,19485,31818,28920,7024
751,-1616,-10500,-27170,28740,5224
764,-1616,-8004,-16318,17072,2852
3755,-1584,-3158,-8878,14032,2648
2686,-1584,6132,-3494,15300,4420
-1733,-1616,-4273,-2422,19368,3328
-2669,-1600,-7731,-542,15192,1288
-982,-1600,1606,1110,15688,2508
-1047,-1600,-988,434,17508,2768
-1353,-1600,-2847,-354,16220,2452
-1155,-1600,-3582,54,15896,2820
-846,-1600,-2850,-202,15192,2620
-221,-1600,-776,-514,15008,3004
-721,-1568,76,-854,16764,3560
-944,-1616,-1709,-522,17204,3424
-360,-1616,-3014,-698,16588,3564
214,-1584,-3495,-394,15768,3556
1252,-1584,-207,-110,15016,3336
1927,-1616,986,-454,15252,3300
1793,-1616,-307,-770,15864,3416
0
-11010,-1600,-29808,-1534,15500,-7008
-13373,-1600,-18499,29906,-7264,1372
-7227,-1600,-5314,15250,-10580,9464
4375,-1616,9405,16074,696,8380
10442,-1600,22761,17166,17368,5840
2031,-1584,16055,21386,27560,7704
-5322,-1568,13774,31817,32467,4124
-6907,-1616,13031,27294,23372,3536
-6729,-1600,3721,7050,9296,1396
-794,-1552,17846,-13994,-2216,-3608
-5207,-1584,3503,31818,-604,5404
2702,-1616,7826,31818,6520,3712
6355,-1616,9561,-31862,16028,2240
5096,-1584,11684,-20798,22240,3264
-2028,-1600,-7953,-14338,26260,6492
-4047,-1568,-5514,-6614,16852,2664
-1980,-1568,1909,-658,17000,2832
-3858,-1568,-7418,674,20368,2856
-4124,-1568,-9057,2486,17688,1068
-1724,-1600,-1584,2586,14400,352
1,-1584,-740,986,15848,1220
513,-1600,-2554,210,15764,616
902,-1568,-1570,-1238,15716,1460
708,-1584,-315,-1890,15452,2208
-35,-1616,-1966,-1894,15980,2172
-228,-1584,-3029,-2030,15688,2244
-281,-1584,-1753,-2150,15392,2232
-344,-1584,-498,-1966,15832,2928
-535,-1552,-2466,-1902,16868,2632
-390,-1552,-3922,-2074,16188,2596
0
1128,-1600,14613,31817,29348,-14864
-9001,-1568,-13672,-538,9104,-1160
-14638,-1568,-28003,31817,224,2980
-4151,-1568,1786,24578,-17960,8440
7906,-1600,24115,21142,2216,8612
6745,-1568,19505,18522,21180,8392
821,-1600,8348,22206,24736,6832
-1959,-1584,8519,17206,18720,4744
-2713,-1584,9690,5962,14304,2912
-2087,-1552,9658,-8718,12352,2784
1341,-1552,5162,-22334,13792,-468
1538,-1584,2708,-31702,16488,2324
3422,-1584,-1487,-26594,22472,1896
7824,-1616,5170,-21722,24008,2412
7252,-1600,5221,-18122,21004,3804
3006,-1600,-1810,-13226,18208,3716
707,-1568,195,-7786,15956,3084
-1735,-1600,-376,-3370,16196,3580
-3553,-1568,-4824,490,16576,2556
-3165,-1568,-3220,2262,15876,1792
-1884,-1584,-1769,2786,15952,2524
-1476,-1600,-4508,2270,17564,2396
-409,-1616,-3205,858,15588,1896
-120,-1584,-2120,206,15700,2904
123,-1584,-3234,778,16112,2880
-21,-1584,-2471,-222,15980,2376
-312,-1568,-601,-442,16252,2752
-422,-1600,-2166,-722,15256,3100
206,-1600,-2097,-642,15160,2960
184,-1600,-1308,-818,15264,3120
1009,-1600,151,-1230,15544,2980
713,-1568,-242,-1722,16504,3396
0
1979,-1568,1032,31817,32468,-13180
13983,-1568,32610,16006,3220,9748
13420,-1568,25373,16226,14672,7392
3635,-1568,10773,25994,30828,7040
-6884,-1568,5607,31817,31704,5500
-6908,-1568,14449,29386,18056,6456
-3959,-1568,9496,5970,12452,212
-3777,-1552,11954,-21182,-752,196
-2064,-1584,-11540,31818,12944,4336
12771,-1584,12171,31818,20836,4824
14308,-1584,20525,-30958,25888,3044
8762,-1568,1466,-19718,32467,6608
1717,-1584,-15999,-12170,17816,1120
2455,-1568,4028,-1098,13340,1536
-34,-1568,2208,1122,18792,2916
-4102,-1600,-11747,502,17140,2656
-2535,-1568,-5312,2166,10480,716
250,-1568,2221,174,15572,2088
-1080,-1568,-5059,-1178,18432,2652
-1061,-1568,-4493,-6,15312,936
-562,-1552,1969,-770,13872,1884
-632,-1552,992,-1546,16016,3596
-1492,-1584,-4071,-1670,15216,3284
-1003,-1552,-1883,-1398,15212,3148
-826,-1584,1088,-914,16248,3372
-1164,-1552,-1297,-742,15912,3304
-1168,-1552,-3429,-1678,15828,3472
-1556,-1600,-1993,-1818,15148,3056
-384,-1568,703,-898,15504,3412
-46,-1568,-1389,-738,16276,3596
221,-1568,-1899,-1150,17272,3580
-436,-1568,-1581,-1558,16196,3420
0
16064,-1568,-32598,29910,24092,8604
14847,-1600,9168,31817,8968,12476
-13090,-1568,-6187,31817,-1464,-12044
-11512,-1568,-32598,-13038,32467,-6200
-15435,-1616,-21314,31817,-18076,3804
-396,-1552,12069,26354,-11180,9988
6030,-1552,31118,26062,8144,8128
-8026,-1584,17208,31817,32467,9460
-11956,-1616,-1893,31817,28436,3844
-6489,-1568,10248,20914,7144,4732
-1486,-1536,22386,-5474,7020,-884
-2993,-1536,18279,31818,13408,3280
9096,-1584,7248,31818,8080,5620
6200,-1568,2998,-32686,24364,4816
7762,-1584,9497,-23458,26204,3476
6063,-1552,-829,-15726,25636,4712
625,-1568,-10508,-10174,18080,2888
352,-1568,532,-3766,15176,1184
-1465,-1568,1013,-2522,19476,2948
-3524,-1536,-10634,1422,19708,544
-1659,-1584,-4150,3310,15740,592
763,-1552,2224,2190,16540,1160
268,-1552,-904,854,17000,1240
459,-1552,-1339,818,15260,652
532,-1584,559,-286,14588,1480
-430,-1552,-182,-1606,15664,2428
-1446,-1568,-3396,-1862,15176,2368
-1460,-1568,-3533,-1822,14324,2472
-718,-1568,-37,-1734,15112,2404
97,-1600,-435,-1638,16244,2740
314,-1568,-1992,-1270,16620,2500
321,-1584,-2595,-1214,16196,2628
0
-9630,-1552,-13437,31817,-15060,9128
-3379,-1568,6614,29206,-5132,10976
441,-1568,13117,30918,16108,9108
-5116,-1568,4207,30866,30672,8424
-7155,-1600,6441,25798,25040,5008
-2921,-1584,13928,7222,24584,-1872
277,-1552,13859,-16258,9004,-3068
-503,-1584,9461,31818,13712,1664
8291,-1552,7126,32174,21720,8736
10291,-1536,3516,31818,17364,3896
7829,-1568,7557,-22510,18512,2712
1698,-1568,-2981,-14470,22792,4476
-1840,-1552,-12327,-6802,16236,824
-951,-1568,550,-1086,15160,-404
-1697,-1552,2841,166,17272,1016
-3726,-1520,-5961,1286,16224,748
-2700,-1552,-3278,462,14476,620
-884,-1568,4070,-162,14320,1436
-858,-1568,1471,-1446,17056,2492
-222,-1568,-1052,-1358,15052,1128
502,-1568,2329,-2238,14976,1912
-90,-1600,1174,-2254,16244,2016
-583,-1568,-1245,-2586,16504,1208
-1106,-1584,-507,-2774,16984,1760
-1590,-1552,-724,-2354,16372,2052
-2345,-1552,-3433,-2166,16432,2044
-1689,-1552,-3864,-1462,15304,1636
-257,-1568,-231,-1434,15188,2184
134,-1568,-923,-1726,16224,2164
328,-1536,-2916,-1734,16148,1780
-113,-1568,-1109,-1806,15732,2324
-469,-1584,1,-1786,16468,2036
0
7447,-1584,-14333,-5894,10640,9168
16871,-1552,-32598,31817,32467,21016
1830,-1552,-32599,31817,18040,13384
4495,-1552,15185,25314,32467,-29760
-22517,-1568,-32598,8058,-1028,3276
-19477,-1568,-32598,31817,-31988,-2308
1600,-1568,20579,21686,-2868,8924
5598,-1536,22462,17698,13904,8852
-5671,-1536,-4265,22342,28112,6376
-4376,-1600,7043,29522,22280,2828
-2467,-1536,20379,15742,24328,4752
-2154,-1584,6738,-242,22224,-816
-778,-1552,14300,-23222,6084,-1520
4311,-1520,7582,31818,12704,1520
7596,-1552,-323,-27854,21564,6432
9678,-1552,1487,-27846,15780,3168
7745,-1536,8854,-19646,17240,3620
-278,-1568,-6669,-14278,21848,5248
-4323,-1536,-11211,-6830,18168,1116
-1790,-1568,3152,-1418,14988,1392
-4109,-1552,-5301,-1738,18124,1988
-3196,-1568,-10485,1310,15600,592
-178,-1552,-155,34,14780,1648
446,-1520,-1468,-1166,16380,2268
676,-1552,-3692,-1202,15436,2336
1127,-1520,-2640,-1530,15660,2772
1325,-1520,-1474,-1906,15968,2856
699,-1568,-3802,-2486,16508,2876
723,-1568,-4920,-1230,15100,2568
2135,-1536,765,-578,15740,2424
2055,-1568,1924,-1798,17360,3228
527,-1536,-2385,-2190,17228,2988
0
14277,-1536,18308,31817,9412,20476
2371,-1536,15096,31817,17868,-20244
-12952,-1520,-10193,-4206,22232,-1972
-16983,-1552,-20865,31817,-5688,2700
-9015,-1520,4182,30114,-14912,11504
-6,-1536,19186,27638,11164,9264
81,-1536,8715,28378,31644,7620
-2164,-1568,14080,26138,28284,5884
-4058,-1536,10714,10542,26408,1356
-1913,-1520,12694,-13426,8632,-556
-1411,-1552,19097,31818,13352,5548
6749,-1552,2802,31818,11464,4572
10703,-1520,10962,31818,13192,512
9881,-1536,19859,-24854,20708,3836
-321,-1536,-2707,-17282,25048,3824
-3936,-1536,-5639,-9634,15504,1292
-4153,-1568,944,-3378,13964,2880
-3342,-1552,1412,278,17416,3412
-3775,-1536,-9602,1678,19812,2608
-2059,-1520,-7752,2742,14088,452
245,-1552,3269,942,15800,724
-684,-1536,-2047,-1050,17140,1532
-1121,-1520,-8191,-366,16372,736
255,-1568,-3102,-462,15468,732
900,-1536,165,-2198,15836,1476
465,-1568,-2880,-1590,14672,1316
1065,-1536,-1465,-1290,15976,1392
1210,-1552,349,-1330,16948,1348
780,-1520,-886,-1794,16532,1800
454,-1552,-2007,-1702,16364,1480
386,-1520,-614,-1814,16332,1860
0
-4949,-1536,26095,23122,14688,7348
-12018,-1552,-1472,31817,15860,7140
-5600,-1552,6607,31817,11256,6144
-210,-1552,22927,18454,18920,5736
1491,-1488,9200,1018,20880,932
3863,-1552,10427,-14698,7188,1252
7159,-1536,13453,31818,12184,-4168
14184,-1600,9587,31818,6560,3056
7080,-1536,-9268,-29998,19852,3588
6474,-1536,-7519,-20058,20068,2800
7657,-1568,5487,-12314,16724,2220
2015,-1552,-2068,-7946,20700,3344
-2352,-1552,-11486,-2366,15944,-220
-1244,-1520,2895,14,13536,-1024
-1760,-1536,-2178,-178,16120,-568
674,-1536,3815,-766,16668,248
-757,-1504,-2500,-2526,15952,1376
-951,-1536,-4156,-890,14840,1004
561,-1552,1035,-1146,15328,1012
963,-1552,1010,-2166,16008,1332
417,-1552,181,-2386,16340,1324
-156,-1552,191,-2982,16812,1884
-608,-1568,-1049,-2566,16120,2060
-224,-1568,-718,-2054,15552,1776
-90,-1536,-559,-2326,15096,1816
71,-1536,-65,-2590,15184,1912
-301,-1552,-1308,-2310,15556,1944
-649,-1504,-1801,-1934,16084,1456
-522,-1520,-1610,-1550,16420,1404
-341,-1552,-1411,-1482,17120,1228
0
4630,-1536,-24192,16326,23740,2296
7448,-1536,-16048,31817,5356,7520
-5097,-1536,-8988,31817,16492,7400
-926,-1488,-14719,26678,8968,-9352
-4996,-1552,21331,21826,16588,7720
-12724,-1552,-10123,31817,768,7688
-6368,-1520,6002,31817,-4020,8816
-2276,-1504,16796,25746,17032,8328
-688,-1536,7017,19298,32467,3356
239,-1536,10863,6738,18640,-76
3632,-1536,15064,-14878,18220,-3108
6709,-1520,16275,31818,20676,-5032
10550,-1520,4744,31818,20444,5120
7006,-1520,-3529,-31538,18584,1064
8353,-1520,5678,-20474,15016,-36
5143,-1536,1674,-15358,20168,4020
653,-1536,-10221,-9466,16704,288
1149,-1536,-411,-4854,12592,-1216
-1025,-1552,1029,-3990,18460,1048
-4429,-1504,-10184,-1562,18472,1224
-4012,-1520,-9312,238,12728,372
-409,-1520,1095,1230,13684,764
-443,-1536,-3269,-1034,18920,2176
-421,-1536,-5104,-814,14752,1588
985,-1504,-1835,-610,15720,2224
1047,-1504,-2190,-1110,18204,1876
687,-1520,-1352,-1398,15920,1648
309,-1520,-819,-1610,15352,1760
-71,-1520,-1420,-1562,16076,2052
-410,-1552,-1584,-1026,16976,2112
-435,-1504,-1703,-1250,15580,1900
186,-1536,-298,-1318,15464,1992
0
-11915,-1520,-32598,31817,32467,-8584
2940,-1520,16986,29622,-10972,-19108
-10986,-1520,5234,31817,8316,13632
-4644,-1552,11236,31817,-1024,7904
1284,-1504,19503,28278,17176,8988
-2689,-1504,18284,24414,32467,6856
-3066,-1504,15050,15410,23900,3556
-519,-1488,6271,-5230,14648,2652
2005,-1536,9578,-22958,6536,-2636
10786,-1520,12239,31818,8976,6588
11055,-1520,1303,-30074,24356,6044
12057,-1504,-4618,-28422,17520,896
12969,-1568,6612,-19658,15296,1476
5326,-1504,-5090,-14050,20072,1728
15,-1536,-12560,-6110,14704,-2056
762,-1520,3235,-734,15304,-1576
-3470,-1552,-5504,-2086,20004,1496
-3421,-1520,-9747,582,14144,-1188
227,-1488,3773,666,15216,-88
876,-1520,1912,-278,19452,1440
228,-1536,-2667,-466,15092,532
288,-1536,-2463,-194,15068,1568
-50,-1504,-3569,-1210,17764,2240
87,-1536,-2314,-1846,16108,1944
-89,-1536,-2603,-1470,14736,2408
-272,-1504,-4379,-1626,16444,2296
-731,-1488,-3368,-1714,16104,2508
-917,-1536,-3787,-746,15088,2240
-23,-1552,-825,-594,15588,2368
-81,-1520,-1702,-1170,17488,2836
-225,-1520,-1967,-1234,16236,2468
208,-1504,-711,-1246,15608,2832
0
-17358,-1504,-14560,31818,27064,644
-8943,-1552,-14182,31818,17416,-3288
446,-1488,1862,-32054,16272,2552
-4381,-1520,-21098,4290,29688,8528
10536,-1536,-32598,31817,27648,-5384
2166,-1536,18158,31817,12036,13740
-9603,-1536,-22144,27698,32467,4732
-2365,-1536,2175,31817,-12652,552
-8018,-1520,1778,28994,2200,6744
-4500,-1520,5832,31817,-1028,6644
-1119,-1520,23698,31817,15412,8124
-2400,-1536,7870,25766,26604,6260
-73,-1536,9502,8506,15076,3572
5041,-1536,19674,-13954,14052,-2064
9696,-1552,18037,31818,24028,-4452
13151,-1552,2472,31818,32467,4112
10030,-1520,-6102,32266,26372,2376
9820,-1536,-1872,-22614,19708,-752
7662,-1504,1301,-16378,21736,2104
1725,-1536,-11214,-10254,20376,1116
-547,-1520,-7186,-4050,15212,-1420
-441,-1552,1047,-230,14024,-1336
-1879,-1520,-1352,202,19096,1832
-3478,-1520,-7193,1310,16136,444
-2171,-1536,-1792,1906,13692,392
38,-1536,2214,2450,15240,876
-132,-1536,-223,446,16604,1312
-718,-1504,-999,-538,15484,1660
-1923,-1536,-373,-850,14068,2720
-2016,-1520,-305,-306,16748,2416
-1742,-1552,-859,-798,16100,2736
-1565,-1504,5,-854,15768,2496
0
9995,-1504,-22216,20070,32467,15808
-11712,-1504,26595,25082,3452,6812
-14515,-1504,-1642,31817,-1996,5536
-6446,-1488,720,26370,2904,7352
-1259,-1552,7083,18090,13328,5660
-1005,-1520,8777,9866,18512,5544
-550,-1520,17138,2558,18432,3552
3053,-1504,9253,-10054,19708,2412
3444,-1536,6705,-28634,18304,1200
6420,-1504,5644,31818,17996,944
4823,-1536,-1672,-28874,22120,4460
7311,-1504,4893,-21246,17104,1904
9440,-1520,8955,-18426,17544,5052
4316,-1520,-6413,-13790,16896,4520
1844,-1552,-8122,-8274,13464,200
2406,-1504,3564,-4154,13024,880
-151,-1536,-3416,-1898,19304,2016
883,-1552,316,514,15188,2216
215,-1552,-4816,-462,16624,3432
-293,-1488,-6025,-458,16788,2596
1623,-1520,-1270,-150,15124,2484
2118,-1504,-559,-1214,15924,4096
-252,-1504,-5594,-1382,17872,3976
-102,-1536,-4530,-574,15876,2720
1114,-1536,2066,-1202,14588,2964
668,-1520,1105,-1294,16916,4252
-446,-1520,-3344,-990,16284,3740
-169,-1520,-1664,-1230,14844,3192
-104,-1520,-914,-790,15556,3908
-521,-1504,-3873,-654,17336,4316
0
-10961,-1536,-25011,31818,20996,3204
557,-1520,-10497,14,8716,-744
8892,-1520,3581,31817,13804,16936
2608,-1520,-29378,31817,20136,4636
-6812,-1504,-18544,31817,25192,10344
2747,-1504,6472,27606,3264,-9028
-6235,-1504,17283,20342,13344,11004
-10073,-1520,3681,31817,888,7804
-6354,-1520,5533,24458,7000,8460
-2082,-1520,7274,18718,12820,8312
-993,-1504,7362,8494,20336,6500
-516,-1504,9557,-3394,23484,2760
1770,-1504,6047,-18750,22084,3588
3640,-1504,-1023,-27406,22112,1860
7338,-1520,4741,-25782,20256,788
8264,-1520,3732,-21522,20376,792
7818,-1504,2248,-16738,20904,2732
4917,-1504,-7621,-13298,18540,3056
4490,-1504,-1582,-8622,13276,980
4040,-1536,5631,-6654,16712,3264
-1073,-1488,-6230,-4610,17640,2732
-2634,-1520,-6730,-734,15296,1868
-1779,-1520,-605,246,16212,2612
-1999,-1488,-4289,-170,16780,3572
-1705,-1504,-6435,602,14224,3036
-1009,-1504,-1971,30,14692,4368
-1138,-1504,-3798,-518,17152,5456
-2410,-1536,-11525,-722,16828,5296
-1906,-1504,-9374,-166,14512,4416
-443,-1520,-3254,-738,14208,5232
-1400,-1520,-6301,-1562,15508,6232
-2809,-1504,-12735,-1498,15660,6056
0
2847,-1504,-23079,31817,11040,10712
-3127,-1504,-1635,26154,6284,-616
-4380,-1504,15415,22414,9092,6572
-10468,-1504,3941,28574,5196,8384
-6914,-1488,4886,30218,7472,6884
-1786,-1520,5665,25278,15024,7692
-2525,-1488,2985,15774,22192,5176
-1306,-1504,12256,6438,17756,164
1072,-1504,3330,-14938,17264,1796
3655,-1536,1789,-27102,16528,3380
8502,-1520,-5412,-30618,15596,-44
14846,-1520,6781,-30430,16584,-6008
14424,-1504,15843,-21950,23116,-2600
3571,-1504,-14202,-17674,28852,-892
1528,-1504,-7973,-10286,12632,-2788
3965,-1552,8040,-6142,13424,60
209,-1536,-592,-4718,19492,2544
-1986,-1552,-6610,-970,16236,-572
-551,-1504,4485,970,14592,268
-997,-1536,-940,294,19784,1744
-2994,-1536,-8741,1782,17888,1140
-1717,-1504,-2855,2858,15128,524
-756,-1520,2120,1570,16000,1496
-1395,-1488,-1313,1618,17552,2032
-1307,-1488,-2976,1426,15772,1340
-966,-1504,275,490,14324,1252
-1381,-1536,301,54,15276,1592
-2321,-1504,-2598,-34,15548,1616
-2706,-1520,-2241,262,15572,1524
-1863,-1520,-754,1066,15232,1456
-547,-1520,-661,906,17076,2156
-259,-1536,-3188,1170,16804,1856
0
4763,-1504,-4024,31817,2716,9880
-6238,-1520,-6855,22178,20816,-956
-1307,-1520,3180,22570,424,3764
-10872,-1488,2401,21534,5072,8144
-7876,-1504,2459,28058,3088,6140
-3406,-1504,9464,24862,11816,6944
-1852,-1504,5488,20122,20988,3800
1662,-1488,17056,14130,22356,1880
-923,-1520,12208,-1806,22440,2000
124,-1488,2321,-23374,13416,1548
4469,-1536,2026,-27058,15500,4580
9364,-1504,4523,-25826,14952,2088
8837,-1472,3403,-23034,20416,2908
6892,-1504,-2737,-17814,19320,2084
7404,-1520,-245,-14954,17004,1476
6887,-1520,2553,-11474,14588,1260
-1670,-1504,-2891,-1726,15244,720
-778,-1504,2022,-302,16144,2284
-1443,-1504,-2906,274,17696,2036
-1480,-1488,-3041,662,15228,1584
-388,-1520,622,330,14384,1624
362,-1488,339,-426,16988,2356
167,-1536,-1414,-422,17160,2116
93,-1504,-163,-762,16784,1876
50,-1536,703,-1166,16396,2164
-353,-1536,653,-1298,15956,2132
-654,-1568,-1355,-1106,16040,2156
-868,-1520,-1866,-1186,15320,2152
-337,-1488,-775,-1326,15052,2336
244,-1520,-258,-1274,15804,2272
0
-7305,-1472,9450,20666,3972,1292
-14204,-1504,1827,29022,13572,7020
-14253,-1472,4188,31817,6344,8044
-8491,-1504,9164,25410,15632,6300
-6404,-1520,9961,14166,23620,3456
-3643,-1520,11215,4502,18264,-88
-5858,-1520,15767,-18714,16544,-8
-2210,-1504,4307,-30342,17236,2956
3243,-1504,902,-28726,14820,4684
7651,-1536,5059,-24562,15244,3456
3459,-1520,-3486,-19938,17576,4768
2632,-1488,-9617,-13614,13580,3256
5841,-1456,5285,-9086,12092,2216
3718,-1504,2504,-6998,19580,4272
-416,-1472,-9806,-2990,18864,704
597,-1504,-352,-314,16264,-28
542,-1504,-8,118,16700,1368
-695,-1488,-5409,778,16924,944
-215,-1520,-2363,-58,15556,504
-28,-1520,-721,-1450,15272,1460
-261,-1536,-2469,-1490,15316,2152
-294,-1536,-3316,-1430,16084,1812
200,-1504,-339,-1510,15208,1080
781,-1488,934,-1782,16784,2108
-677,-1520,-3253,-1378,16868,1752
-11,-1520,-551,-990,15944,1480
120,-1504,988,-1654,16484,2132
-914,-1504,-1853,-1674,16088,2336
-1003,-1504,-3751,-1294,16124,2308
-697,-1504,-1391,-978,15172,1936
-131,-1488,-8,-1062,15788,2604
-318,-1536,-1038,-798,16000,2280
0
14037,-1472,3877,15814,26008,6580
24191,-1504,-9783,31817,25332,7612
8471,-1504,-7669,31817,14576,3740
-24462,-1520,-29803,31817,20600,13304
-12874,-1504,-32598,31817,5448,-10048
3721,-1488,24609,25218,-1548,7564
-4795,-1488,19795,26570,12284,7580
-7249,-1504,6488,28854,17756,3508
-5520,-1536,8617,21630,20124,3768
-4426,-1472,13010,7038,21416,600
-5056,-1488,9544,-13514,16740,3508
707,-1488,3854,-23150,16912,3172
6948,-1488,3746,-31770,11832,3708
7748,-1520,-2187,-27758,18228,4520
9632,-1504,-2043,-22818,16884,3068
7602,-1536,-3632,-16394,14772,988
5014,-1504,-1549,-10782,16176,2028
2411,-1472,-4973,-7198,16588,1936
1347,-1488,-5324,-4282,15900,276
1289,-1504,-1381,-3286,16612,1364
829,-1504,1238,-2118,16112,1912
483,-1536,679,-1650,17632,2244
-424,-1504,-2084,-2374,16608,2256
-818,-1504,-2127,-2722,15936,2072
-1007,-1488,445,-2286,15176,1932
-1496,-1520,-740,-2494,15304,2652
-1825,-1520,-2105,-1974,14612,2208
-605,-1488,1057,-1714,15416,2372
-749,-1472,97,-2182,16536,2316
-599,-1472,-404,-1634,16072,2208
118,-1504,475,-950,16708,2248
-560,-1520,1153,-1982,16996,2300
0
13861,-1504,-3152,31817,-864,4548
-4595,-1536,6047,31817,23716,13408
1119,-1472,-18141,22214,8512,-4848
-8879,-1504,17899,18606,14036,9084
-11052,-1520,616,30534,11268,7780
-9788,-1520,2414,23970,11452,6876
-5840,-1488,4107,14858,12616,6080
-10,-1520,13208,4582,15104,3440
1979,-1536,23008,-9998,17960,6172
1720,-1504,-1555,-20442,23916,3116
6218,-1472,3798,-23638,16068,1712
10298,-1504,7793,-23146,19856,1524
8822,-1520,1775,-18914,20308,684
4799,-1504,-4028,-16394,20020,1244
5018,-1456,-1069,-12214,13568,28
4497,-1520,907,-11358,16224,2248
-437,-1504,-7576,-8770,16700,2636
-1464,-1504,-6321,-5346,12964,812
147,-1472,1847,-3770,12816,2156
-1332,-1504,-2144,-3870,18768,3800
-3340,-1488,-9561,-1794,16536,2316
-994,-1488,-2139,170,14060,1376
1945,-1520,5631,-290,16728,3428
314,-1520,-4100,-630,17540,3116
257,-1536,-3156,-718,14908,1796
1264,-1472,2246,-1346,15104,2216
96,-1504,-1196,-2146,17456,3384
-1626,-1520,-6163,-1650,15812,2424
-296,-1488,-450,-1610,14576,2540
279,-1520,1627,-2326,16408,3668
-1292,-1488,-3914,-2470,16728,3460
-896,-1504,-2694,-1194,15264,2296
0
9167,-1472,8750,6002,21648,3900
-1610,-1472,-24495,31817,32467,11336
5554,-1504,-9963,31817,5176,4088
-3788,-1488,3971,31382,26068,15840
-2668,-1488,-24607,28966,-2804,-2652
-4546,-1520,20479,22414,8316,8164
-7286,-1472,7203,31194,11384,7280
-3874,-1504,2057,25354,12348,6704
-2066,-1504,10329,14754,12768,5672
736,-1488,12905,2174,20840,1284
1785,-1456,11069,-16146,19328,180
2996,-1488,6821,-27406,21532,2328
6532,-1472,-1110,-27686,18264,-2684
8414,-1504,5590,-24670,19968,-4056
3492,-1504,-1387,-19530,22312,-488
2868,-1520,-2970,-15062,15644,-72
2163,-1488,-829,-12694,14008,1240
-202,-1472,-2692,-9490,14592,2416
-1743,-1504,-6264,-6054,14568,1480
-1198,-1504,-2630,-3270,13844,1088
-1653,-1488,-1596,-1982,17132,2820
-2757,-1472,-6159,-570,16608,2156
-1602,-1520,-2248,-126,14360,1296
-134,-1504,3734,-366,15424,2080
-1010,-1504,-1311,-1714,16832,2532
-1061,-1504,-3003,-1438,15488,1584
-620,-1520,46,-1974,15396,2136
-879,-1488,-1572,-2078,15996,2232
-944,-1488,-2830,-2066,16484,2408
-44,-1504,783,-1334,15956,1932
425,-1472,1194,-1818,17056,3020
-657,-1520,-2614,-1834,16056,2408
0
9027,-1504,4005,-1394,15400,736
5247,-1504,-12977,31817,32467,14624
8459,-1472,-32598,31817,12300,-4144
-1190,-1504,21703,31817,11620,6580
-9068,-1488,-27807,23498,17176,3508
-4371,-1488,-5346,27950,-1956,2500
-5138,-1520,16181,28602,9688,5364
-5964,-1488,9546,27550,13520,4784
-3175,-1504,8618,21530,19432,4996
-73,-1504,15240,9786,17656,2676
1638,-1504,23198,-5110,18788,5576
2759,-1520,335,-23862,17728,3556
7490,-1488,3415,-29906,12904,360
11235,-1488,6879,-26722,20648,1488
8328,-1504,-82,-22686,20824,352
6362,-1472,14,-18454,18476,-348
4997,-1504,1503,-15458,16684,1504
-175,-1504,-6624,-11098,17752,1492
-1508,-1488,-6886,-6238,14996,-488
484,-1520,3515,-3294,15504,1228
-1644,-1520,-3067,-2094,18012,1912
-3205,-1472,-8266,382,16700,424
-1681,-1536,-708,1454,15432,448
-753,-1504,1804,-62,17100,2404
-2310,-1488,-5150,-370,15036,2384
-1513,-1488,-2052,-30,13732,1804
39,-1488,2989,-850,15888,2724
-1525,-1504,-3473,-1670,16536,2896
-1630,-1472,-4677,-1006,16016,2580
-281,-1472,-376,-558,16376,2684
134,-1520,-907,-1406,17612,3364
-1230,-1520,-6393,-1190,17088,3032
0
3938,-1504,-9385,46,20028,-2804
7448,-1504,3706,30014,18324,5872
9386,-1488,-19362,31817,16768,1128
-380,-1472,6153,31817,11428,9328
-11873,-1488,-14462,28254,17876,8024
2282,-1472,-120,28310,-1208,7300
-3586,-1504,13684,26754,7852,9004
-6003,-1504,8213,30074,15936,6068
-4201,-1504,5062,21970,20196,4472
-1201,-1472,16748,11814,18416,2812
-1215,-1520,18802,-6442,18932,32
765,-1488,7303,-24390,15868,1688
3329,-1488,-547,-25674,15620,3648
7203,-1472,3040,-27874,13740,-2108
6751,-1472,6327,-25298,18172,-1460
3427,-1440,1110,-20546,22052,1480
412,-1504,-8371,-16046,16044,1028
1211,-1488,-1606,-9838,12984,112
563,-1488,2211,-6678,15908,1800
-2332,-1488,-7324,-2842,17476,1424
-1531,-1504,-2784,222,14820,-28
192,-1504,2234,330,17040,1092
-1339,-1504,-2639,1110,17088,992
-1524,-1488,-1424,818,16452,328
-1274,-1488,3060,118,15256,712
-1880,-1488,-1224,-1022,16912,2176
-2413,-1520,-4293,-858,15072,1232
-1576,-1536,-3129,-1298,17284,1608
-1875,-1456,-3387,-1230,16412,1600
-1269,-1488,-1881,-1102,16344,1744
0
11664,-1472,13729,742,10868,500
12040,-1504,18121,25918,32467,12824
6008,-1488,-16077,31817,18708,3124
518,-1488,-8693,31817,18728,8736
-9731,-1488,-32598,31817,23988,5256
5347,-1504,4038,31817,-13560,-2832
-4824,-1504,30707,27894,17548,6584
-9615,-1504,-8961,27838,22052,3884
-6022,-1488,-2387,17362,8028,2816
-1897,-1488,15220,-2150,12508,1820
-945,-1488,7460,-18678,12952,5172
583,-1456,-6603,-21622,16132,5432
7697,-1504,6899,-25262,12676,-240
12017,-1504,14956,-24542,24228,1036
7577,-1504,471,-22130,28400,1612
3787,-1520,-9080,-18470,17928,852
3672,-1488,903,-12966,11520,-112
1724,-1488,5382,-9522,17296,2292
-1937,-1472,-8609,-6122,17180,2160
-1661,-1504,-7886,-2726,13160,868
127,-1472,1593,-510,14828,2088
-778,-1504,-5187,-466,19572,3548
-1027,-1520,-7206,-42,16112,1736
731,-1488,3095,-834,13724,2212
120,-1488,1608,-1542,17560,4104
-1100,-1456,-3232,-366,16668,2256
310,-1472,2162,-462,16004,1860
594,-1536,2497,-662,16512,2896
-574,-1472,-3866,-762,16676,2360
-33,-1472,1002,78,16180,1504
-312,-1456,3151,-850,17296,2492
-1993,-1488,-2744,-1470,16212,2716
0
12858,-1504,7752,21562,17372,12164
9034,-1504,-12032,31817,19776,9136
-5694,-1504,-17683,31817,32467,15092
4595,-1520,-2163,19030,2948,-10472
-8678,-1488,11897,17734,11796,13032
-10356,-1520,-10332,31817,-1380,2068
-4932,-1472,3748,23542,3920,4948
-2856,-1504,7239,16774,13952,4720
-2706,-1472,8089,7686,17764,2928
-2137,-1456,12833,-558,21780,1280
-552,-1488,12165,-18098,21768,-68
-577,-1488,-1167,-26150,19628,4556
2712,-1504,-3293,-30534,12904,2548
8218,-1504,5788,-25534,13588,568
7876,-1504,5682,-21914,20716,1820
4115,-1472,-2573,-17582,18840,1636
1792,-1488,-4813,-10050,13292,260
2550,-1488,3116,-5050,14840,688
-137,-1472,-1933,-3270,20064,2036
-1494,-1472,-9022,-950,15536,1376
-147,-1488,-2607,1118,13620,1072
1789,-1488,4542,1322,17872,2988
235,-1488,-3067,-122,19264,2848
-103,-1472,-4399,-726,15040,1736
504,-1472,-30,-906,15388,2132
203,-1504,-2118,-1610,16700,2820
-628,-1504,-4572,-1354,15756,2260
-393,-1488,-1846,-1318,15064,1932
253,-1488,1008,-1622,15724,2212
-646,-1488,-983,-2250,16884,2764
-906,-1472,-1901,-1558,15860,2180
-474,-1472,-368,-1690,16008,2468
0
15737,-1488,20304,20434,8676,10600
10153,-1504,-25933,31817,27736,19040
-5535,-1504,-27176,31817,2956,10120
-9751,-1504,-20294,27942,18212,960
9166,-1520,19573,21490,-3224,3976
-5629,-1488,5548,21874,12080,6316
-4586,-1472,-4440,30902,12496,3536
-1180,-1472,6700,23134,14332,5196
-2001,-1504,7404,12154,25012,3100
-2148,-1488,12833,-1794,22964,996
-636,-1488,5865,-16630,20644,-1620
3820,-1472,13894,-26218,17080,1884
4950,-1472,69,31818,17752,2152
4979,-1472,4127,-29950,16312,748
3995,-1472,2102,-26550,18244,4080
-699,-1520,-4157,-18390,15724,2236
-1199,-1488,-3256,-9766,14712,140
-2108,-1488,407,-4014,17436,1316
-2894,-1504,-2952,178,19272,1788
-2771,-1504,-8264,1394,16656,1456
-276,-1504,-2949,3222,14960,468
1409,-1520,1195,966,15884,1996
344,-1488,-1831,-450,17204,2608
500,-1488,-547,-586,15116,1644
1194,-1472,1566,-1554,15180,2148
469,-1504,62,-2126,16024,2660
-1136,-1488,-2759,-2402,15632,2136
-1192,-1472,-958,-2202,14920,1700
-296,-1456,1041,-2226,15624,2248
-585,-1504,-1094,-2478,16624,2396
-146,-1504,-1018,-2274,16472,2200
494,-1504,196,-2426,15412,1896
0
12954,-1456,1187,-5702,6648,5312
16763,-1488,-7171,25330,21276,8176
15100,-1472,-11326,31817,18700,4680
6750,-1504,11048,31817,28980,10096
1638,-1488,-18367,9694,22492,-2948
-11084,-1504,-9711,13254,4600,4092
-15202,-1488,-30242,14618,-4028,5784
-3022,-1472,-5173,17098,-4004,5640
5448,-1504,12762,15906,7148,5620
941,-1504,16689,16450,15532,3424
-5862,-1504,10625,19086,23412,3516
-10992,-1456,1725,19774,26748,2052
-7845,-1488,13277,17998,20064,640
-6738,-1472,21171,4186,26076,624
-6047,-1504,4346,-13070,21104,4176
2404,-1504,-817,-22654,11532,2292
10267,-1472,11031,31818,11588,452
10891,-1488,3801,32446,21876,2004
11980,-1456,6824,-26586,17792,-448
7941,-1504,1724,-21214,16844,916
2170,-1504,-6797,-11186,14744,-808
970,-1488,-3784,-3710,16660,-1736
629,-1520,-297,-394,16436,-1276
-2252,-1520,-4426,-118,14904,-936
-3416,-1472,-7121,1134,15872,-116
-1934,-1504,-3576,1074,14508,-560
357,-1520,3950,294,15908,760
-940,-1472,-3884,-714,17924,1300
-807,-1456,-4395,-1062,15632,44
359,-1504,443,-1510,14472,508
-352,-1504,-973,-2290,17132,1324
-1163,-1504,-2960,-1878,16444,340
0
5538,-1472,1810,4218,14664,2972
12113,-1504,6467,31817,17648,11636
758,-1520,-32598,31817,26740,8064
-8183,-1456,-9949,31817,16904,13164
-2228,-1456,-13323,25514,14808,2392
6786,-1472,23451,18770,3524,6512
-3658,-1472,2039,22130,7968,5596
-4995,-1504,1757,23518,9312,5904
-5266,-1472,5980,19458,16844,5772
-2768,-1456,11414,12910,21768,1844
-1286,-1488,10568,758,24896,3408
-4790,-1488,9196,-14934,19932,-768
-1125,-1456,11457,-26242,15196,1172
2068,-1472,-817,32374,18696,4672
2039,-1504,-9705,-16426,13180,2184
4244,-1456,-1735,-9146,11312,756
4107,-1456,4100,-5534,14080,1560
1443,-1472,-2704,-1882,15264,1284
-618,-1504,-3826,-578,14016,-176
836,-1504,2633,-374,14676,156
578,-1472,997,-1806,16472,1916
-504,-1488,-2975,-1738,16408,1260
-95,-1488,191,-2614,15528,900
180,-1472,1898,-3042,15948,1704
-815,-1472,-2853,-3306,14940,2000
-672,-1472,-1565,-2894,15812,1928
-292,-1472,217,-3058,18432,2516
-516,-1472,-1595,-3002,18032,2004
-493,-1456,-1900,-3110,16692,1384
-370,-1488,332,-2802,16136,1204
0
10524,-1440,-9779,19014,15848,8388
11655,-1440,-12793,31817,15468,3516
9664,-1504,5643,31817,20392,12564
-5933,-1472,-32598,21626,24624,3228
1463,-1488,8487,29482,-13144,-184
-6878,-1456,8365,23818,12496,8244
-7618,-1488,643,31734,11964,3800
-7273,-1504,8022,24494,18488,5332
-5770,-1472,8223,11982,19176,2196
-6194,-1472,13001,-7426,18148,1664
-3063,-1472,6928,-20398,16572,2200
1492,-1456,2201,-26578,13244,1884
2320,-1504,2867,-25478,16384,4544
2696,-1488,-4774,-23034,17704,3568
5601,-1488,2010,-17662,14492,760
4365,-1504,2882,-15478,17712,2832
-110,-1472,-5466,-10242,18044,2132
-79,-1472,-6526,-5706,15376,100
2478,-1472,4662,-2946,14416,744
1201,-1456,72,-2018,20012,2952
-705,-1488,-7609,-350,18716,1844
-71,-1456,-3193,-266,14520,1228
1541,-1504,3582,-898,15532,2572
-41,-1504,-3077,-2090,18396,3728
1853,-1456,3091,-1838,16232,2648
-191,-1456,-2453,-2378,16996,2592
-1084,-1488,-2968,-2134,16024,1972
-719,-1488,131,-2222,14900,1788
-1076,-1472,1142,-1634,15616,2460
-1447,-1440,-1938,-1494,17212,2864
0
8677,-1456,615,11866,12052,6040
12524,-1472,-8115,31817,26272,14556
-3725,-1504,-8974,31817,25804,15052
-7595,-1456,-32598,25710,22112,1656
3638,-1456,19585,17922,2364,4492
-4566,-1488,1497,19506,9828,4852
-1819,-1504,5180,20634,13412,4480
-713,-1472,4080,18986,17952,5608
-3473,-1472,8596,11374,20816,4116
-1396,-1504,9010,7194,19208,2572
-805,-1488,11443,-7030,15380,1180
-1880,-1456,6979,-24470,12580,1024
-30,-1472,3469,-25842,12804,3616
4294,-1472,3004,-29858,12868,1492
3637,-1520,3937,-24990,14332,336
2694,-1488,4667,-18390,16960,2508
-89,-1456,-3879,-12318,17300,3812
-1328,-1472,-1900,-5834,14772,1668
-1205,-1472,2726,-3198,16156,2812
-2575,-1472,-6853,-1938,18916,4136
-2082,-1456,-8347,-654,15864,1868
1396,-1488,2577,-1158,14608,1868
1674,-1472,117,-2530,19376,3688
792,-1472,-5757,-1714,16584,1804
1465,-1472,344,-2198,14284,1608
2054,-1456,3884,-2862,15012,2236
562,-1488,-3053,-3646,16100,2596
517,-1456,16,-2454,16164,1612
1063,-1472,2698,-3162,16892,2208
-151,-1472,-1520,-3570,16172,2652
-1133,-1472,-4907,-2978,14884,2040
-515,-1472,-1727,-2638,14956,1676
0
18259,-1472,3480,7906,15948,9356
8974,-1456,-5608,31817,27880,8564
-2691,-1488,-1437,31817,20384,14368
-9217,-1488,-29885,26642,32467,3172
5612,-1472,-1766,20838,-18032,-744
-4598,-1440,6898,14230,8720,5328
-3409,-1488,1901,21818,12496,4552
-998,-1488,4342,18490,15780,6404
-3203,-1488,7599,10742,14360,4508
-2159,-1504,15712,5162,18668,2768
-4257,-1472,6382,-9602,21836,4224
-3746,-1472,3007,-18618,16736,1772
2204,-1488,12033,-21966,15948,3008
2289,-1488,2003,-25394,19024,3652
-184,-1488,-783,-21446,15372,2940
556,-1472,-1767,-18414,12992,3400
2669,-1472,-912,-15286,11152,2544
1630,-1472,2436,-13314,13796,4348
-259,-1472,-2375,-9198,16024,3516
-481,-1456,-2288,-5862,16260,2608
1177,-1456,2304,-2206,16440,2612
1528,-1472,479,-1706,19808,4020
161,-1488,-7363,-1386,18244,3116
150,-1488,-6434,-1490,14476,1864
1223,-1456,267,-2022,14052,2140
917,-1520,-57,-3038,16240,3420
-484,-1472,-4345,-2910,14896,2612
-112,-1472,-1064,-3154,14224,2044
583,-1488,3096,-3270,15944,2432
67,-1456,-428,-3730,17200,3092
-670,-1456,-2588,-3454,16148,2500
-489,-1472,-893,-3678,15304,2696
0
7346,-1456,-26732,31794,13016,4392
2466,-1472,-8590,31817,-2128,10364
-11519,-1472,-22296,31817,27656,17540
-1201,-1472,-32066,25074,7652,-4412
5898,-1472,29937,12866,10048,3664
-4503,-1488,8857,19594,19232,5648
-6661,-1456,2019,22398,17756,4384
-5312,-1488,11222,20266,22076,4536
-4400,-1472,15901,8782,23960,3032
-5427,-1472,13441,-6790,16312,4356
-4128,-1440,4281,-24994,14504,3596
2395,-1456,9347,-22966,11544,4400
853,-1456,2209,-26714,11884,5984
-697,-1488,-3019,-20514,11392,4436
1946,-1472,-3004,-17050,11692,3900
4564,-1472,2720,-12486,11244,2256
2038,-1504,-29,-10446,17952,4268
-1039,-1472,-7623,-6298,16404,1784
497,-1488,-378,-4006,14820,1244
1622,-1488,1867,-3290,17568,3228
-255,-1472,-4918,-1978,18816,3012
454,-1440,-2845,-1286,15900,1956
2252,-1440,2283,-1886,14620,2508
1488,-1488,-76,-2962,16444,3436
645,-1456,-2048,-2902,15208,2372
642,-1456,398,-3398,14832,2212
850,-1472,2079,-3690,15440,2244
-95,-1504,-2006,-4238,16588,2664
-222,-1440,-2126,-3826,15784,1916
201,-1456,838,-3750,15844,2068
-170,-1472,-898,-4006,16216,2624
-720,-1472,-2342,-3486,15804,2312
0
5522,-1456,4879,15750,5532,10512
-516,-1504,-8850,31817,32467,22868
-17642,-1472,-1057,31817,19392,14600
5536,-1472,19918,27062,18728,-5008
6645,-1472,24081,16442,10832,12272
-9103,-1488,-8356,23674,5164,7900
-1017,-1456,6514,28214,476,5392
489,-1456,17311,16462,9400,8404
-1018,-1472,12883,11270,15136,8224
133,-1472,18637,6110,17784,5648
-2418,-1440,16634,-8894,19320,6052
-1446,-1472,4332,-15622,18908,4224
2087,-1456,9398,-26862,16260,1864
5792,-1424,5658,-27050,18928,2320
5463,-1472,-6377,-25390,20536,1712
4996,-1440,-3597,-20342,13516,1640
5371,-1472,-1475,-17038,11496,2872
7136,-1456,4482,-12742,12416,2696
4698,-1488,3945,-10118,16480,3152
2816,-1472,-1404,-5542,16108,2072
3915,-1440,1704,-1970,17880,2008
1727,-1472,-2021,-1286,19156,2040
-474,-1456,-7798,-1586,18012,2236
-392,-1456,-6747,-706,15000,1828
577,-1456,-1858,-1890,12676,2488
263,-1440,-2748,-3582,15328,3032
-298,-1472,-6181,-3006,15204,2320
1273,-1440,103,-3510,14880,1748
1649,-1472,2511,-4146,16432,3248
-456,-1456,-5238,-3990,16180,2960
-327,-1488,-3290,-3538,15504,2420
569,-1456,-88,-3506,16016,3536
0
6603,-1456,-553,13018,9412,3964
17394,-1472,9206,31817,16368,11948
10353,-1440,5482,31817,18104,10048
-1669,-1440,-27839,21582,25108,7780
-3471,-1456,2027,11950,11716,664
-8243,-1456,-11471,16494,3536,8076
-6907,-1440,-3371,19230,868,7612
417,-1472,12361,22090,8188,5424
-1288,-1472,10468,18038,18628,5388
-4283,-1472,6389,17642,17512,2956
-3713,-1456,11022,13954,20412,1284
-5809,-1456,13209,238,14232,856
-3735,-1456,10686,-8486,16956,1736
717,-1472,1903,-20070,16144,-2568
7977,-1472,15574,32490,13784,-3804
8844,-1440,5610,-29214,23572,-940
7257,-1472,-2788,-23970,19412,-2012
4804,-1456,-2971,-18990,16324,212
4231,-1456,1745,-15830,13420,864
592,-1472,-1800,-11210,13972,1256
-1165,-1440,-4880,-4970,16008,572
-28,-1456,2349,-1262,16272,-872
-45,-1456,817,-562,18700,592
-1424,-1424,-7829,602,16980,-396
-363,-1472,-3823,1430,16164,-1168
1531,-1440,3038,110,16228,44
630,-1456,-1580,-1722,16688,1120
237,-1456,-4053,-1514,15028,412
440,-1456,-552,-1750,14068,536
103,-1472,-389,-1818,16400,896
-865,-1440,-4355,-1522,16752,524
-952,-1472,-4892,-1142,16584,52
0
15796,-1440,3181,10978,23608,404
10690,-1472,-16676,31817,31956,7916
900,-1440,4712,31817,2616,11008
-12982,-1456,-30687,31654,32467,13416
2023,-1456,-10799,28626,-14876,-3276
-4122,-1472,20242,11878,12768,7804
-9329,-1440,3505,22970,10928,5696
-9247,-1472,6227,21594,14112,6188
-8776,-1488,4327,17790,19268,5256
-7727,-1488,7901,9446,21100,3040
-4120,-1488,13349,70,17516,2580
-5609,-1472,3622,-20566,17408,3672
1474,-1472,2860,-19558,10100,1612
5181,-1472,7767,-27026,15328,3524
3892,-1456,-2269,-23122,14268,1588
4770,-1456,-2882,-19154,14312,1048
5968,-1456,3735,-14758,13768,1316
2483,-1472,-2451,-9798,17568,684
1011,-1472,-4348,-6642,15532,232
2189,-1440,1136,-4102,15160,896
1789,-1456,-1966,-3422,16712,1260
1889,-1456,-1776,-2006,16736,580
2090,-1456,868,-1546,16704,812
780,-1456,-1848,-2462,15788,792
-149,-1440,-3434,-1894,14264,296
257,-1472,1166,-2410,14416,504
252,-1472,1138,-3406,16388,1652
-1705,-1456,-4678,-3254,15444,1024
-898,-1456,-1413,-2798,14512,400
-64,-1440,-1387,-2958,18152,1584
0
7144,-1472,2190,7770,16748,1852
9509,-1440,-1253,30706,24736,9544
4922,-1456,-16844,31817,12048,2280
-6744,-1424,-19670,28890,18280,14436
-1441,-1456,-17358,25114,8816,2128
11072,-1440,-32599,13346,9552,3808
-1486,-1440,6995,13026,16128,6660
-5326,-1472,-2214,18666,11152,3760
-8166,-1488,5780,19158,15040,3616
-10380,-1488,3295,15626,21640,3036
-8292,-1456,1070,10890,22428,1152
-6196,-1472,8543,614,15348,-116
-7967,-1440,8142,-20834,19548,528
-1205,-1472,2305,-16502,15064,1488
2169,-1488,3919,-23682,17144,5188
3615,-1456,-5053,-20822,13096,2364
5630,-1488,-176,-18242,13444,1064
5409,-1440,3448,-15938,13336,660
3199,-1472,-1049,-13998,16204,2792
-951,-1472,-9534,-9662,14528,1164
818,-1472,-1540,-5106,13880,-272
1892,-1456,2796,-3966,18676,1812
-1034,-1440,-7327,-2606,20360,2232
-491,-1472,-7755,-1074,16072,632
2566,-1504,3478,-986,14100,980
2191,-1456,2102,-2718,18256,3432
-357,-1440,-7020,-2210,16232,1968
594,-1472,-2130,-2078,13740,1000
1699,-1472,1766,-2730,14992,2068
606,-1472,-3170,-2970,16344,2136
351,-1488,-3912,-2474,16204,1424
1384,-1488,618,-2178,16448,1484
0
5697,-1488,-17721,10850,16024,-1720
20230,-1456,14656,31817,22100,5984
5811,-1472,-9206,28090,29200,9144
-8346,-1440,-27896,25486,13200,5864
-2860,-1456,-7053,21138,4496,308
-2568,-1456,7485,15274,6400,7156
-7243,-1472,1752,19354,5868,5636
-5364,-1472,7165,21046,10644,5204
-6460,-1488,5428,18850,13592,5476
-7418,-1456,7182,14686,19548,3264
-5588,-1440,9551,8186,18692,-88
-5341,-1440,12270,-7010,17984,3840
-5188,-1440,389,-19658,17460,340
800,-1456,10645,-21570,17640,3976
5303,-1456,1232,-21454,22240,3660
6955,-1440,4671,-19078,19364,936
5465,-1440,3248,-17486,19804,2456
5682,-1456,-1252,-14786,15520,860
5084,-1456,1255,-12834,14380,-36
834,-1472,-801,-10190,17200,1508
-1185,-1472,-4390,-6206,16220,-40
-52,-1456,1235,-3298,16380,164
240,-1456,849,-1542,19884,1848
-1492,-1424,-7791,-630,18712,844
-278,-1472,-4327,-230,15080,128
1058,-1472,966,-318,14596,732
466,-1424,-461,-810,16512,1356
-773,-1472,-3554,-714,15552,900
-379,-1456,-818,-642,15168,588
-251,-1472,-317,-1406,15736,1180
-875,-1472,-3089,-1646,16456,1496
-634,-1456,-2383,-1574,15560,612
0
8388,-1472,-32598,31817,19944,-136
2279,-1472,4566,25618,18184,11576
-3316,-1424,-16596,26010,17128,7180
-188,-1456,-5561,17594,9372,3496
-1229,-1472,1428,15010,9056,5432
-1366,-1472,3511,17698,8224,6160
-2833,-1472,10148,17902,12308,5656
-5064,-1472,6759,18030,15612,4468
-5390,-1456,3893,14994,20800,1528
-3953,-1488,6121,9790,19316,544
-7270,-1472,14421,-3458,19472,2888
-3896,-1440,2769,-8306,16688,-1344
1515,-1488,14754,-22510,14496,328
1241,-1424,-1710,-26374,21272,4408
5118,-1456,-248,-20666,14740,124
6314,-1440,5460,-19610,17004,1040
4929,-1440,-1054,-15974,17072,384
4513,-1456,-3187,-14214,14944,756
4528,-1488,-2170,-10554,11872,64
4210,-1424,4657,-8210,15584,972
915,-1408,-2817,-5698,19596,1908
-997,-1456,-4044,-3010,17836,1160
881,-1456,1015,-1282,16344,1120
-274,-1456,-1962,-1774,18152,2428
-1160,-1488,-4501,-614,17288,856
-711,-1472,80,-1090,14580,512
-339,-1472,1425,-1754,15552,1512
-1122,-1440,-3646,-1930,15712,1584
-472,-1456,-2093,-1790,14672,488
255,-1456,2482,-2566,15124,1056
-656,-1440,-2421,-3546,16792,1696
-1213,-1440,-3609,-2754,15008,980
0
985,-1424,-14804,31818,32467,-7248
646,-1440,-8662,-8106,20612,-8476
5855,-1440,8102,23210,17848,1012
15828,-1456,-21529,31817,10836,2056
8618,-1456,3312,31817,6916,12084
-2818,-1424,-22215,29894,27516,4372
3023,-1440,3586,19034,948,572
-9726,-1472,13304,15538,14112,8876
-12636,-1456,-1179,22426,10980,4372
-10622,-1424,-3151,20682,13608,4668
-10282,-1456,-9435,14658,14072,4908
-6180,-1440,8068,12146,15940,1132
-5948,-1440,17432,-2094,19720,2836
-6819,-1440,-5867,-13766,17344,2532
-519,-1456,4877,-18318,10992,4940
6075,-1472,689,-25890,16344,3556
12562,-1472,3642,-25386,19260,-304
10658,-1440,3625,-24886,22188,1244
8042,-1456,-4528,-20762,16592,2036
8528,-1456,-3192,-16962,10400,1056
8199,-1472,1937,-13390,11168,1332
2793,-1440,-3781,-9754,16124,1048
-1512,-1472,-7188,-5450,17496,-548
-2437,-1456,-582,-2042,15868,-612
-1801,-1456,1343,-14,18852,1656
-3140,-1472,-6864,154,20080,1668
-1310,-1440,-614,414,15776,244
458,-1456,4477,-770,13604,1324
209,-1456,-1058,-1078,18032,2540
-214,-1456,-2295,-1354,16060,1400
630,-1472,1334,-2546,14392,1428
205,-1472,538,-2378,15424,2048
0
9708,-1472,3725,6938,15112,2040
9772,-1456,-382,31817,18560,3652
11134,-1456,-16360,31817,28000,6840
-5593,-1456,-25222,24430,22484,11520
-1113,-1472,-6746,23866,7040,-3120
1013,-1472,12355,17282,9716,7012
-6656,-1456,-6065,22098,7228,5604
-5900,-1456,3285,23086,6620,4924
-5791,-1456,14972,23974,18432,5356
-8457,-1488,4065,19902,28588,3956
-6266,-1440,1161,13250,18264,2144
-4787,-1440,16808,-1070,10584,1380
-2420,-1472,10836,-17878,11056,1256
2753,-1472,7643,-25450,12288,3036
6061,-1456,2880,-28874,19564,3628
10043,-1504,10855,-25702,19768,-1012
7408,-1456,10785,-24042,24528,1208
984,-1472,-10023,-19930,19520,2048
1181,-1472,-5472,-13302,14280,-744
1895,-1456,6734,-9218,16344,1188
-3861,-1456,-8160,-5438,22768,1744
-4818,-1456,-11194,-970,16256,-1520
-1084,-1456,69,486,14292,140
39,-1440,10,-46,18776,2508
-953,-1440,-6380,730,17852,876
267,-1440,-3453,170,15348,1076
1878,-1440,365,-978,15360,1696
913,-1456,-2710,-2750,16168,2192
748,-1456,-3821,-1498,14876,1664
1837,-1440,436,-1890,13988,1348
2050,-1472,868,-3142,16216,2128
236,-1440,-4389,-2946,16032,2160
0
-3440,-1472,1078,28766,16108,-5684
-4634,-1440,6121,22630,13140,3504
-11260,-1456,7312,28790,15532,3892
-14042,-1456,-4415,27386,21568,1588
-7342,-1488,10017,21498,9356,216
-608,-1472,-32599,8918,19408,180
1474,-1408,13273,-10282,13284,-508
7454,-1440,20969,-27126,12760,-2820
12269,-1456,3062,-26018,12328,-4448
9560,-1424,3724,-31102,12992,-6260
8463,-1440,6337,-24214,17524,-4736
3028,-1440,-4919,-20842,18192,-3976
-2318,-1472,-7342,-15414,15032,-2440
-2884,-1488,-4862,-8630,11184,-4136
-1466,-1456,1294,-6182,14944,-2352
-4277,-1472,-4048,-3642,15408,-4328
-4204,-1408,-4719,-1234,17364,-4020
-2592,-1440,-1480,122,15060,-3852
-1151,-1472,-1807,-1306,16688,-2096
21,-1424,-2425,-506,15340,-2692
1222,-1440,-915,-1034,16248,-3136
1383,-1424,-456,-1930,16208,-2596
788,-1424,-2107,-1938,15404,-2804
322,-1456,-2486,-1946,15588,-3076
393,-1440,-190,-1734,14976,-3056
-172,-1440,-2092,-2110,15744,-2844
-757,-1440,-2446,-2050,15620,-3136
-401,-1424,-883,-1970,15428,-2956
-670,-1424,-878,-2538,15584,-2440
-1261,-1440,-2515,-2346,15220,-2572
-1246,-1440,-1155,-2302,15056,-2588
-878,-1488,-979,-2466,15772,-2356
0
9483,-1424,-221,-5294,14928,1200
8149,-1488,-22205,22698,23296,9812
16340,-1456,-15152,31817,7192,-948
5922,-1472,9382,31817,32467,12948
-4604,-1440,-25605,16082,22148,1444
-3388,-1440,-997,9178,1160,7496
-4697,-1440,-13201,13586,1244,7520
-3159,-1456,-8041,10942,6592,4784
905,-1440,975,18966,16760,-100
-5539,-1440,23315,31817,30360,-7672
-20373,-1440,26105,31817,32467,-4344
-15214,-1456,-6149,31817,5036,3760
5088,-1456,28047,-5730,-12260,-156
11352,-1456,21646,31818,1960,900
20091,-1440,6905,31818,-4504,-1256
14829,-1408,-4159,31818,20480,-1664
13910,-1472,6546,-31410,25444,-2372
3265,-1440,-3681,-23702,21304,-1292
-412,-1456,-9481,-11474,12700,-1780
1243,-1424,-4615,-3246,14408,-2500
-1274,-1456,-915,-3450,20668,-1800
-4987,-1408,-14175,-1250,17916,-2784
-999,-1440,-7818,-86,11824,-4824
1135,-1472,4866,-1438,15356,-2548
-704,-1424,-2285,-2438,18032,-844
-2125,-1424,-6919,-2290,13288,-2444
252,-1456,1211,-1450,13376,-2872
-781,-1456,-1200,-1394,17876,-1412
-2148,-1440,-3387,-1322,15516,-2148
-1116,-1440,-423,-230,16628,-1636
-576,-1472,-464,-1206,15608,-1036
-924,-1456,608,-1806,14944,-1280
0
5122,-1456,-31400,17838,25632,1104
5548,-1424,-11938,31817,7192,-2576
-1611,-1440,9811,31817,11184,10372
-1437,-1440,-32598,18330,25816,-2140
666,-1440,23248,13850,3684,5164
-7047,-1456,-2446,18598,9180,8124
-6433,-1424,-4247,17850,7768,6224
-2337,-1408,12648,21278,13688,4768
-3829,-1440,9997,19962,24840,4136
-3533,-1440,4222,19914,25868,1276
-3056,-1456,16706,10026,19220,1720
-2116,-1424,12998,-4458,15552,-1848
1171,-1408,4149,-25810,4360,-3336
6302,-1472,4892,-27758,6492,3136
8638,-1456,-669,-31918,14364,812
11376,-1456,7800,-27890,17492,-3744
7828,-1440,4195,-23002,24428,500
2166,-1440,-16115,-17750,19372,-1068
4670,-1424,2414,-10546,11068,-1820
4413,-1456,6297,-7130,16288,-32
-2176,-1424,-8009,-4366,20392,-228
-3811,-1472,-9535,-430,16028,-2320
-417,-1408,1246,526,13488,-1184
277,-1424,2852,-466,17916,844
-2076,-1456,-4118,-770,16568,-832
-1542,-1456,-496,-2262,13656,-756
-367,-1440,1287,-2954,14200,232
-1071,-1440,-2372,-3618,15660,444
-899,-1440,-409,-2958,15792,-756
99,-1456,1648,-3130,15624,-420
132,-1472,295,-3382,17356,24
-1113,-1440,-2648,-3034,16604,-792
0
-11380,-1456,-240,27126,18184,4120
-10871,-1456,-128,27982,15412,1812
-5917,-1440,8221,19682,14776,2880
-3731,-1440,8284,5790,13720,2096
-235,-1440,15001,-10538,4944,-956
1403,-1456,8362,-21562,11456,2800
3571,-1424,-2393,-24630,9428,1120
6764,-1440,7631,-30382,12400,-3024
7753,-1408,9792,-27450,20060,-3344
3965,-1440,2836,-21902,23716,-192
-1593,-1488,-10111,-15286,18700,-1412
356,-1456,3426,-9406,13984,-1104
-1118,-1424,157,-6606,18196,2276
-3718,-1440,-13039,-2610,15696,380
-209,-1408,1056,194,14856,-900
1334,-1456,5508,-1574,19228,1336
-1144,-1456,-6681,-1354,17228,588
-29,-1424,-4434,-594,15584,-728
1815,-1440,3668,-1566,16552,-532
699,-1440,-1387,-3070,17312,680
-200,-1456,-3255,-2406,15228,-796
905,-1424,1240,-2262,14848,-616
493,-1456,1566,-2846,16828,-24
-644,-1440,-4050,-2366,16132,-96
-245,-1408,-2606,-2254,15476,-588
334,-1456,311,-2226,15340,-452
170,-1424,-482,-2230,16424,56
-289,-1424,-2925,-2198,15548,-20
-251,-1440,-1020,-2050,15608,-356
94,-1440,217,-2142,15784,-264
-467,-1424,-1007,-2502,15832,-28
-746,-1392,-665,-2186,15284,-324
0
12219,-1408,-6221,19934,22032,8092
15901,-1424,-12601,31817,24440,5068
6565,-1456,11509,31817,28276,7724
-10082,-1456,-21021,12474,22868,3640
-5942,-1440,-8239,22254,6124,1860
-8339,-1408,1083,19886,5088,6072
-7953,-1424,580,23762,6376,4028
-7382,-1456,4585,21918,10628,1828
-5299,-1424,10887,19982,14984,624
-5280,-1440,11922,12590,20328,-120
-4601,-1408,11408,2962,13844,-1036
-3752,-1472,12206,-17630,15328,1460
2670,-1456,4545,-26038,12340,1420
7907,-1408,5236,-26698,14476,716
9229,-1440,4013,-24146,19384,-600
6286,-1440,1134,-19822,19860,-420
3411,-1424,-5323,-17286,16952,100
3931,-1456,-1896,-13678,12860,-1132
3155,-1472,2926,-10290,14604,-540
-757,-1440,-4781,-7578,17992,-200
-676,-1472,-4908,-4114,17152,-1672
-1307,-1440,-6555,-2182,15896,-1308
-614,-1408,-925,-2418,13904,-816
562,-1456,1872,-2454,14756,60
-554,-1424,-4776,-2710,15968,-208
-504,-1440,-3150,-2802,15004,-308
332,-1440,1665,-2438,14832,-628
276,-1440,2103,-3294,16024,100
-961,-1456,-2248,-3370,16912,232
-1022,-1424,-2239,-2946,15712,-416
0
8610,-1408,983,9506,12152,1916
10657,-1440,-6440,31817,22672,3492
8371,-1440,-12396,31817,17996,8868
-393,-1424,-4072,28450,19924,5780
-1491,-1456,-14425,18014,8580,-1248
-5823,-1472,8537,21590,9280,5656
-6487,-1440,5675,28850,11720,4652
-9366,-1456,3596,26490,14848,6596
-7554,-1456,1502,20390,18248,1700
-3431,-1456,6187,6398,13052,-1348
-200,-1440,11376,-14538,10668,-704
-612,-1440,7252,-20470,13736,1940
4364,-1424,2444,-28318,13528,-1572
5465,-1424,3922,-27966,18100,-648
6393,-1440,3767,-22694,19796,-32
4947,-1440,-1742,-19646,18460,1360
4143,-1424,-2193,-14658,14056,1168
4281,-1456,2513,-9950,17204,600
2267,-1440,-556,-6526,19828,-144
389,-1440,-3576,-3702,16872,-1104
684,-1472,-1069,-1294,16976,-1264
90,-1456,-1553,-2030,18080,-612
-495,-1456,-4493,-1390,15712,-600
-4,-1440,-2403,-1022,14076,-1224
1401,-1472,2273,-1810,14788,-304
-132,-1424,-2298,-3046,17016,836
-516,-1424,-3159,-2138,14752,-576
544,-1440,782,-2390,15564,92
228,-1440,-1320,-2594,17024,212
-62,-1440,-1832,-2554,16228,-80
28,-1456,-1225,-2938,15000,-44
-131,-1456,-801,-2986,15576,264
0
9762,-1440,-22634,31817,32467,8876
-4675,-1440,-11092,31817,7920,11196
-10769,-1456,-16396,22250,28136,7016
9392,-1424,-4741,23802,-8404,620
-2097,-1456,17341,17810,9464,7368
-8751,-1440,3980,30386,14564,2904
-5764,-1440,1496,26882,15372,4152
-3637,-1472,15773,16462,17904,2796
-3200,-1424,9704,3326,20292,-236
-1656,-1456,10732,-18698,8984,-2188
2577,-1440,8722,-32126,9452,-1120
4486,-1472,3776,-31138,11964,1344
3163,-1440,-1888,-27154,13604,308
2751,-1456,-387,-20402,14616,500
2412,-1456,496,-17198,15892,760
-1463,-1456,-947,-11738,13848,-624
-3128,-1440,-5980,-6618,17080,-1248
-2543,-1440,-1890,-2658,16628,-2844
-1835,-1424,-1084,-2434,17728,-1264
-2517,-1424,-5748,-1642,17456,-616
-1944,-1424,-5395,-1742,15688,-1212
498,-1440,2857,-2122,15548,268
447,-1440,-1270,-3118,16484,1520
586,-1440,-3618,-2674,15104,744
2291,-1456,877,-2714,15176,384
2711,-1456,1400,-3818,16348,696
1331,-1440,-1996,-3854,15364,92
843,-1440,-1115,-3602,15240,-140
838,-1456,718,-3698,15684,-268
74,-1456,-935,-4366,16332,224
-634,-1472,-2498,-4134,15708,-120
-12,-1440,-9,-3866,15192,-532
0
11771,-1440,-11200,-2090,27200,9468
4012,-1456,-32598,20778,19692,-3488
10105,-1424,22277,31817,14228,8024
-4989,-1456,-26024,24506,32467,10248
-2091,-1440,-27922,29098,-7252,-3008
-3707,-1472,12704,13190,11824,3832
-6816,-1456,572,20362,8404,4100
-8948,-1488,8832,21510,14780,5220
-8896,-1440,-618,22494,20100,3992
-5987,-1472,7114,14666,16248,788
-1862,-1440,18646,1514,16068,164
-2241,-1408,6935,-21222,15848,2224
3002,-1456,5595,-22710,12428,1672
6817,-1424,5272,-26126,16296,-308
5096,-1424,4879,-22434,19524,-764
2428,-1440,-1173,-17914,19556,852
2761,-1440,-2571,-14266,13508,336
3261,-1440,4458,-10762,14576,788
-2025,-1440,-4966,-8430,17832,1600
-3684,-1456,-10669,-4898,12940,-1056
-1035,-1488,1508,-2610,12572,-288
-635,-1440,2606,-3038,19296,2244
-2533,-1472,-6327,-2194,16612,676
-492,-1440,-1709,-1926,13948,-208
1365,-1424,4801,-2006,14396,512
45,-1424,-1539,-3458,17792,1484
-827,-1424,-4583,-3142,15328,52
181,-1440,-185,-2722,13792,-44
659,-1440,2318,-3154,15300,980
-1022,-1472,-2754,-3738,17056,1020
-1259,-1456,-1653,-2998,15328,28
-172,-1456,1778,-3458,15276,608
0
2703,-1456,-24597,14146,20872,4700
-2408,-1440,4083,14970,7232,52
-8020,-1456,-4340,17130,11828,4604
-7877,-1456,-6539,19434,7860,5168
-7003,-1440,8415,18842,8952,3960
-4942,-1440,11730,19458,16252,5128
-5931,-1440,3124,15410,19064,3644
-4428,-1456,11325,12926,17608,992
-7941,-1456,10130,838,19788,3628
-7144,-1456,3974,-7030,18332,1380
616,-1440,14051,-20814,10088,-1724
2427,-1440,6856,-29318,17300,3512
3807,-1440,-1519,-25118,14564,760
4919,-1488,8983,-21426,15772,1292
2864,-1456,895,-20962,18472,3376
820,-1456,-8429,-17634,14016,1724
2708,-1472,350,-12130,10540,-1092
1642,-1440,3940,-10154,17864,624
-2788,-1472,-5701,-5926,18764,-560
-1738,-1424,-3307,-2326,14636,-2036
-456,-1456,304,-1166,17648,-176
-2309,-1424,-4950,502,20484,-1156
-2673,-1440,-6799,-38,16736,-1304
-911,-1440,-294,34,13652,-540
742,-1472,4973,-1114,14756,1312
-212,-1440,-1405,-2630,17092,2784
-281,-1456,-3340,-2298,14244,996
995,-1424,96,-2686,15160,1072
1653,-1440,-98,-2738,16248,1068
797,-1472,-1496,-3094,17000,736
412,-1440,-2053,-2926,16196,52
367,-1456,-1019,-2746,15620,84
0
