-32559,-1440,29321,29306,-3392,13244
-32559,-1472,28968,31817,-1316,6140
-32559,-1424,-15585,29590,-2436,7268
-32559,-1472,-32598,25886,964,-24792
-32559,-1440,726,19110,372,-26384
31895,-1472,8102,11614,512,-32768
-32559,-1472,10384,3702,7864,-32768
27905,-1472,10980,-6286,20,-26456
9533,-1472,-5606,-10582,-2256,-27604
9663,-1440,-14029,-4438,-3868,-29384
4711,-1424,-6366,-8610,-4208,-25712
-2599,-1472,-4710,-6034,-1752,-25164
-4179,-1424,-2889,-4774,992,-22132
-4697,-1424,-872,-2890,2536,-19908
-8339,-1456,-762,-3502,3316,-16392
-10050,-1456,-4315,-4102,2616,-14384
-8505,-1456,-2580,-3326,1660,-13364
-6742,-1456,835,-3918,996,-12480
-6009,-1424,844,-4566,1228,-11608
-4099,-1456,1582,-4614,1420,-11340
-1323,-1424,3223,-4734,1548,-10944
-897,-1424,491,-5458,3064,-11412
-126,-1456,-2876,-5138,1900,-11200
1256,-1424,-4205,-5358,1872,-11868
1531,-1456,-5078,-5810,2344,-13232
1966,-1456,-3898,-5334,2448,-14420
1700,-1456,-1197,-5826,2484,-14800
650,-1424,-1140,-5378,2948,-14880
-372,-1456,-2047,-5470,2964,-14964
-996,-1424,-2127,-5242,2972,-14712
-1089,-1424,-2959,-5582,3852,-14072
-133,-1456,-6380,-5878,4224,-14320
3
-32559,-1376,-157,27374,-18160,32767
-32559,-1360,3270,22882,-396,32767
-32559,-1376,4977,21234,3412,24764
-32559,-1392,-32599,31817,-15192,15156
-32559,-1392,-32599,31817,-2376,11308
-32559,-1392,7739,29590,-7756,16204
-32559,-1360,3622,31817,-16524,-32768
-32559,-1392,-812,31817,24768,-32768
23246,-1392,-17413,-3242,2832,-32768
-7462,-1360,-29305,-622,52,-32768
9865,-1360,9799,2614,-7320,-30804
3398,-1360,6397,-12522,1352,-27724
-5134,-1360,66,-12838,3604,-28252
-3211,-1392,3015,-5366,5432,-23364
-2769,-1408,1806,-4778,5760,-18824
-11329,-1376,-2381,-5010,6916,-17268
-13391,-1376,-6034,-1930,5000,-14096
-10773,-1376,-5101,-718,3032,-13160
-8690,-1408,-1987,-2530,3292,-10808
-6858,-1344,234,-2942,3732,-10568
-3983,-1376,101,-3118,2720,-9880
-1386,-1392,-1434,-3786,4172,-10228
206,-1360,-2321,-4046,4000,-10592
2213,-1392,-3022,-5094,3040,-10100
2364,-1360,-1388,-6646,3124,-9800
1600,-1360,-2275,-6802,4580,-11136
2919,-1392,-1253,-5834,4736,-12792
5064,-1392,443,-4914,5404,-14500
6102,-1360,3389,-4002,5732,-15024
3623,-1392,2520,-4046,6264,-15380
481,-1392,-1664,-3782,6252,-15264
-71,-1392,-3726,-3302,5284,-14884
3
27348,-1360,-25072,31817,-8284,32767
-32559,-1360,-7780,31817,-13496,32767
-32559,-1376,14148,28638,936,32767
-32559,-1376,-32599,31817,-6332,15680
-32559,-1376,-32599,31817,2572,11076
-32559,-1376,-32599,31817,-5104,11800
-32559,-1376,-21011,31817,-8776,-32768
-32559,-1376,-3265,31817,-376,-32768
-32559,-1376,-32599,24074,-17940,-32768
8782,-1360,-8208,23698,1524,-32768
-4890,-1392,-30716,-11322,-5312,-29800
-11441,-1392,4640,734,-13084,-22736
-6362,-1392,-49,-9382,-7840,-23696
10648,-1360,12046,-6210,-3012,-18876
7335,-1360,9169,-3562,-788,-18828
-6864,-1360,3001,-4090,2888,-18768
-9031,-1392,-6879,-1590,2548,-17268
-9994,-1360,-10440,-510,896,-15280
-10382,-1360,-8725,-2082,-828,-13648
-8362,-1424,-858,-2734,-600,-12760
-5035,-1392,-1394,-3906,276,-12852
-1700,-1392,-544,-4270,-612,-12960
243,-1392,534,-4462,48,-12488
482,-1376,-429,-4886,900,-12400
-625,-1392,-2316,-5278,536,-13316
-496,-1376,-3086,-4250,600,-14352
423,-1408,-4141,-5202,732,-13844
1092,-1376,-2890,-4222,184,-14388
1952,-1376,-179,-4014,464,-15052
970,-1344,-362,-4350,896,-14524
-397,-1376,-1661,-4322,1200,-14656
-1173,-1408,-2972,-4414,1380,-14508
3
-32559,-1376,-11985,31817,12204,-4228
-32559,-1376,-24048,31817,-800,-23320
-32559,-1408,-1629,22490,10296,-32768
-32559,-1360,-32599,21062,8644,-32768
27991,-1360,-32599,-4010,-2360,-31084
-948,-1392,-19520,398,5676,-27684
-1363,-1392,-24192,1202,-2040,-23588
-1871,-1360,3715,-8214,-1188,-19232
2888,-1392,14044,-7190,-2064,-18952
6194,-1392,16665,-5738,252,-18096
-268,-1376,11573,-6274,2092,-16240
-4020,-1376,-11836,-4054,2740,-15696
-5575,-1376,-3804,-4578,1204,-13868
-5143,-1376,4800,-4402,2052,-14184
-3034,-1376,5070,-4634,2384,-13800
-1541,-1344,-1526,-4842,2572,-13188
-2582,-1376,-4748,-5366,940,-12864
-2497,-1344,-3283,-4594,-576,-13200
-942,-1360,-3283,-3094,92,-13200
-933,-1376,-3856,-6294,788,-13292
-1480,-1360,1197,-4810,328,-13988
149,-1360,305,-4822,1692,-14564
238,-1392,-3116,-6150,2520,-14512
-3043,-1360,-2032,-5870,1188,-14264
-1630,-1376,-2108,-5498,1700,-14728
-494,-1408,-1627,-6090,1424,-14096
-1454,-1376,-954,-6630,1924,-13228
-1423,-1376,-252,-6086,2316,-13048
-457,-1376,-981,-5242,2500,-13312
-32559,-1392,-19159,31817,30312,-32768
-32559,-1392,-32598,9726,12056,-32768
3657,-1360,21720,12942,3776,-32768
1637,-1392,9229,21290,12312,-32768
-4994,-1376,13220,-21438,6208,-26500
-4380,-1376,11365,-1302,-7376,-24880
-4159,-1408,5409,-3994,-2968,-23232
180,-1344,9845,-4646,-1476,-19664
-5622,-1376,6910,-3446,2160,-18164
-9429,-1376,1195,-1090,3808,-17776
-7827,-1376,-2285,-1218,3952,-15992
-8046,-1376,78,-1630,2048,-12968
-8330,-1376,-65,-2730,1920,-13568
-5195,-1344,2040,-2942,1212,-12944
-2867,-1408,4163,-3186,904,-12208
-3463,-1360,257,-4866,1924,-11476
-2901,-1392,-1027,-3838,1624,-11332
-1588,-1392,-3122,-4010,2716,-11240
-1355,-1360,-3239,-4654,2548,-11020
-564,-1360,-4531,-4682,2772,-11748
26,-1360,-4108,-5482,3460,-12140
-3822,-1408,-3914,-6514,3516,-14116
-2983,-1392,-717,-4694,1920,-16376
1807,-1376,662,-5090,3592,-15004
3113,-1408,676,-5170,2744,-13680
1856,-1440,1035,-4102,2568,-14780
1514,-1376,888,-3634,2732,-14992
-122,-1376,355,-3834,2612,-14260
-1457,-1408,-468,-3750,2164,-14280
-855,-1376,-99,-3602,2248,-13768
-1319,-1408,-166,-4458,2708,-12700
-2567,-1392,-1570,-4738,2696,-13028
3
-32559,-1344,4760,31817,-764,-6096
-32559,-1344,24356,26814,-7996,-27536
-32559,-1376,-11767,13702,-440,-29288
-32559,-1376,-32599,16930,-2144,-32768
-32559,-1376,-32599,31817,-8836,-32768
31857,-1376,-12179,-7518,14028,-17812
-14141,-1376,-20056,7826,-3372,-26572
-10719,-1376,-738,8150,-5312,-31568
3645,-1392,6133,-3606,-4008,-22612
15,-1376,10647,-4458,-2564,-17800
-5532,-1376,5839,-842,-1308,-17692
-4420,-1376,-150,-2746,1336,-16980
-3914,-1360,-2249,-1382,1136,-14852
-4604,-1376,-1925,-1310,1092,-14244
-5713,-1392,-125,-1446,812,-13808
-5305,-1376,-3098,-1578,-356,-13496
-2190,-1392,-4127,-1218,-1080,-13660
-1239,-1376,-4616,-2706,-1024,-12860
-465,-1392,-3570,-2490,-1116,-13672
1429,-1408,-766,-1970,-64,-13636
2118,-1360,-1054,-2546,572,-14184
2192,-1392,1518,-1698,368,-15116
2080,-1360,460,-874,396,-15412
2006,-1392,-3326,-762,592,-15356
315,-1392,-3996,-1230,176,-15312
-1007,-1360,-3931,-1818,664,-15212
-1089,-1392,-2963,-2678,552,-15004
-1398,-1392,-1382,-2986,916,-15012
-968,-1392,-1172,-2798,1232,-15048
-974,-1408,-732,-2878,1156,-14684
-1024,-1376,-980,-2358,880,-14616
-573,-1376,-1149,-1682,1024,-15184
3
-32559,-1376,11791,31817,-2740,2112
-32559,-1392,-32599,31682,2204,-412
-32559,-1392,-166,25562,1516,-7700
-32559,-1360,-32349,22502,2660,-32768
-32559,-1392,-32599,30326,-3280,-32768
-32559,-1360,-32599,17210,11468,-32308
7748,-1392,-2183,-5966,-892,-22040
-10402,-1392,-13319,13886,-2636,-29296
-1936,-1360,8547,-3074,-5932,-17152
-475,-1376,1672,-790,-2648,-16952
2386,-1376,-2310,-2258,-800,-17120
-489,-1376,-2443,-1490,-1104,-15588
-3767,-1376,-2174,-926,4,-15432
-4172,-1408,-609,-982,-1068,-15516
-2275,-1408,-134,-1122,-1448,-14504
-1152,-1376,-1932,-1486,-1692,-13892
-1364,-1376,-5317,-2638,-1592,-14612
155,-1360,-4628,-2278,-1720,-14404
2254,-1376,-1740,-2042,-1180,-13472
1001,-1360,-4345,-2782,-48,-14704
-1193,-1392,-3740,-3126,4,-15312
-427,-1360,-574,-1690,-76,-15536
988,-1392,431,-1770,216,-15548
-181,-1360,444,-2390,108,-15404
-1474,-1376,-1253,-2530,-64,-15272
-1808,-1408,-2241,-2302,-568,-15564
-1670,-1408,-1596,-2750,-596,-15072
-2033,-1376,-1518,-2718,-492,-14968
-1839,-1408,-2197,-2910,60,-14792
-1472,-1376,-2271,-2806,352,-14560
3
-32559,-1376,18847,31817,-12528,10552
-32559,-1376,-32599,31817,-13048,5824
-32559,-1376,-32599,31817,-4944,-2632
-32559,-1344,-15834,26782,17648,-32768
-32559,-1344,-32599,26658,-5884,-32768
-32559,-1376,-32599,7082,-2112,-32768
945,-1376,7467,4422,1440,-32768
11769,-1376,-16335,6006,-9760,-25652
10153,-1376,4141,354,-8120,-21196
-4784,-1376,-934,-10074,-2852,-21992
-4263,-1376,8572,-1602,-5068,-17088
1238,-1408,4292,-3234,-2604,-16192
-1480,-1392,1826,-3802,-2608,-15216
-2383,-1360,-108,-1906,-2016,-14824
-1771,-1392,-1312,-1230,-1276,-13864
-1214,-1392,1183,-1102,-1236,-13928
-1821,-1392,154,-1714,-288,-13568
-220,-1360,-1768,-1090,-520,-13844
618,-1360,-4231,-1746,-592,-13856
1606,-1360,-791,-1342,-1344,-14340
916,-1392,-48,-1902,-616,-14112
-61,-1392,-867,-1510,-928,-15216
546,-1392,-1444,30,-1360,-15976
412,-1392,-1204,-2102,-560,-14196
-2136,-1360,-4597,-3962,-316,-14232
-2489,-1392,-3147,-3022,-1096,-14936
-457,-1376,742,-3458,-832,-14892
-918,-1376,1156,-4162,-160,-14736
-1413,-1408,600,-3562,-260,-14728
-1063,-1376,-486,-2974,-400,-14752
-154,-1376,-114,-2750,-344,-14104
519,-1344,917,-2646,-400,-13988
3
-32559,-1376,-13560,28710,-10892,32767
-32559,-1376,4023,25358,-348,32767
-32559,-1376,-8808,31817,9176,21440
-32559,-1408,-32599,31817,-13456,16588
-32559,-1376,-32600,31817,-5036,4144
-32559,-1376,-32598,31817,18832,-32768
-32559,-1376,-32599,31817,8720,-32768
-32559,-1376,-32599,1394,-9160,-32768
-5459,-1376,-317,25474,2968,-29656
-7298,-1344,-9584,-3130,-1188,-19532
1711,-1360,-4951,-1934,556,-20900
-1643,-1360,6272,-7074,-64,-19352
266,-1360,12595,-1478,-1324,-17584
1138,-1360,10555,-3366,92,-17948
-4112,-1360,4243,-3730,268,-18192
-7686,-1392,-1455,-1758,152,-16300
-9153,-1392,-5339,-2626,740,-14356
-8331,-1360,-3878,-2734,748,-14240
-5838,-1376,2649,-2834,852,-13152
-2366,-1408,2773,-3326,1340,-12836
-1618,-1408,-947,-3982,1028,-11996
-1806,-1408,-3340,-3442,260,-12764
-792,-1408,-2438,-2750,156,-12600
-2660,-1376,-10652,-3350,1672,-12872
-4763,-1344,-13550,-3138,1132,-15252
-2490,-1376,-3053,-2298,-684,-15068
186,-1360,2375,-3838,2248,-14392
661,-1344,2531,-4342,2520,-14256
2020,-1360,1109,-3482,1456,-14116
1344,-1376,1515,-4342,1632,-14056
301,-1360,439,-3510,1520,-14424
3
6948,-1376,-9636,2850,-3544,-31312
8017,-1392,-10287,4682,-5528,-31492
5903,-1376,7356,3194,-8324,-27428
1084,-1376,478,3046,-5136,-24312
-1654,-1344,1762,1330,-2316,-20776
-2794,-1376,-822,1882,-2544,-18212
-7399,-1376,-3993,330,-1816,-16984
-8134,-1376,-7934,1426,-2524,-16012
-5613,-1392,-3083,638,-2404,-15984
-4421,-1360,1737,982,-1960,-16080
-5681,-1392,799,1714,-2008,-14392
-6659,-1392,-2057,1370,-1932,-13616
-7019,-1360,-1528,266,-2256,-13304
-7372,-1392,-844,-558,-2536,-12924
-7103,-1360,-390,-434,-2420,-12768
-4352,-1392,581,-922,-1856,-12288
-743,-1392,1000,-1462,-1016,-12912
-24,-1408,1370,-2818,-728,-12864
142,-1376,131,-3198,-620,-13176
325,-1376,219,-3334,-972,-13792
485,-1408,-583,-2642,-1672,-14444
1347,-1376,-1541,-3094,-1652,-15048
1719,-1376,-832,-2130,-1772,-15432
1288,-1376,-677,-2354,-1308,-15524
730,-1376,-1649,-1830,-1264,-15644
464,-1376,-1370,-1282,-924,-15484
-434,-1376,-3976,-1954,120,-15172
-1069,-1376,-6597,-2814,244,-13800
-462,-1376,-449,-1506,-1848,-13248
331,-1376,763,-882,516,-14588
-197,-1344,-1100,-1194,452,-14720
-1679,-1376,-3448,-1326,-292,-14664
3
-32559,-1376,-4295,31817,-11228,17400
-32559,-1376,22451,31817,568,6516
-32559,-1376,28550,29302,1480,1684
-32559,-1376,-20737,31817,7276,-32768
-32559,-1392,20181,26222,-4612,-32768
-32559,-1392,-32599,15634,-12188,-32768
5711,-1392,-18985,6382,7020,-24860
2005,-1360,-31148,18,-1596,-23080
-2588,-1424,-5232,-2034,-7996,-19876
-1957,-1424,4292,-2990,-8572,-21800
7890,-1360,9913,-270,-7344,-19048
7002,-1360,7517,-2794,-3592,-17344
431,-1360,3091,-982,-2224,-17648
-380,-1360,-3150,-194,-1488,-17208
-75,-1376,-4321,-86,-1792,-16004
-2445,-1376,-2617,-1074,-2148,-14472
-2992,-1376,-1523,-1206,-1528,-14472
-1056,-1376,-1926,-1458,-1848,-14260
-110,-1376,-898,-2218,-1692,-13660
-859,-1408,-358,-2450,-1268,-14112
-214,-1408,-16,-1834,-1516,-14192
456,-1376,-1241,-1942,-1144,-14216
-122,-1360,-2211,-2186,-1192,-14924
-617,-1376,-2349,-2090,-1368,-14776
-1165,-1424,-2455,-1658,-1648,-15184
-1237,-1392,-3186,-2098,-1040,-14644
-804,-1360,-1801,-2058,-1124,-14756
61,-1392,-1055,-1414,-696,-14688
426,-1392,-1010,-1874,-340,-14884
-374,-1408,-548,-1438,-1204,-14984
-390,-1344,-3568,-1070,-576,-15136
-813,-1376,-7219,-2230,848,-14016
3
-32559,-1360,-10697,31817,-3564,32767
-32559,-1360,-19785,21138,5572,32767
-32559,-1376,-19533,25462,132,23832
-32559,-1376,9863,31817,-19120,15708
-32559,-1376,20259,31817,-1196,5992
-32559,-1376,31751,31817,-11488,7108
-32559,-1376,21453,28326,5104,-20792
-32559,-1408,-32599,31817,-17344,-32768
-32559,-1360,-16938,31817,-8344,-32768
-839,-1376,-32598,1182,27908,-32768
-6218,-1392,3442,14846,-10108,-19752
-24784,-1360,2169,-8846,-6628,-20064
-10222,-1392,-3630,-4682,-11268,-14956
1465,-1360,11733,-4390,-7272,-12916
9506,-1376,5616,-6598,-3572,-12864
12071,-1376,611,-4226,-1244,-14464
3274,-1376,-3453,-5638,-492,-16304
45,-1376,-5413,-1654,-316,-16732
-2472,-1376,-4247,-846,-2020,-16544
-3925,-1376,-2293,-290,-1628,-15504
-2658,-1360,-2413,-1730,-1932,-14280
-2210,-1360,-2913,-2858,-2776,-13936
-1872,-1360,-2816,-1806,-2100,-14084
-1062,-1360,-1995,-890,-2412,-13252
-2887,-1360,-3215,230,-2756,-11200
-2925,-1376,-9252,-2774,-520,-12884
-36,-1376,-5338,-4986,-1640,-13632
1478,-1376,2941,-5114,500,-13616
2655,-1408,1711,-7414,3072,-14580
3210,-1376,2481,-6098,1884,-15680
3303,-1344,1694,-4854,1516,-16140
2424,-1376,196,-4518,636,-16708
3
-32559,-1392,12070,31817,-9136,18632
-32559,-1360,-32599,31817,-132,-5604
-32559,-1360,-32599,31817,-1084,-20780
-32559,-1392,-32599,31817,-1280,-32768
-32559,-1360,-32599,28282,-17832,-32768
18886,-1376,-13852,8706,-5792,-24232
-11245,-1376,-27393,11042,-5520,-23484
-7964,-1376,-8466,566,-2904,-21800
46,-1376,-2835,-6206,-1548,-19608
7316,-1376,6508,-4506,-1604,-19572
6937,-1376,8257,-4038,592,-19104
1355,-1344,1855,-1442,396,-18348
-3231,-1376,-7546,-1894,428,-18868
-6857,-1376,-7170,-314,-1396,-16660
-7703,-1392,-6148,894,-1396,-15148
-5944,-1344,-2927,-478,-1280,-14328
-4776,-1392,734,-1322,-1560,-13564
-3413,-1392,-221,-1078,-1768,-13896
-1921,-1392,-3712,-2738,-552,-13820
-1419,-1360,-1264,-2062,-1204,-13652
-83,-1392,-170,-1322,-536,-14332
2061,-1360,2010,-2322,-60,-14456
764,-1376,1684,-2966,-332,-14160
-32,-1376,1997,-1902,-328,-15320
513,-1376,922,-1150,-484,-15304
-191,-1376,-148,-1098,-520,-15176
-1378,-1376,-899,-958,-344,-14684
-1686,-1392,-1940,-1214,-788,-14660
-1048,-1360,-2290,-2066,-528,-14404
-1489,-1360,-2059,-1890,-484,-14052
-1271,-1360,-2041,-1334,-724,-14468
-219,-1360,-1324,-1482,-716,-14448
3
-32559,-1376,21284,31817,-2860,14060
-32559,-1376,19623,31817,3272,8844
-32559,-1360,-16497,31817,-6296,-8728
-32559,-1376,-14799,31817,-824,-32768
-32559,-1360,-32599,29806,-13796,-32768
11388,-1392,-25182,12454,-596,-26716
-8840,-1392,-29031,-126,-3608,-26664
-1140,-1360,-4361,1818,-9420,-21280
2467,-1360,-2215,-9242,-7512,-22044
9075,-1376,9196,-2098,-7024,-20464
10814,-1344,7062,-3234,-1420,-18756
1937,-1376,85,-1822,1676,-18732
-2573,-1376,-4382,286,1972,-18708
-4088,-1376,-5001,850,372,-16692
-7285,-1376,-3547,166,-348,-14940
-6797,-1360,-1362,-574,-1100,-15056
-3983,-1360,-1963,-1666,-1152,-14460
-2284,-1392,425,-1906,-1052,-13964
-2881,-1392,-949,-3190,-480,-13856
-3125,-1392,-2424,-2394,-284,-14308
-1564,-1360,-3435,-2694,-860,-14216
-684,-1376,-1445,-2746,-896,-13576
-1331,-1408,-1519,-2838,-532,-13540
-843,-1376,-859,-2466,-1088,-13940
682,-1376,-232,-2310,-580,-14324
1245,-1344,1007,-2482,-436,-14284
394,-1376,1254,-2342,44,-14324
171,-1376,-349,-2002,76,-15080
248,-1376,-557,-1518,-308,-14636
-94,-1376,-612,-2018,-400,-15324
4,-1376,-486,-1998,-32,-14528
-250,-1392,-766,-2486,396,-15068
3
-32559,-1408,-14427,31817,-8304,32767
-32559,-1408,-12896,28530,796,32767
-32559,-1376,-32135,10974,392,32767
-32559,-1376,-19476,31817,-480,32767
-32559,-1360,-32599,31817,-4248,8396
-32559,-1376,-32599,31817,6292,19880
-32559,-1360,9091,31817,-4256,12020
-32559,-1392,-14916,31817,-2756,-32768
-32559,-1360,20047,31817,-11628,-32768
-32559,-1392,-13386,20034,5172,-30452
-13254,-1392,-20133,-8806,-1468,-32768
-6827,-1392,-23289,9814,-9472,-32548
-1709,-1392,6487,-3510,-12004,-26516
6093,-1408,4478,-182,-6688,-23432
496,-1376,3561,1070,-1248,-22808
-9694,-1376,1874,1282,3236,-20892
-7408,-1376,-9567,1794,820,-19044
-11607,-1376,-6149,1874,-1148,-15772
-15141,-1408,-4217,2298,-1300,-14660
-11295,-1408,-351,698,-2084,-14040
-6665,-1360,906,-1674,-1800,-12300
-6418,-1392,-91,-3398,-888,-12080
-4936,-1392,-84,-3562,-160,-11968
-2498,-1392,574,-3546,-412,-11932
-1441,-1360,-1501,-3730,-132,-11944
-525,-1360,-2000,-2826,-1092,-13416
1177,-1360,-945,-1982,-1472,-13660
3432,-1376,4176,-662,-1960,-15284
2208,-1408,8599,-694,-1396,-14904
-635,-1376,4910,-1258,-952,-14732
-1752,-1344,-568,-2718,-860,-14256
-2450,-1376,-2620,-3202,-1288,-13360
3
-32204,-1344,-15406,2882,-12424,-29700
-9249,-1328,-5555,-18158,-10944,-19860
13909,-1328,16756,-11646,-8148,-15580
19151,-1296,5035,-10070,-2624,-14088
1979,-1360,-9943,-6270,-600,-15424
-3929,-1360,3449,-1694,-1588,-17836
1745,-1328,-624,-582,-1276,-16892
-518,-1328,325,-1610,-1276,-14572
-4422,-1344,-2636,-2218,-1780,-13048
-3129,-1344,-4497,-2974,-3436,-13904
-941,-1344,-1077,-3078,-3784,-13880
372,-1312,109,-4146,-2392,-13544
177,-1344,-232,-4158,-1548,-14004
22,-1344,-2372,-4898,-1540,-13992
-1013,-1312,-4791,-4710,-1604,-13880
-2258,-1344,-5269,-4874,-1992,-13320
-1375,-1344,-3517,-3906,-2148,-14120
-339,-1328,-1721,-4118,-1060,-13944
434,-1376,-453,-4658,-504,-13468
105,-1328,-688,-4794,-216,-13160
643,-1328,-3154,-4298,-32,-14152
2515,-1328,-4278,-3566,-8,-14664
2619,-1296,-1775,-3550,232,-14828
1079,-1360,1633,-2710,92,-15744
-550,-1328,707,-3250,244,-15164
-730,-1344,-939,-3110,616,-14784
-367,-1312,-1566,-3190,132,-14956
-950,-1344,-848,-3466,-76,-14756
-1524,-1376,-1084,-3514,180,-14224
-1661,-1344,-1375,-3670,128,-14120
-1370,-1344,-1069,-3506,172,-14316
-1462,-1312,-967,-3710,244,-14200
3
-32559,-1344,-32599,31817,9972,-23128
-32559,-1392,-7816,31817,9468,428
-32559,-1360,-13491,31817,3924,-32768
-32559,-1296,-25724,29298,1936,-32740
-32559,-1328,1427,28730,11220,-32768
29943,-1328,27291,15530,7948,-32768
8479,-1328,-2101,-8358,1816,-28608
-9081,-1328,-18667,-7170,1296,-26528
476,-1328,-13038,106,1596,-31164
10652,-1360,8516,-2030,-1040,-24244
1996,-1376,12191,-5378,1956,-20432
-5156,-1312,9034,-474,272,-20188
-9208,-1312,-2454,-1066,748,-14748
-8723,-1344,-908,342,236,-14852
-5467,-1312,1706,-254,196,-13396
-4266,-1344,2963,-1902,300,-12796
-3843,-1344,2427,-1350,124,-13000
-3544,-1344,1215,-1142,344,-12700
-4122,-1312,-3171,-2106,144,-12328
-6647,-1344,-6398,-3210,12,-12448
-5308,-1328,-6985,-2418,72,-14252
-1151,-1328,-3919,-2598,268,-14224
-716,-1328,-436,-4578,544,-13436
-1425,-1360,778,-3894,516,-13912
302,-1328,-895,-3598,1812,-14400
1579,-1360,-319,-3622,1508,-13908
725,-1360,-1706,-2834,820,-14828
1486,-1328,-4119,-1578,656,-15352
1440,-1360,-7083,-2686,2644,-14268
-903,-1328,-7905,-4230,2072,-13656
3
-8598,-1376,-27155,906,3716,-28044
4677,-1344,14976,-6438,-4744,-23916
14076,-1344,4087,-8494,1256,-20440
-373,-1344,8972,-9286,5128,-19644
-1524,-1344,7284,-1614,5048,-17124
4165,-1344,6928,-2094,6996,-16840
1735,-1344,3341,-3830,5260,-16364
-3611,-1344,2518,-3118,3704,-15224
-5845,-1344,-2322,-3350,2120,-13640
-4848,-1344,-3228,-5190,1832,-13500
-2061,-1344,903,-5130,1292,-13352
796,-1328,4044,-4162,2116,-12936
1176,-1344,3591,-3986,2084,-12904
1636,-1360,319,-3142,1888,-13464
1838,-1360,-348,-1122,1392,-14200
560,-1328,-1681,-1262,1048,-14580
5,-1360,-1791,-1098,1252,-14844
-790,-1328,400,-1626,1232,-14644
-1174,-1360,1075,-2186,1816,-14000
-356,-1328,895,-3094,2100,-13864
469,-1360,929,-3202,1424,-13528
1268,-1312,932,-3194,1528,-14104
1811,-1360,1500,-3418,1248,-14516
1347,-1328,799,-3278,1276,-14892
516,-1328,-829,-3174,1220,-14932
145,-1344,-1365,-2998,1220,-15260
420,-1296,-1863,-1878,1228,-16252
171,-1360,-2463,-3362,976,-15252
-323,-1344,-2643,-3282,792,-15064
321,-1312,-882,-2838,812,-15596
-371,-1344,430,-2670,1404,-15344
-1436,-1312,204,-2514,2084,-14860
3
-32559,-1328,-32599,31817,3228,-4288
-32559,-1360,27050,31817,17804,11084
-32559,-1312,-32598,31817,-8492,12228
-32559,-1344,-32598,31817,11188,-32768
-32559,-1376,-32599,31817,-2928,-32768
-32559,-1344,32474,9986,-3892,-24248
-21723,-1344,-32598,-9626,-68,-32768
-10188,-1344,-32598,11878,-3316,-32768
-4992,-1344,928,-11474,-11308,-26600
1901,-1344,1780,-1658,-8896,-20884
-2426,-1312,10814,-9210,-1652,-19944
-4318,-1344,8617,-2658,-2404,-16480
-3356,-1344,1942,-2634,868,-15648
310,-1344,-5495,-1398,-212,-14248
981,-1312,-1641,1594,-2616,-13476
-544,-1344,2755,786,-1716,-12432
-232,-1344,3305,-1114,-1088,-12268
1586,-1344,2824,-1842,-1344,-12876
1755,-1344,692,-2042,-1704,-12868
808,-1360,-1697,-3446,-1520,-12840
675,-1328,-2134,-3218,-2308,-14108
2750,-1392,-1281,-2206,-2284,-14640
3525,-1360,-770,-2578,-1696,-14676
2647,-1360,-1078,-2102,-1376,-15248
1924,-1360,-1467,-986,-972,-15960
1262,-1360,-1516,-1082,-928,-16252
525,-1328,617,-746,-1608,-15740
-36,-1328,809,-1386,-1572,-15472
-118,-1328,-1540,-946,-1884,-14976
320,-1328,-2182,-886,-2000,-15104
99,-1360,-2540,-1006,-1780,-14492
-733,-1344,-1995,-1226,-1748,-13856
3
-32559,-1360,1494,31817,32468,-32768
5835,-1328,-19351,-998,-17332,-32768
-3043,-1328,-20924,11638,-9452,-32768
12085,-1328,1640,578,204,-28992
14171,-1360,3029,-13202,2188,-24288
2799,-1360,14480,-5750,-1524,-22432
2778,-1360,6646,2598,-1592,-22432
-1355,-1360,1688,-238,-1788,-18256
-6659,-1328,-3057,758,-2912,-17332
-6843,-1328,-4227,1462,-2520,-15900
-4584,-1328,-4366,790,-1792,-14244
-4411,-1328,-4173,-1206,-1952,-13552
-2076,-1328,-197,-130,-2268,-13752
514,-1328,-44,-290,-2516,-14152
814,-1328,-489,-822,-3176,-13780
-599,-1328,-1430,-1178,-3928,-13928
-893,-1344,-90,54,-3776,-14452
-31,-1344,2,262,-3656,-14608
593,-1344,-2351,498,-2764,-14900
1001,-1344,-3679,-602,-3312,-14132
1389,-1344,-3590,-1050,-3980,-14544
1659,-1344,-3036,-554,-2804,-15680
1105,-1376,280,-770,-2092,-15420
-237,-1344,1410,-274,-920,-15400
-1458,-1376,-418,666,216,-15248
-3444,-1312,-1623,550,-76,-14740
-4393,-1344,-2298,422,-68,-14352
-3566,-1344,-2114,154,-448,-13980
-1571,-1376,32,122,-484,-14188
-895,-1344,-146,-1538,-288,-14184
-1369,-1344,226,-986,-320,-13948
-1323,-1344,-700,-1238,-824,-14576
3
-32559,-1376,-2452,31817,-7136,22000
-32559,-1312,-32599,31817,-2668,5860
-32559,-1312,6962,31817,-6792,23328
-32559,-1344,-32598,31817,32467,-32768
-32559,-1344,-32599,31817,10776,-32768
24905,-1376,-32599,210,26068,-32768
2196,-1344,18546,-15938,1712,-22964
4141,-1344,5985,2370,-8216,-26492
-835,-1344,4906,-10206,-8556,-25004
12300,-1344,11004,-2438,-4480,-24400
8886,-1328,18714,662,-764,-23704
3058,-1344,19704,-3382,2808,-20128
-734,-1312,1916,634,-160,-18328
-12082,-1328,2215,3114,-2700,-17148
-13016,-1328,-4008,3850,-3016,-15240
-9812,-1360,-2045,-86,-2852,-13212
-7885,-1296,1315,-1582,-2328,-12384
-6016,-1360,2957,-1798,-800,-12908
-1703,-1360,3657,-998,-272,-12672
744,-1360,565,-2006,-1148,-11880
-1027,-1360,-2892,-2954,-1844,-12192
-2994,-1328,-2573,-2902,-2436,-12100
-2099,-1360,414,-1378,-2008,-12448
1649,-1360,65,-1346,-1404,-13268
2982,-1360,1298,-1626,-1688,-14236
2206,-1328,766,-1818,-1376,-13788
1126,-1328,-2085,-2290,-1340,-14016
899,-1376,-3382,-2006,-2168,-13884
1893,-1344,-1891,-1198,-2376,-14376
1872,-1376,-1072,-1906,-1612,-14784
1538,-1376,-1382,-2274,-1612,-14364
2181,-1376,-1371,-1746,-1568,-15132
3
-32708,-1360,-15998,28138,5200,32767
-32559,-1360,-15812,28030,3100,32767
-32559,-1360,-4552,26278,1476,32767
-32559,-1328,-7085,31817,9880,27148
-32559,-1360,14920,31817,-2316,9260
-32559,-1328,19225,31817,14328,9572
-32559,-1360,-12364,31817,-6996,6892
-32559,-1344,-32599,31817,20544,-32768
-32559,-1344,-32599,31817,32468,-32768
-29141,-1344,-32598,-22554,-15884,-32768
-26991,-1344,-31141,22390,-11212,-32768
-27011,-1344,-9838,-4718,-16340,-16992
5142,-1376,9668,-12034,-11672,-24500
26074,-1376,11756,4766,-8788,-25784
22641,-1344,3936,4930,-2312,-21780
-2449,-1344,4571,-5570,2568,-16312
-10855,-1344,-10874,4214,-1100,-15384
-10528,-1344,-9297,6118,-2436,-16460
-8638,-1344,-1907,3690,-2420,-14404
-6583,-1376,2565,954,-2092,-13332
-4528,-1312,-124,-682,-1124,-13408
-2819,-1376,-1908,-482,-1388,-14972
-2437,-1344,-596,-146,-1168,-14428
-4024,-1376,-1589,-1586,-276,-13488
-5893,-1344,-3095,-2542,-1300,-13220
-8435,-1360,-7833,-2482,-2096,-13380
-5674,-1376,-4009,-1142,-996,-17072
748,-1360,3107,-434,-20,-15128
-903,-1344,2018,-4442,-568,-13868
-3387,-1360,1360,-3174,-460,-13904
-1513,-1360,-780,-3130,324,-13232
177,-1360,755,-2842,-808,-13336
3
-32559,-1344,3792,29394,-9100,18048
-32559,-1344,-17736,31817,-6628,-16568
-32559,-1344,-32599,31817,-4444,-12268
30297,-1312,-29752,31817,8036,-12904
-15653,-1344,-32598,20814,2552,-32768
-32558,-1376,-19416,13566,-6604,-24592
-32558,-1344,-6242,4362,-14404,-26884
-9925,-1376,-6607,662,-11684,-21688
19105,-1376,-32599,2766,-4120,-17796
29340,-1344,9000,6374,4408,-22116
2705,-1344,3687,-3818,9316,-19552
-12675,-1376,-9923,5046,1844,-18264
-16536,-1344,-9255,6518,-2740,-16968
-16280,-1376,-6392,3154,-3048,-14760
-11880,-1376,-488,818,-3496,-14276
-5486,-1376,5675,78,-2428,-13788
-391,-1344,4842,850,-1524,-13588
968,-1344,1171,50,688,-13504
-396,-1344,-1627,582,-656,-12968
-2359,-1376,-2476,642,-852,-13056
-1782,-1344,-2273,926,-1128,-13532
-853,-1376,-883,402,-1740,-13296
-55,-1360,910,182,-1244,-13568
299,-1344,926,-138,-328,-14016
1589,-1360,-1044,-258,684,-15040
1766,-1376,-3889,-562,-840,-13148
-3092,-1392,-2982,-686,-328,-14052
-5662,-1376,-3586,210,-552,-15812
-4869,-1296,-2010,582,-788,-15548
-3682,-1344,-254,2,-440,-15148
-3776,-1360,-549,-638,-120,-14732
-3045,-1344,-214,-654,-108,-14592
3
-32559,-1360,-32599,31817,-27512,-14064
8177,-1392,-32598,12458,4080,-18332
19954,-1360,8057,15582,-21388,-32768
-7109,-1392,-18598,1490,-20960,-32200
14520,-1360,-18174,-6186,-13108,-27768
3653,-1360,-24192,1922,-9236,-23608
7351,-1328,-3209,-4346,-2932,-22984
15102,-1360,-3871,102,-704,-22716
7971,-1360,-1371,-3090,1552,-23488
-787,-1360,-3353,1434,-756,-23700
-2460,-1360,-4243,2538,-88,-20612
-5016,-1344,-3139,1414,-1636,-17056
-6512,-1376,-2269,2346,-2128,-15440
-4614,-1344,49,2082,-2704,-14016
-1867,-1376,1452,618,-2448,-13824
-643,-1344,1847,1866,-2200,-13748
-650,-1344,569,1198,-1736,-13980
-2758,-1344,-1490,1114,-1696,-13792
-2992,-1392,430,2538,-4024,-15200
-211,-1360,5532,1374,-4108,-13936
-455,-1328,3696,438,-3420,-12196
-1326,-1360,1019,-850,-3120,-13716
103,-1328,1719,-1470,-2016,-14588
1750,-1360,2028,-938,-352,-14808
1099,-1392,50,-1118,228,-14892
-990,-1360,-598,-574,436,-14836
-1323,-1328,-1016,618,-220,-15524
-917,-1360,-2441,94,-444,-14772
-1779,-1360,-3343,-650,-868,-14360
-1544,-1360,-3140,-226,-1480,-14468
-188,-1360,-2193,-178,-1984,-14740
-19,-1328,-1586,-810,-2068,-14352
3
-32559,-1360,-32599,12342,25412,32767
-32559,-1328,-32599,30942,28652,23452
5609,-1328,-1806,25910,24720,32767
17870,-1328,-32598,31817,21964,13584
-32559,-1360,-27704,31817,-19032,-11284
-32559,-1328,-32599,31817,32468,-24536
27052,-1360,-32598,5606,-6596,-19776
-5775,-1360,-5298,20806,-10708,-27260
-7171,-1360,-16710,7686,-15772,-22156
8989,-1360,-23660,3814,-16148,-20904
17610,-1360,-2619,5122,-12544,-26352
20183,-1360,4323,5762,-6904,-23820
6152,-1360,-10685,3374,-1936,-21356
-3277,-1360,-9392,4826,-3516,-22776
-6472,-1360,-9685,4486,-4792,-20320
-8952,-1328,-6567,5190,-3524,-17712
-10833,-1376,-5157,5170,-2436,-15336
-10593,-1344,-4905,2374,-2284,-14496
-6743,-1344,-908,2498,-2240,-14728
-2296,-1376,-173,2794,-2372,-14208
-1349,-1344,-1712,1594,-1556,-13420
-4106,-1344,-3349,522,-1532,-13088
-5683,-1376,-3180,1602,-2244,-13992
-2076,-1344,1257,3610,-3476,-16036
270,-1312,1404,-446,-1000,-12864
-1221,-1344,-1048,-2342,-584,-12700
-691,-1344,1861,1238,-2156,-14512
1945,-1344,1791,1230,-800,-14600
1873,-1344,-947,1102,-860,-14612
-59,-1344,-1765,2462,-1872,-15176
-868,-1376,-794,2006,-1184,-14816
-1561,-1312,-690,1038,-1020,-14296
3
16727,-1360,-32599,28322,32467,32767
12626,-1312,-32598,29334,32467,32767
-32559,-1344,-32598,31817,8524,16720
-32559,-1344,-13214,31817,-23324,-13152
-32559,-1376,-32599,31817,32468,-32768
10844,-1344,-32598,-3858,-6720,-12032
-10203,-1376,-21325,31817,-24652,-32768
15573,-1376,28345,-4134,-22364,-20008
3022,-1344,-16622,-2422,-16924,-25360
5380,-1376,-4287,-3318,-12252,-25380
5761,-1344,9066,1354,-7504,-22300
-255,-1344,-1675,1078,-4728,-21040
-6138,-1344,-9068,2026,-5464,-20016
-9033,-1376,-8433,3134,-5444,-16860
-9535,-1344,-5645,3238,-4520,-15192
-5734,-1344,-7573,5990,-4264,-15424
-5482,-1376,-7736,-2138,-4640,-10920
-8181,-1344,-2393,-2802,-2444,-12740
-3886,-1344,3307,-1086,-3464,-13772
-2131,-1344,4590,-4870,-1816,-12204
-2703,-1344,-646,-7138,-1752,-12132
-1687,-1376,-2878,-5506,-2424,-13108
338,-1344,-1259,-4158,-2344,-13596
1960,-1408,273,-2562,-2444,-14324
2325,-1376,1054,-1498,-2584,-15144
1381,-1344,-19,-954,-3012,-14752
-612,-1408,-879,-370,-2740,-14360
-2627,-1376,-1315,234,-5508,-14968
-1495,-1392,-3395,-394,-3144,-14560
764,-1360,-3143,-950,-3968,-14332
2940,-1360,1015,-1642,-3684,-14020
3106,-1360,3048,-1842,-3112,-14008
3
-32559,-1360,18988,19630,5664,21920
-32559,-1360,-32599,17546,4680,16936
-32559,-1328,-32599,31817,20844,26912
-32559,-1392,20303,31817,-2140,31096
-32559,-1344,-20138,31817,-5504,21176
-32559,-1376,-25466,31817,21172,-32768
-32559,-1344,-9509,31817,-17468,-32768
-4861,-1344,-32598,28046,3160,-32768
-15014,-1376,-23089,17046,16,-32768
-17901,-1344,-7341,1986,-7680,-28112
-13574,-1376,-6783,918,-7344,-26212
-3341,-1344,762,-3522,-2468,-22804
5856,-1376,11124,-4250,-60,-20872
4699,-1344,16871,-2738,2176,-20512
-561,-1344,8151,-2246,3696,-20112
-9732,-1376,-1330,734,168,-15272
-8161,-1376,583,594,844,-13988
-6185,-1376,1475,-502,1672,-12560
-4354,-1344,1927,950,500,-13860
-223,-1376,7089,2002,-112,-14116
2921,-1376,4581,118,680,-12796
-971,-1344,193,-2234,576,-12228
-2649,-1360,-3426,-2562,452,-12580
-475,-1376,-5025,-3470,604,-13248
818,-1376,-2781,-3626,436,-14016
3310,-1376,2008,-2518,832,-15048
4718,-1344,6178,-250,640,-15920
2642,-1344,5338,-610,564,-15124
-882,-1344,352,-366,876,-14776
-2315,-1344,-4339,382,392,-15020
3
-32559,-1344,5756,31817,12472,7660
-32559,-1344,-32599,31817,-1260,13760
-32559,-1344,-32599,31817,8464,22844
-32559,-1312,224,25002,-9816,27976
-32559,-1376,-18344,31817,-4200,-32768
-32559,-1376,-32599,31817,-18088,-32768
-32559,-1344,-32598,-1902,23144,-19744
-12019,-1376,3207,18870,2912,-32768
-32558,-1376,-1660,30706,32468,-32768
-16328,-1344,-32598,-10078,-16212,-23800
6841,-1376,4572,3458,-12356,-16276
16362,-1344,7571,2130,-4636,-19916
14497,-1344,-4093,5190,-2040,-19280
709,-1376,2861,-4438,1576,-20680
28,-1376,-14958,3934,-340,-17976
-7261,-1344,-10278,1626,-1252,-15560
-13005,-1376,-5457,2818,-1560,-15076
-9420,-1344,-327,2306,-1464,-14180
-2575,-1344,2426,-1182,-512,-13712
992,-1376,3262,-1522,688,-12980
422,-1344,1046,-1758,884,-13548
926,-1376,-1368,-54,856,-14224
2032,-1376,-3498,1042,-380,-15252
-189,-1376,-1044,178,212,-14716
-3411,-1376,-1208,310,420,-15456
-1712,-1344,-1415,1818,364,-15984
-2402,-1376,-1761,646,-520,-14576
-2017,-1376,-32,270,-920,-14244
-1442,-1360,-295,222,-1024,-14340
212,-1360,-553,1318,-868,-14900
3
-32559,-1408,3023,29006,8348,29520
-32559,-1344,-32598,31817,5600,23008
-32559,-1344,-32598,31817,-4732,-28484
-4042,-1376,-24307,27846,-20000,-32768
-13621,-1344,-16220,12098,-20704,-30676
-6453,-1312,-32598,-7118,-15912,-18712
447,-1376,-8794,-1926,-16412,-22368
10541,-1376,13439,-222,-11060,-20984
9100,-1376,2729,-1706,-3192,-17100
-1516,-1376,-10403,430,-2364,-17148
-5149,-1376,-9298,6418,-4056,-19188
-5662,-1376,-4176,4494,-2820,-16632
-8229,-1344,-1179,-222,-2260,-14096
-8742,-1376,-3070,-3942,-1892,-12288
-4737,-1344,-675,-1522,-4180,-13416
20,-1376,6726,-3694,-1524,-12372
1861,-1344,3488,-3530,-192,-12480
1529,-1344,-5215,-2850,416,-12936
1592,-1376,-4189,50,-1568,-15308
1735,-1376,212,406,-1512,-15224
190,-1376,-2055,694,-2396,-15108
-385,-1376,-5347,1098,-2548,-14484
-134,-1344,-5849,966,-3112,-14500
1704,-1344,-3442,-410,-3348,-14192
120,-1376,-1451,-1466,-2492,-14172
-33,-1344,-2767,-366,-2696,-15160
749,-1376,-2088,902,-2652,-16784
-13,-1376,707,-582,-2192,-15532
-619,-1376,-639,1818,-2588,-17080
-585,-1360,-1278,-174,-1800,-14572
3
-32559,-1360,-32598,16370,10672,32767
-32559,-1376,-3144,3122,6140,32767
-32559,-1360,9097,-50,23556,32767
-32559,-1344,-32599,14454,22048,17596
-32559,-1360,-32599,31817,11948,18040
-32559,-1376,-32599,28642,20480,30444
-32559,-1392,-6802,31817,8832,27960
-32559,-1376,-17343,31817,-8400,7164
-32559,-1328,-32599,31817,-19284,-32768
-32559,-1344,-32598,19434,-4856,-8460
-5273,-1392,-32598,24742,-15360,-32768
-1254,-1344,3148,13970,-19748,-23932
-6670,-1360,-16163,4350,-20332,-18468
1558,-1376,-18743,4322,-19996,-22396
14668,-1360,6845,5642,-15452,-22816
9601,-1344,1330,1866,-6856,-17012
-1628,-1360,-13203,942,-5328,-19148
-3588,-1344,-10978,5038,-7076,-19924
-2640,-1344,-2752,5962,-6856,-18016
-4829,-1376,-3146,4126,-3592,-14784
-8576,-1376,-9989,3058,-2104,-13784
-9616,-1376,-4750,1866,-2656,-14248
-6355,-1344,218,1086,-2276,-14588
-1214,-1344,147,1922,-1848,-14336
1801,-1376,232,1798,-2860,-14040
935,-1344,1852,1462,-2560,-12964
-891,-1376,-747,1554,-2516,-12932
-959,-1344,-2409,2190,-2476,-13412
-264,-1360,-1710,1762,-1860,-14104
776,-1328,-359,1502,-1480,-14756
1785,-1360,493,2014,-1868,-14980
1248,-1360,408,1490,-1624,-14764
3
-32559,-1344,-14961,31817,136,-24016
20403,-1376,-32598,20294,-8140,-32768
-8483,-1344,-11047,17986,-16252,-32768
-12478,-1344,661,11830,-18496,-24344
-6919,-1344,-5613,-2130,-16620,-24052
3013,-1344,-1166,-1178,-13828,-22912
4778,-1344,11690,910,-6868,-18700
-1158,-1344,-4953,366,-4292,-16916
-2774,-1312,-9184,3438,-6316,-18324
-3766,-1344,-5397,3770,-7068,-16000
-6028,-1344,2172,334,-6416,-13016
-6700,-1376,-5523,1150,-4656,-12180
-5748,-1376,-7927,-1206,-4800,-13236
-3253,-1376,741,-2698,-3964,-14444
-1527,-1376,5143,-4266,-2108,-13664
-1780,-1376,2574,-4410,-1552,-14144
415,-1344,817,-1958,-1688,-15720
1887,-1376,-4888,-1550,-1608,-15028
45,-1376,-11944,-450,-3740,-15064
4043,-1376,-17119,1750,-1192,-14680
1198,-1360,-8692,-1594,-2900,-13316
-427,-1392,1446,-1826,-1448,-13644
-227,-1360,2821,-1682,-1532,-13264
1196,-1360,1537,-870,-1780,-14252
2525,-1328,1175,-998,-2188,-14340
2695,-1360,573,-1034,-2224,-14412
2379,-1360,271,-194,-2440,-14948
1757,-1328,338,-290,-2200,-15324
1096,-1344,990,-574,-2044,-15508
-751,-1328,131,-822,-2152,-14888
-2552,-1376,-1835,-634,-1916,-14772
3
-32559,-1328,-32599,31817,-25892,-32768
22303,-1360,-24209,15310,-2212,-13480
915,-1360,-32598,31817,-11900,-32768
-10413,-1360,-795,5474,-17440,-25620
-23239,-1360,-18048,530,-18456,-20308
-10420,-1360,-27193,4146,-15272,-20788
9248,-1360,4062,-3730,-11600,-18892
12832,-1360,18118,-2490,-3612,-17040
5700,-1360,342,-1814,-1396,-18864
636,-1360,-8448,1422,-3044,-21592
-5123,-1360,-2485,3078,-4272,-19412
-9107,-1360,-531,2242,-2816,-16548
-12646,-1360,-2770,222,-3524,-14700
-10831,-1360,351,-358,-4628,-14952
-5307,-1328,5138,-1070,-2192,-14092
-1423,-1360,4049,-2510,-1216,-12488
-2115,-1328,693,-3222,-560,-11768
-2098,-1360,-3107,-1974,-1264,-13272
813,-1344,-4054,-466,-2276,-13856
3174,-1328,-2924,-762,-2632,-14284
3823,-1376,-66,-238,-3164,-14172
2837,-1376,104,-378,-2740,-14760
1848,-1376,-605,-142,-2920,-14660
869,-1344,-1360,-386,-3404,-14160
763,-1408,-1393,-754,-3364,-14104
1004,-1344,234,-34,-3956,-14652
3173,-1376,660,-986,-1660,-14964
2151,-1344,-799,-1702,-1508,-15112
-103,-1344,-1169,-654,-1152,-16092
-62,-1376,-1228,382,-1752,-16540
-593,-1344,617,418,-1856,-15600
-2027,-1360,-234,10,-1680,-14336
3
-32559,-1360,2749,31817,2876,25028
-32559,-1328,18797,31817,-8780,-32768
-32559,-1360,22883,31817,-29104,-3512
16886,-1328,-32598,19438,-23884,-32768
21676,-1344,-32598,31817,-29820,-32768
24964,-1360,-6490,362,-14096,-21556
-2813,-1376,-12013,-14226,-6000,-32768
9161,-1360,-636,6818,-6952,-31084
20324,-1344,9361,3706,-3220,-24620
2440,-1328,-1455,-2326,-136,-22444
-10434,-1344,-4053,5250,-3352,-21528
-11583,-1344,-7153,8378,-3908,-19748
-9639,-1344,-4825,4678,-4088,-17220
-10181,-1344,-1989,3790,-3852,-15032
-10663,-1344,-94,3826,-4008,-13744
-8682,-1344,-1990,2722,-3060,-13356
-6244,-1344,-1612,2486,-3160,-12636
-4823,-1360,-1293,2642,-3984,-12000
-2550,-1344,-1891,2002,-3388,-11752
-1721,-1376,-1470,1634,-3984,-11456
-626,-1344,339,1278,-3488,-11828
1041,-1344,1100,1994,-3172,-12504
1851,-1376,1083,714,-3176,-12580
1945,-1376,-2673,2030,-3336,-13148
2734,-1344,-3884,1698,-3392,-15020
2664,-1344,-1589,2422,-2432,-15760
998,-1344,-637,1582,-1092,-15816
-1339,-1376,-1438,1262,-344,-15092
-2704,-1344,-2642,1442,-292,-15012
-2357,-1408,-2008,1314,-968,-14732
-767,-1344,-231,1238,-1188,-14564
302,-1360,-28,522,-1512,-14204
3
-32730,-1360,-30833,22614,-15052,32767
-32559,-1376,-3068,17082,-3120,32767
-32559,-1360,-32599,12578,26504,19356
-32559,-1344,-32599,31817,24548,4716
-32559,-1344,-32599,29438,18564,27460
-21623,-1376,-32598,8726,26272,32767
10712,-1376,-32598,31817,32467,17264
-32559,-1376,-32598,31817,32468,-32768
-32559,-1344,-32599,31817,-20188,-22308
-26738,-1376,-32598,-30126,4852,-20236
6578,-1344,-12737,26398,-18112,-32768
1895,-1376,-24207,1598,-15292,-32768
4678,-1376,-6647,-4338,-12216,-17444
9996,-1376,2767,650,-8496,-23828
13278,-1344,5448,5026,-2884,-23856
7366,-1376,-8557,-1802,2528,-21904
-924,-1376,-12577,1218,-612,-21332
-7585,-1376,-11459,4966,-1744,-19784
-10703,-1376,-4440,3774,-916,-17228
-6504,-1360,-817,-450,-900,-14720
-4188,-1328,-1025,-3270,412,-14216
-3904,-1328,-760,-1678,-772,-14812
-3817,-1296,183,-890,-960,-14424
-4004,-1328,-694,-1598,-828,-13544
-3928,-1328,-1852,-1062,-844,-13408
-3498,-1328,-2571,-1038,-832,-13484
-2250,-1376,-1598,-2166,-184,-13412
-509,-1344,-691,-1230,-396,-13448
1198,-1344,-1763,-2098,-564,-12612
3582,-1344,-290,-486,-2188,-14064
3
-32559,-1360,-4411,31817,-14508,-32768
-32559,-1328,-26450,31817,-17064,-32768
21689,-1392,-2356,-7226,-27428,-32768
15968,-1360,10011,12178,-23276,-32768
5175,-1360,-19914,4986,-16048,-28876
3114,-1360,8509,-11734,-12136,-28340
3275,-1360,1049,-4426,-9128,-25464
4991,-1360,276,-2162,-4448,-22628
-1948,-1360,5227,-598,-888,-20068
-6179,-1360,3211,-198,-1084,-17796
-9144,-1360,-1158,526,-1520,-15048
-10558,-1360,-4779,1174,-2668,-13356
-9106,-1392,1115,526,-3540,-12352
-5493,-1360,2132,-1430,-2200,-12004
-2616,-1376,1635,-2638,-1324,-12328
-1226,-1344,3432,-1282,-1340,-12204
-1050,-1408,558,-1850,-628,-12200
-860,-1376,-2873,-2518,-148,-12712
506,-1344,-73,-826,-1812,-14096
1461,-1376,966,-1610,-1080,-13912
1284,-1344,75,-1362,-844,-13816
789,-1344,1829,-1382,-2216,-14148
802,-1344,2252,-1858,-2136,-13728
123,-1312,-1082,-2582,-2360,-13472
-631,-1376,-4089,-3002,-2912,-13972
10,-1344,-4570,-2402,-3016,-14832
1195,-1344,-3011,-2378,-2152,-15096
381,-1344,-2725,-2234,-1652,-15276
-710,-1376,-3321,-1978,-1548,-15716
-1308,-1344,-1446,-1454,-2252,-15488
-1472,-1344,-1427,-1586,-2596,-15220
-2214,-1344,-1481,-2274,-2724,-14340
3
23595,-1328,-24701,29654,-6816,32767
-32559,-1328,-7165,26974,-1180,32196
-32559,-1328,-2955,27542,10324,32767
-32559,-1360,15347,25834,18128,11640
-32559,-1328,-32599,31817,11344,12616
-32559,-1328,-32599,31817,10040,17304
-32559,-1360,20715,31817,-3868,10236
-32559,-1360,-18363,31817,-17140,-19100
-32559,-1328,-27401,31817,-24304,-30220
26146,-1360,-13692,12866,-20984,-32768
14107,-1360,-7553,10178,-17996,-30952
3717,-1360,-15095,-4206,-11488,-23040
546,-1360,-11754,-5814,-10288,-22828
892,-1344,-6024,-5218,-9780,-22036
5724,-1328,1355,-790,-7416,-19272
5372,-1344,567,-3678,-3812,-17428
-519,-1360,-2225,-3286,-3976,-16924
-2142,-1344,-3190,-506,-4344,-17264
-1467,-1360,-1455,254,-4712,-15904
-2941,-1344,-2501,-1226,-4356,-14232
-3329,-1328,-3471,-1670,-3704,-14080
-1298,-1312,-1796,-2038,-3720,-13864
783,-1360,-1251,-2618,-2932,-13968
857,-1344,19,-2838,-2836,-14060
474,-1344,222,-2410,-2684,-14384
70,-1312,-798,-2530,-2920,-14524
-106,-1344,-1504,-2082,-3008,-14548
79,-1344,-735,-2242,-3456,-14344
-191,-1344,-1003,-2026,-2704,-14248
-32,-1344,-1821,-2326,-2756,-14380
571,-1344,-1240,-1542,-2476,-14548
1409,-1376,-704,-1926,-2460,-14676
3
-32559,-1360,-32599,8966,25832,7076
-32559,-1360,-32599,10586,23572,-12840
-32559,-1328,-32599,30578,-4988,17992
1442,-1328,-16213,18826,22428,30820
-32559,-1360,-32598,31817,-23124,-7444
-32559,-1360,-32598,29626,-15000,-9392
-32559,-1328,-7334,20454,-21284,-20616
-32559,-1360,31104,29898,-19912,-32768
-32559,-1360,-8938,11086,-9224,-21584
18984,-1328,-29085,-7034,-6912,-32768
6359,-1360,-10044,6406,-13452,-32768
6779,-1344,-15071,-2846,-8660,-28124
1666,-1376,-6471,-5114,-6320,-26260
945,-1344,3227,-2850,-5336,-24316
-1162,-1344,3488,-4466,-2564,-22192
-4459,-1344,1674,-4198,-2428,-20556
-4212,-1344,2626,1262,-4428,-20820
-6117,-1344,2197,-1026,-3940,-18320
-11650,-1344,923,-762,-4068,-14948
-13411,-1344,-1963,-238,-4324,-13532
-11007,-1360,-2829,-1110,-4452,-12304
-7988,-1344,-415,-1206,-4136,-10760
-4746,-1360,1182,-14,-4376,-10536
-1335,-1360,706,-1158,-4208,-10312
972,-1392,2425,-754,-4744,-10548
1589,-1360,343,-2350,-3688,-10664
3189,-1360,1302,-4134,-4264,-13120
4147,-1360,6213,-3482,-4228,-13096
3482,-1344,4533,-4794,-4148,-13052
1108,-1360,-1920,-3154,-5112,-14164
2407,-1376,-1731,-1014,-6372,-15524
3290,-1344,519,-1578,-6432,-15252
3
-32559,-1344,2505,31817,-29196,-9196
-32559,-1328,-32598,27802,-29676,-22848
23074,-1328,-32598,15582,-24420,-32768
24520,-1392,-13371,9922,-16384,-31060
6925,-1328,-10175,-6754,-11744,-29212
-2958,-1360,-7554,-2074,-15208,-26028
897,-1392,1860,574,-15148,-22476
3537,-1328,1326,3026,-11996,-18824
-2861,-1360,-7385,3106,-9252,-17640
-3900,-1328,-7162,4418,-9268,-17200
-4613,-1360,-4814,5110,-7464,-15968
-7809,-1360,-5982,4654,-5948,-13812
-8357,-1376,-13228,3310,-5760,-12448
-5484,-1344,-8472,1370,-6420,-12772
1654,-1344,-8288,-118,-4408,-13000
3862,-1376,-1411,-2262,-4044,-13632
-100,-1344,2173,-1670,-2848,-13440
-4402,-1376,-1363,-518,-2752,-13632
-4481,-1344,-4961,374,-2888,-13300
-2737,-1376,-852,818,-4124,-12984
-1132,-1344,-2553,346,-3180,-12756
969,-1376,-2825,786,-4476,-13108
3218,-1344,-1395,978,-2992,-13424
4083,-1344,-1434,-690,-3076,-13892
3330,-1328,-458,-370,-3432,-13796
2443,-1360,-1109,-1006,-2632,-13852
1519,-1392,-565,962,-3992,-14492
2176,-1328,-863,2126,-4728,-15476
1196,-1328,-960,1890,-4656,-15284
-660,-1360,-2153,1182,-4224,-14980
-1129,-1360,-1865,1210,-4016,-15108
-461,-1360,-205,1010,-4120,-15180
3
-32559,-1376,21331,24914,-836,26500
-32559,-1328,24906,15378,25464,32767
-32559,-1344,8651,-2478,21744,32767
-32559,-1360,4536,25178,18984,32767
-32559,-1312,21213,31817,12448,32767
-32559,-1328,1445,24570,-888,32767
-32559,-1344,-22708,31817,888,3192
-32559,-1344,-32599,31817,10244,-32768
-32559,-1344,-3908,31817,-13260,22440
-32558,-1376,-32598,-3414,-4884,-32768
-32558,-1344,-32598,22714,-2968,-32768
13160,-1376,-32599,-2810,-23296,-32768
18950,-1344,13455,-3738,-13816,-12384
13925,-1376,28803,-5902,-10712,-14416
13709,-1344,5376,4610,-5068,-18324
12168,-1376,-5397,-1210,-412,-19212
5735,-1312,-12031,-1730,-2828,-18572
-5934,-1344,-8968,1414,-3448,-17668
-6701,-1344,-2228,5114,-2804,-17136
-3589,-1328,642,-130,-2452,-14828
-2208,-1360,-1355,-2558,-2020,-14320
-1353,-1360,-4281,-1970,-1652,-15076
648,-1328,-2247,418,-1556,-14924
3100,-1360,-419,-654,-1196,-14832
1613,-1360,-1663,178,-3760,-15952
45,-1360,-7289,1654,-1468,-14972
-2443,-1360,-10323,1722,-2000,-17288
-5548,-1344,-6173,1842,-1436,-16456
-3500,-1376,-1612,-350,-804,-14864
-3308,-1344,1402,-1126,64,-14044
-3793,-1344,1595,-1706,472,-14360
-2234,-1376,-128,-1590,1368,-14248
3
-21113,-1344,-4737,12234,-20320,-25280
-13601,-1376,-11939,-9338,-16428,-25408
1153,-1344,-7879,-642,-15040,-19172
10786,-1344,4515,-7010,-8352,-18116
8751,-1344,1700,-4678,-5012,-17464
291,-1376,3814,-3810,-2696,-17556
-2611,-1344,-621,-3378,-2352,-16668
-1978,-1344,-1793,-2794,-2332,-16952
-3185,-1392,-2383,-3874,-2432,-16568
-3564,-1328,-1839,-4426,-2788,-15372
-2686,-1360,2090,-4146,-2600,-15132
-1748,-1360,1554,-4050,-1592,-14544
-2601,-1328,-176,-3918,-1884,-14120
-3251,-1328,-839,-3670,-2596,-13656
-2921,-1344,-874,-3718,-2724,-13204
-1983,-1360,-628,-3514,-2912,-12776
-559,-1376,-538,-3118,-3028,-12844
680,-1360,-611,-3082,-2908,-13272
999,-1376,428,-2930,-3196,-13240
1459,-1328,117,-2506,-3408,-13972
1840,-1344,606,-2498,-3252,-13960
1627,-1360,-688,-2922,-2836,-14016
1400,-1344,-1303,-3350,-2988,-14168
1073,-1360,-798,-3882,-2872,-14264
466,-1344,-1076,-3638,-2408,-14132
611,-1360,-1740,-3370,-2780,-14856
907,-1360,-463,-3010,-2856,-15108
156,-1360,-932,-3414,-2528,-14576
-542,-1360,-1948,-3062,-2588,-14908
-192,-1360,-866,-2390,-3180,-15084
-824,-1328,-971,-3302,-2524,-14124
-1487,-1360,-2089,-3662,-2520,-13924
3
2768,-1360,-32598,31817,-15348,-19124
10627,-1328,-32598,22702,-11060,-32768
14860,-1392,15480,13426,-14276,-24496
14,-1360,-1312,874,-12032,-19044
-5475,-1360,-11343,-3162,-5716,-21764
-1214,-1360,-3603,230,-5716,-21004
2174,-1360,2375,-2574,-6508,-20020
-2178,-1328,-8791,-826,-6944,-19708
-5469,-1360,-6588,42,-5204,-17720
-2506,-1360,-2327,1118,-4488,-17340
-437,-1360,-7991,514,-2880,-17236
-3180,-1328,-7346,-1342,-2012,-14640
-4541,-1360,-8263,-926,-1372,-14624
-4843,-1376,-6297,-1398,-1344,-15360
-4319,-1344,-2045,-1030,-1544,-14860
-3642,-1344,2316,-670,-1332,-13376
-2823,-1344,2034,-914,-2172,-13300
-1238,-1312,875,-338,-2324,-14300
25,-1376,-240,-666,-2368,-14360
1035,-1344,-862,-670,-2556,-13876
2343,-1344,-1055,-770,-1540,-14464
3247,-1344,-1723,-1258,-1024,-14716
2316,-1344,-2854,-1070,-1588,-14284
1256,-1344,-2335,-354,-1580,-15100
407,-1344,-777,-1098,-1620,-15268
-605,-1344,143,-1034,-1616,-15272
-524,-1376,14,-698,-1836,-14992
40,-1344,-517,-858,-1816,-14952
-806,-1344,76,-966,-1924,-14760
-1279,-1344,-502,-654,-1672,-14712
-436,-1344,-852,-366,-1844,-15116
127,-1360,-736,-362,-1628,-14508
3
-32559,-1360,-11545,31817,13736,32767
-32559,-1360,-24768,31817,6216,23264
-32559,-1360,-32599,31817,7696,-15688
-32559,-1328,-32599,31817,-29032,-19492
8450,-1360,-32598,31817,4092,-32768
-1430,-1360,8341,31817,32468,-32768
-12089,-1328,-5336,-2086,-17472,-25332
-19426,-1344,-30038,7678,-17468,-23512
-8802,-1376,2481,6022,-13680,-26164
14704,-1360,24936,3894,-5140,-23224
17282,-1312,198,3810,412,-18744
-9363,-1376,-5295,-3146,364,-22068
-12899,-1344,-6903,9754,-4360,-21024
-11893,-1408,-3652,4782,-1860,-16364
-13437,-1376,-2503,3486,-1640,-13540
-13805,-1344,-3489,2374,-2420,-12984
-10416,-1344,1306,918,-2808,-12356
-6084,-1376,2949,2086,-2144,-9984
-3577,-1344,-2923,2010,-436,-9316
562,-1376,-1482,950,-2852,-11236
4225,-1344,-366,1670,-712,-11900
2807,-1344,-1357,-1418,-460,-13140
-176,-1344,1256,-258,-1528,-14580
1457,-1376,3319,1278,-880,-15700
1249,-1360,3189,-790,-816,-15020
-597,-1360,-1518,-1354,-404,-15328
1338,-1360,241,-470,-1060,-14804
84,-1360,-1288,258,-1064,-15140
-6,-1360,-1065,454,-1568,-15156
-701,-1360,-2341,-418,-1700,-13664
3
-32559,-1360,25591,25794,3336,32767
-32559,-1344,-10743,24066,8728,32767
-32559,-1376,-32598,24358,448,32767
-32559,-1376,-25965,31817,3112,31584
-32559,-1376,-32598,31817,4400,24992
-32559,-1344,-18934,31817,26532,-15792
-32559,-1360,-32599,31817,-9120,-32768
-32559,-1376,23727,21922,5868,-13112
13310,-1344,7518,23506,-22292,-32768
-13586,-1344,1174,6030,-14692,-32768
2628,-1344,-32598,8202,-11100,-27004
-4776,-1344,-2753,-10410,-7748,-32348
7787,-1376,9183,-2870,-5876,-20856
7625,-1344,2859,-6806,-3964,-19464
4281,-1376,2808,702,-2356,-19604
5352,-1344,-499,702,-1472,-18724
-113,-1376,-6242,622,-2244,-16192
-8540,-1344,-5197,2718,-3380,-15416
-8598,-1344,-3279,1862,-3236,-14720
-6317,-1376,-5232,406,-3184,-12008
-3783,-1344,-12259,-34,-2060,-12680
1631,-1360,-11582,-2110,-3024,-15036
4728,-1360,1276,-1006,-3088,-11744
6072,-1328,-964,-1250,-1124,-14468
3753,-1360,-1241,778,-1700,-14648
-978,-1360,-1530,1850,-204,-14656
-2614,-1360,-3292,942,-52,-15084
-2028,-1296,-4072,234,-264,-14636
-2040,-1360,-6295,-878,604,-14892
-3745,-1344,-5837,-1118,-60,-14304
3
29235,-1376,-12591,20438,4144,32767
-32559,-1376,-2569,19982,-1968,32767
-32559,-1376,-16856,18758,11628,32767
-32559,-1376,-16647,478,10888,32767
-32559,-1344,-7521,31817,19816,23816
-32559,-1392,-32599,31817,9516,19792
-32559,-1328,-6680,31817,4528,32767
-32559,-1360,-32598,31817,4404,14308
-32559,-1392,-32599,31817,-3248,-32768
-32559,-1392,18196,31817,18488,-24660
21363,-1344,-32598,782,-4964,-32768
-3494,-1360,15547,31817,-16516,-32768
1058,-1344,-11717,11026,-18144,-30332
-7006,-1376,-7450,1026,-11820,-30764
-9004,-1344,197,5426,-8112,-26568
-4962,-1376,-4656,5382,-2168,-20844
-8670,-1344,-164,1402,920,-20012
-7687,-1376,-5411,6322,-1280,-15900
-4593,-1328,-7515,8606,-1536,-15636
-7332,-1328,-1820,6586,-2296,-12500
-8632,-1360,-1460,5718,-1188,-10616
-4971,-1328,-3343,7690,-36,-12968
1359,-1392,4232,2322,-1628,-12668
-357,-1344,3992,-1666,-88,-10768
-5992,-1360,-4356,-782,-948,-12968
-5127,-1376,-3032,1146,-2820,-14400
-1011,-1376,-1842,1474,-2036,-14104
1030,-1344,-1760,830,-1304,-13788
-803,-1344,-2528,1254,-804,-13976
-232,-1376,-1811,3246,-1688,-15080
4788,-1344,-1512,4386,-2220,-16332
4940,-1376,954,722,-896,-13816
3
-32559,-1344,-32598,31817,780,22452
-32559,-1376,-29988,31817,-9060,1612
-32559,-1360,-32599,31817,-13180,-32768
-32559,-1360,-32598,31817,-24320,-32768
4324,-1392,-32598,-14002,32468,-32768
-32558,-1360,26743,31817,32468,-32256
6715,-1392,3276,4866,-5824,-23724
22242,-1408,-25767,4070,-13860,-22212
-10275,-1344,15414,-6738,-11720,-17908
-15967,-1376,-7222,2118,-6156,-15704
-3704,-1376,-1533,3858,-5684,-15916
5443,-1376,-4724,5958,-4520,-15540
-40,-1360,-3011,3738,-4036,-14984
-7712,-1392,-6699,4630,-4028,-13988
-8158,-1360,-2947,4278,-3768,-12256
-3097,-1360,-979,3198,-2872,-12880
428,-1360,-1311,1850,-2884,-12312
1104,-1360,1948,1934,-3264,-12544
926,-1344,413,1078,-2148,-12768
801,-1344,-3348,1062,-2660,-13604
2063,-1344,-7561,1742,-3576,-14940
3910,-1376,-666,3382,-5012,-13716
2605,-1376,-312,1038,-1432,-14152
-1622,-1376,-513,2214,-3012,-14940
-2006,-1376,-523,3002,-3176,-14576
-1198,-1424,-1505,2170,-2596,-14780
-624,-1392,-1404,2446,-2948,-14544
-1246,-1360,-224,1986,-2772,-13840
-2101,-1392,-572,1606,-2412,-13984
-1177,-1392,-592,2938,-2632,-14936
56,-1376,-722,1950,-2548,-14376
-919,-1360,-461,1286,-2528,-14080
3
454,-1360,-32599,31817,8244,32767
-32559,-1360,-32598,31817,32467,21512
-32559,-1360,-32598,31817,-30460,32568
-32559,-1360,-17918,31817,-3260,-8976
-32559,-1376,-32599,31817,5284,-32768
-32559,-1408,-32598,22210,10736,-10276
-26010,-1376,-18788,20242,4516,-32768
-15446,-1376,3664,31458,-27224,-32768
3349,-1376,7860,-3570,-13880,-29588
-4333,-1408,3981,-706,-10260,-23616
-3851,-1376,3366,1090,-6300,-22208
427,-1376,1169,2002,-1604,-19980
801,-1376,-6206,2270,-1040,-17592
-6546,-1376,-7040,4790,-4472,-16500
-9018,-1392,-5669,7870,-3684,-14968
-7214,-1392,-4468,5274,-3084,-13676
-7044,-1392,-5627,3598,-3768,-11016
-8118,-1392,-1388,2422,-3632,-10444
-4364,-1360,-1299,2526,-1756,-13360
1362,-1392,81,1874,-3240,-11068
2920,-1360,-2795,654,-1164,-13232
3183,-1392,2103,1706,-3464,-14476
1397,-1392,2292,2442,-524,-13944
-2662,-1360,-1646,1278,-804,-15420
-2057,-1360,3155,3222,-2012,-15820
776,-1360,4939,1434,-1484,-14972
982,-1392,3818,1338,-2120,-14600
1223,-1360,2688,1834,-1892,-14452
-181,-1376,1361,1314,-1976,-14320
-1171,-1376,-933,1734,-2244,-14876
140,-1408,1476,2738,-2392,-14480
1082,-1344,1940,2054,-2480,-14200
3
-32559,-1392,9402,20378,1636,5104
-32559,-1360,30012,31817,-3060,31000
-32559,-1392,-472,31817,-8752,19904
-32559,-1376,-5600,31817,-15548,11728
-32559,-1392,-24100,31817,-6432,-5268
-32559,-1376,-32599,31817,5572,-32768
-32559,-1376,-32598,31817,23340,-32768
21571,-1376,-9222,-10654,-15276,-32768
-32558,-1376,-32599,31817,32468,-22016
-8586,-1376,-10480,-13566,-11344,-26952
16876,-1376,-5898,10110,-15268,-22804
1333,-1408,3696,-3814,-7020,-20668
-9172,-1376,-5871,1306,16,-17904
-11708,-1376,-9713,3458,-560,-18132
-8426,-1376,-9607,6682,-3956,-16804
-10663,-1408,561,7638,-3472,-15188
-9321,-1376,1694,4906,-3316,-12400
-5529,-1376,1726,2770,-1644,-11516
-3242,-1376,75,2282,-1648,-11216
-2884,-1392,-2298,1210,-2512,-13732
-2368,-1392,90,466,-2488,-12044
-2336,-1392,-2822,-574,-2516,-13532
-1165,-1392,-2553,-594,-3208,-13348
-1012,-1392,-2369,-2206,-2736,-12568
-678,-1392,-1630,-1546,-2940,-12440
2246,-1392,-1910,942,-3164,-14344
4575,-1360,-159,1470,-2532,-14040
2247,-1360,-2030,818,-2316,-15576
-695,-1344,-1503,1694,-2820,-15848
-1128,-1408,-2023,970,-2608,-15336
-2336,-1344,-1485,570,-2176,-15064
-2024,-1376,-1770,558,-2044,-14852
3
-32559,-1392,-32598,31817,22160,18752
-32559,-1376,-32598,31817,-9532,21340
-32559,-1376,-20225,31817,-5952,20468
-32559,-1376,8679,31817,2144,-18884
-32559,-1376,-32599,31817,-18540,-25928
-32559,-1392,-32598,31817,9088,-32768
-32559,-1392,25753,31817,-20776,-32768
-28070,-1360,5753,-16210,-8136,-32768
-24410,-1392,-32598,14430,-15568,-24660
-26039,-1360,-2875,5218,-16620,-19556
-7099,-1392,13769,-1894,-7720,-18696
10481,-1376,6421,-1134,-6180,-16668
22925,-1408,-3845,3670,-4528,-19972
13376,-1376,1064,7174,-3516,-19520
-2133,-1344,1830,1618,-1848,-14720
-11915,-1376,-10940,5518,-3556,-13616
-15154,-1376,-7425,6226,-4552,-13968
-11370,-1376,-1010,5466,-4428,-13852
-4506,-1376,4923,2842,-3000,-12772
-348,-1408,-174,1886,-1988,-12224
-2449,-1392,-3069,1514,-2852,-13176
-3068,-1392,-804,2710,-3256,-12448
-588,-1360,-231,2994,-3424,-13856
626,-1344,989,1414,-3424,-13436
-919,-1376,-1035,590,-2792,-12880
-1742,-1408,-2553,270,-2808,-13192
2080,-1376,217,2698,-3376,-14256
3535,-1376,-787,534,-2140,-14476
3462,-1376,846,3786,-4036,-15772
1787,-1360,923,1942,-3280,-15076
-1395,-1392,-1656,2042,-3016,-14432
-2661,-1392,-2747,2322,-3468,-14032
3
-32559,-1376,-22906,31817,-10824,14296
-32559,-1408,-32599,31817,32468,-32768
-32559,-1376,10746,31817,9740,-32768
18525,-1376,-32598,-7814,-3244,-32768
-2936,-1408,-32599,27110,-4096,-16768
10292,-1360,-21855,2378,-4592,-25884
6896,-1360,-6934,-10618,-7020,-31456
4421,-1392,3732,4666,-6460,-28444
8363,-1392,-5699,3474,-3284,-26796
-5745,-1360,-5514,2030,308,-23296
-8579,-1408,-4642,2162,-3040,-19020
-9631,-1408,-4909,6250,-4436,-16848
-11655,-1408,-8179,5422,-3676,-14104
-10028,-1376,-3340,5238,-4416,-11752
-4039,-1408,1751,2602,-2864,-12356
767,-1376,2520,1518,-768,-11132
-1938,-1376,-2414,102,-432,-12744
-6166,-1408,-3035,634,-2652,-13600
-4351,-1360,-915,1542,-3040,-14204
-1291,-1392,-1169,430,-1832,-14120
332,-1360,-1469,466,-2828,-14644
3893,-1392,-528,1182,-2244,-14528
7083,-1392,-785,894,-1016,-15484
7642,-1392,2944,1378,-1624,-13376
313,-1392,-947,-374,532,-13584
-5505,-1360,-5042,2450,-1972,-16076
-1746,-1376,-2333,3266,-2800,-16396
-354,-1408,539,1526,-1952,-14764
-2849,-1408,-747,946,-1288,-14360
-2267,-1408,-1286,2390,-2676,-15280
383,-1376,993,2498,-2448,-15244
27,-1376,2148,726,-1952,-14100
3
-32559,-1360,-15956,25498,1976,28576
-32559,-1392,-31952,31817,-22072,32767
-32559,-1360,-787,31817,-16992,29692
-32559,-1392,3095,31817,-10136,27004
-32559,-1392,-32599,31817,6204,-20352
-32559,-1392,-32599,31817,32468,-32768
22737,-1392,-32598,-4346,13268,100
-5789,-1424,-32598,31817,-1248,-32768
-10333,-1376,7616,31817,-20084,-32768
-919,-1360,4858,7938,-17028,-27852
566,-1376,-6337,12418,-12360,-23508
6061,-1392,12742,7438,-7436,-24796
3594,-1376,1196,9690,-3724,-20892
-6685,-1376,-4713,5558,-4352,-22460
-9480,-1408,-2577,9530,-5464,-20024
-12921,-1344,-3227,8010,-5672,-16756
-14791,-1344,-4041,7354,-4544,-14520
-13829,-1408,-2408,4234,-5404,-12636
-10103,-1376,-422,2930,-3556,-12880
-4551,-1360,698,3162,-2668,-12752
-3868,-1424,1800,3606,-2252,-11364
-7329,-1424,-3357,-702,372,-8900
-7845,-1392,-9125,-902,-2416,-12748
-1987,-1392,226,5634,-3992,-13276
3561,-1360,539,1986,-1624,-13132
2322,-1376,1985,3246,-1896,-14068
-816,-1376,3554,4050,-1752,-14976
-608,-1408,3751,3598,-616,-14932
-2018,-1376,-669,1854,-360,-14776
-3585,-1376,-3215,2298,-2952,-15468
-1622,-1408,-5568,2450,-716,-14264
3233,-1408,-5379,294,364,-14224
3
-32559,-1344,-24499,26902,-1460,13480
-32559,-1328,-28419,27574,-600,-2424
-32559,-1296,-32599,31817,-4688,-32768
-32559,-1328,11507,31817,2212,-28328
4874,-1328,-32598,-8866,-8668,-32768
-27301,-1360,-16370,28182,-6500,-32768
-13281,-1328,-6747,6734,-10816,-28788
-434,-1328,8978,-850,-12548,-19340
2896,-1328,5922,-2738,-10064,-19376
4446,-1360,3984,114,-6056,-18508
5536,-1360,5705,-1158,-2944,-16144
207,-1328,-1586,626,-3412,-16248
-2907,-1360,-4270,2958,-3192,-17240
-3176,-1392,-942,3078,-2964,-15684
-4058,-1328,-102,1374,-1540,-14052
-5229,-1328,-1230,346,-2224,-13748
-2918,-1360,-993,-270,-1720,-14108
776,-1360,457,-1022,-1228,-13336
-501,-1328,-571,-2626,-184,-12904
-1296,-1360,-1800,-1694,-700,-14000
1254,-1344,-2549,-738,-716,-14828
2864,-1360,-2279,-798,-352,-14688
889,-1344,-1977,-910,-640,-15088
-104,-1360,-1175,578,-880,-15240
1131,-1344,-1249,442,-340,-15240
831,-1328,-1199,-510,-344,-14672
-677,-1344,-1244,-938,-856,-14184
-33,-1344,-2493,230,-820,-14656
1546,-1376,-2674,394,-876,-14548
688,-1312,-959,402,-860,-14412
-497,-1344,-654,190,-664,-14792
-183,-1344,-1464,-94,-180,-14784
3
-32559,-1344,-14790,31817,-420,25964
-32559,-1344,3206,31817,-7048,-32768
-32559,-1344,-32599,31817,-29620,-32768
-32559,-1344,2431,31817,-19544,-30124
14005,-1344,-22868,11290,-19688,-32768
-11866,-1344,-10282,21970,-19112,-32768
-12450,-1328,-17565,-1450,-15588,-22688
-5356,-1392,-11956,-986,-17064,-20900
6282,-1360,3432,-1818,-11476,-21644
18892,-1328,1961,1150,-7108,-21128
13079,-1328,-4879,174,-3684,-19508
-1381,-1360,-5993,-3238,-4128,-20924
-2305,-1328,-8584,3178,-4580,-20664
-2605,-1344,-7261,1694,-4076,-18164
-6580,-1360,-2302,-922,-3688,-15012
-8453,-1344,-3696,-246,-3044,-14340
-7350,-1344,-6275,-790,-2476,-12924
-7401,-1344,-13135,-3678,-516,-9776
-6239,-1344,-19518,-3126,1652,-12192
231,-1408,-9559,2506,324,-16112
6029,-1344,-807,2502,2116,-16500
4852,-1344,-688,1570,1572,-16800
-4593,-1344,-1758,1778,664,-14996
-8277,-1344,-956,1902,372,-14884
-5804,-1344,1040,674,-348,-13788
-2730,-1344,1158,30,-236,-13932
-802,-1376,1058,-246,-892,-13408
-740,-1344,2066,-970,-432,-13188
-871,-1344,-1039,-646,-368,-13548
362,-1344,-10699,450,396,-14556
3581,-1376,-18868,-1170,3132,-11200
6848,-1376,-10702,-3830,632,-11612
3
