-26868,-1760,144,20426,-8284,4620
-19774,-1760,-11791,15326,1636,3188
-6733,-1728,-15036,10446,-4124,13052
-3835,-1728,-1207,3214,-4576,17368
-1130,-1760,2739,2082,-4128,15148
5309,-1760,-1685,-2746,-3380,14260
5251,-1760,-973,-7106,-1408,16992
995,-1760,-2427,-8074,300,17068
1710,-1712,-6320,-5706,1056,16040
6082,-1744,-7366,-3326,-888,15552
6711,-1744,-6812,-4558,-1388,17792
3975,-1744,-7232,-5710,-772,16320
1535,-1776,-5912,-1866,-3756,11508
5233,-1776,-1937,3018,-6448,6968
9767,-1744,2460,3830,-4200,5476
9812,-1744,6179,4258,-3700,5860
6549,-1744,8934,3274,-2260,4628
7641,-1760,11785,8414,3636,3836
14182,-1792,11132,11498,10964,5844
15864,-1760,11612,9718,22068,12080
8507,-1792,12611,3966,27904,14912
-1664,-1728,1174,8394,27104,12096
-7437,-1760,-6111,11590,19732,7292
-5600,-1760,3769,14750,10996,2780
-1576,-1744,13153,18282,12012,2752
-8372,-1728,7237,25086,17056,4832
-18963,-1744,11896,29702,14032,2616
-21085,-1744,17050,31817,19140,6720
-31480,-1776,-2930,28002,32467,15596
-21950,-1744,-7709,23286,6264,-3512
-2541,-1776,11165,22574,1976,1384
5609,-1728,19810,19246,8088,6764
1
21937,-1776,-2053,3542,32467,5600
-12961,-1760,-8167,-11490,32467,-14232
-23772,-1776,-29116,31817,32467,-19604
-18348,-1760,-32144,31817,32467,-11596
-18218,-1776,-28601,31817,32467,-9396
-22913,-1776,-32598,31817,32467,-25176
-28909,-1744,-19484,31817,10504,-32360
-27881,-1744,-25454,31817,32468,-28744
-32558,-1776,-29590,14558,-15572,-7700
-23408,-1760,-7726,21442,3324,1372
-7615,-1728,-1216,9278,5484,12568
-19,-1760,-10436,10346,-8448,10272
6875,-1728,-1839,7010,-17364,7732
10941,-1776,9051,2510,-12000,9176
7164,-1792,9087,-314,-5344,10368
5202,-1744,2265,1770,-108,7260
4710,-1776,4637,-4106,-192,11308
2950,-1776,6294,-4642,896,14028
814,-1776,3185,-1022,444,14828
2164,-1744,2705,66,1632,13316
4024,-1712,7484,-1074,2172,12308
4558,-1760,8651,134,5784,11444
10017,-1760,7001,-1162,13892,12840
6772,-1760,5699,-5638,19368,15560
1011,-1760,1788,-2850,13876,13320
-6797,-1760,-1964,-1030,12232,13712
-11531,-1728,2361,274,13916,11600
-6729,-1760,2834,2618,12488,7372
-9097,-1760,11192,2878,9764,13904
-13325,-1760,29473,7154,22884,13716
-8506,-1760,6682,5090,25320,9216
-8631,-1728,-5009,6622,13484,9016
1
30334,-1760,-32599,23898,29420,-5860
-32559,-1760,-32646,3446,32467,3448
-20156,-1760,-19593,-21006,32467,-25136
-32558,-1760,-32598,31817,32467,-20108
-31464,-1760,-23618,31817,32467,-17340
-30853,-1808,-21664,31817,32467,-26968
-32558,-1776,-16166,31817,32467,-32768
-32558,-1776,-12868,31817,-18772,-32768
-32558,-1776,-28693,31817,32468,-12844
-27291,-1776,2249,31817,-19144,-2788
-14486,-1776,-8205,22454,-2940,9992
-5147,-1776,-10275,9050,2036,16804
4369,-1776,-7309,7034,-9396,11076
5647,-1776,7744,1414,-7080,9660
3778,-1776,652,-3354,1564,7588
970,-1744,-2455,-9286,-812,6476
3165,-1744,-732,-3282,-3712,10560
-4228,-1776,3450,-5662,-3468,15680
-6518,-1776,4430,-3082,-2084,14360
-242,-1776,8605,-570,676,12032
7482,-1760,10010,-2058,8564,15280
6568,-1760,2823,-3746,11296,17212
2473,-1760,-7,-7414,9396,16132
640,-1760,7386,-4206,13932,14676
6143,-1760,4426,-2042,13988,13036
9582,-1760,-595,-5238,13580,13204
5084,-1760,65,-6234,17468,16012
182,-1760,-6653,-2822,14136,13140
-2131,-1792,-1770,-638,14932,13904
-562,-1760,-92,2110,8720,9508
1
26813,-1776,-32599,21094,32467,-8812
-13601,-1760,655,-9378,32467,-4872
-32558,-1760,-14334,3110,32467,-32768
-32558,-1760,-19933,31817,32467,-23176
-32558,-1744,-18867,31817,32467,-30588
-32558,-1792,-24014,31817,32467,-32768
-32558,-1776,-8345,31817,32467,-32768
-32558,-1776,-994,31817,-14484,-32768
-32558,-1776,-21494,31817,32468,-744
-32558,-1776,11030,31817,-21712,7032
-17922,-1744,492,26318,5008,10368
-8633,-1792,6577,12210,6628,13416
-4020,-1792,6858,8750,-1368,14724
4757,-1792,-10540,5286,-5972,13552
11150,-1792,-7083,-106,-8080,16172
9740,-1760,3037,-3618,-3788,18956
5072,-1760,-2731,-4182,6628,15412
5530,-1760,-18339,-2094,6764,14068
7559,-1792,-19583,-1730,1048,13012
7892,-1776,-10295,-1510,-976,12408
11061,-1776,-8268,-1794,3924,9656
12738,-1776,-21104,-2774,6924,10704
9184,-1776,-22692,-5482,2320,12188
3805,-1776,-18839,-6830,4112,12504
-2504,-1776,-24492,-5274,9372,13268
-15823,-1808,-26601,-10510,4388,15344
-19466,-1744,-14477,-3586,-3404,7560
-8843,-1776,2142,5518,2608,7536
-9101,-1744,5929,5282,10644,16048
-21532,-1776,5976,1734,7772,15200
-14911,-1744,11282,7578,3508,8472
-14456,-1744,11812,14426,16712,17424
1
-32558,-1776,1889,31817,32467,-29856
-32558,-1776,-20965,31817,32467,-28680
-32558,-1776,-6739,31817,3340,-8184
-31572,-1776,9667,31817,-16668,-5820
-23908,-1776,2612,24978,1624,-1532
-19794,-1776,-2929,18606,13656,4624
-8918,-1776,-6514,13226,8388,10856
-5106,-1776,-9438,3406,-3764,15116
-110,-1744,1936,-4094,-8716,15704
4961,-1744,7304,-3758,-7204,14620
5917,-1760,22,-8518,-2068,18784
-877,-1792,-5679,-11510,-4520,18492
-1310,-1792,-846,-6410,-5748,14944
3358,-1760,-1157,-5730,-4360,14576
4853,-1792,-2580,-5522,-2664,16128
-300,-1792,-4463,-3122,-268,14548
-603,-1760,-4682,542,-1724,10424
1586,-1792,-2315,350,-1296,9756
4592,-1792,-1617,1678,-380,7656
6102,-1792,-863,3598,2472,6392
4467,-1760,3511,2246,4416,6968
4337,-1760,4500,2814,8216,5588
1785,-1792,-5762,7678,16868,5604
-5302,-1760,-1909,10822,12668,4632
-3136,-1760,13731,12866,10796,2376
-1828,-1760,12296,17830,19464,4532
-17644,-1792,14102,25954,28196,12700
-16716,-1776,22414,26770,18876,2500
4476,-1760,24759,28314,13168,-4228
12243,-1776,26703,28362,20996,1700
6793,-1776,21466,27622,19912,4896
-2668,-1776,15088,27010,20000,5880
1
-7231,-1792,1973,4118,32467,-8056
-30873,-1760,-8408,4778,32467,-32768
-32558,-1792,-10151,13302,32467,-32768
-32558,-1760,-3136,31817,32467,-32768
-32558,-1760,-17520,31817,32467,-32768
-32558,-1760,-25321,31817,32467,-32768
-32558,-1792,-29178,31817,32467,-22500
-23950,-1792,-9855,31817,-23172,-16116
-17472,-1792,5457,31817,32468,6816
-12054,-1760,-6114,31817,-6820,9028
7659,-1760,-5489,-7782,3660,16556
4152,-1744,-12406,-16762,-1804,13800
3263,-1760,-6432,-17046,-4124,13076
2742,-1776,-3779,-8266,-3708,10740
2779,-1792,-2938,-6578,-3720,9816
806,-1776,-857,-3954,-928,8960
-1027,-1728,-1431,-4154,1604,10336
-2917,-1776,-2254,-3342,-564,9296
-1354,-1776,3426,-458,-3068,7032
608,-1776,8041,922,1748,7340
-1172,-1776,7989,942,5484,8096
-5008,-1776,5819,4326,4936,6268
-7951,-1744,3703,8466,7792,6236
-14992,-1744,8420,13062,11528,8072
-9411,-1776,10476,20866,11644,1736
-6157,-1776,13855,20738,19232,9824
-20755,-1808,14196,29598,20856,10700
-9971,-1792,6949,31282,26152,2672
-2945,-1760,20701,31758,18136,3600
-13571,-1792,23722,31817,28524,10920
1
-5456,-1776,8956,1938,32467,15108
-25505,-1760,-29421,-4426,32467,-12004
-23192,-1776,-17350,22186,32467,-7688
-16588,-1776,-13342,31817,32467,-8772
-20926,-1808,-8072,31817,32467,-16140
-32558,-1776,-17708,31817,32467,-18828
-32558,-1776,-27221,31817,8572,-29392
-20764,-1776,160,29894,4336,-4556
-13062,-1808,-656,15502,-2196,11048
-8126,-1776,699,12590,-16820,24424
4592,-1776,11700,614,-1584,24504
6941,-1776,-8239,-9466,-76,18496
5862,-1744,-4716,-15302,-3580,14508
2899,-1776,4147,-12598,-844,13964
1704,-1776,-70,-9354,552,15552
3837,-1776,-7166,-4762,-1752,14776
3467,-1760,-5229,-3722,-5452,15032
-592,-1776,316,-2866,-4592,12320
-329,-1792,421,-290,-2860,9088
3606,-1792,-1561,1134,-1872,5868
6161,-1760,1237,1198,-1836,6200
2126,-1792,7894,2470,-676,5872
2977,-1760,10826,5606,3664,3464
3742,-1792,8573,7170,5464,2684
2650,-1792,13613,9326,6420,3492
561,-1760,9503,14746,15104,4436
-6048,-1760,9416,17878,16588,5332
-6060,-1760,21098,22550,14580,1948
-1083,-1792,11223,26550,23064,3340
-13687,-1792,7356,31817,27924,9652
1
-32558,-1760,5602,31817,3672,-21016
-30114,-1808,10595,31817,1028,-1300
-21785,-1776,-12010,31817,-12612,800
-334,-1776,5137,31817,-12196,7884
3658,-1808,3974,17594,1880,17136
4711,-1808,-4657,1106,1860,12968
10429,-1744,2036,-6570,-6396,15048
11412,-1776,13082,-12842,2460,18812
6920,-1776,-5712,-19170,8912,16604
6837,-1776,-11662,-8774,-1100,12444
10781,-1744,-6862,-3590,-3644,11668
12547,-1776,1924,-2478,-1044,12908
9788,-1776,579,-2946,1912,12060
11052,-1760,-14204,-2950,8388,10536
10147,-1792,-11465,-2778,2120,9940
7386,-1760,6226,-2394,2372,11380
1558,-1760,6135,-1830,15532,13460
-4802,-1792,-15192,-1282,16380,11048
-5177,-1824,-6738,846,4148,6616
-1663,-1792,14657,3690,7364,8352
-5215,-1792,12885,4306,17604,10856
-8023,-1760,2233,6474,10624,6240
-7322,-1792,11214,10802,14184,8480
-11480,-1792,15008,13186,20728,10700
-13819,-1792,5923,12210,11968,4868
-14170,-1776,18739,17314,14204,6904
-14175,-1776,28335,21234,20720,6176
-11467,-1808,12776,20530,16204,3472
-10394,-1776,13450,19382,11248,2160
-8106,-1776,22928,20118,11052,2756
-6717,-1776,19733,21278,13332,4764
-8414,-1776,11145,21830,15280,5608
1
23184,-1808,-32598,22310,32467,14392
-8748,-1808,-16437,-6562,32467,14260
-13175,-1776,-12629,4162,32467,10984
-9095,-1776,-32578,15414,32467,7404
-8902,-1808,-15054,31817,32467,7860
-9671,-1776,-28201,31817,32467,-4748
-8105,-1776,-18333,31817,32467,-21640
-19792,-1776,-26784,31817,32467,-24776
-22762,-1776,-9764,31817,-7388,-21316
-21134,-1808,-10796,31817,-1840,-8072
-19173,-1808,-9914,26994,-7012,-8080
-13719,-1808,-637,17222,-12372,-420
-6617,-1776,-4088,10890,-9936,4384
-6382,-1776,-1571,846,-13316,10816
-1915,-1776,9586,1442,-7876,16688
2370,-1808,2510,-4002,3392,21692
2453,-1808,-4295,-6358,-376,18056
6480,-1808,1539,-6534,-2672,15440
6943,-1744,3674,-7282,1608,15912
1545,-1792,-6250,-7546,2460,14840
717,-1776,-7301,-3834,-2532,12204
3108,-1808,-266,-1686,-1880,14072
6183,-1776,1639,-406,-2076,12488
6764,-1808,5062,-2074,-1084,12596
6746,-1792,1496,-1290,2956,11500
7479,-1760,-1191,-1054,1952,10252
9354,-1824,819,-3198,2468,9996
11231,-1792,3836,-714,6900,11156
7757,-1760,3957,-1110,11284,12120
5424,-1792,7036,-1802,10204,10272
6666,-1792,11953,818,12060,8688
3832,-1824,6854,2362,19216,10112
1
-32558,-1776,-30723,31817,-6008,-4624
-32558,-1824,-15029,31817,-25996,-11344
-20394,-1760,-1907,24726,-5900,-296
-15178,-1792,-7142,14398,4992,3592
-4988,-1776,-4744,9694,-1148,9268
2138,-1808,5128,5414,-1140,16468
2272,-1808,351,-1370,-2272,19400
4616,-1776,-4220,278,-6868,20792
7231,-1776,4577,-2854,-6532,20328
6534,-1808,6873,-6334,1516,17344
7330,-1776,-4493,-6842,3032,14256
8863,-1776,-5506,-5546,-2296,14268
4093,-1776,1566,-6194,480,14280
2604,-1776,669,-3062,252,12252
3673,-1776,-1885,-1522,-1576,8920
7133,-1776,703,26,-4132,7792
9936,-1824,5850,486,-2044,7408
9768,-1792,7883,-962,1292,7924
7026,-1760,3063,-758,3456,7816
4863,-1792,2955,2322,1944,6752
2435,-1792,11618,6242,2624,7480
1097,-1760,16968,7270,5532,5804
3917,-1760,16449,12314,8188,1892
2426,-1792,12038,18758,23108,7160
-3449,-1792,8666,18610,18896,5828
3432,-1792,14884,19830,15976,-656
5888,-1792,26521,27146,22516,2560
2627,-1792,24757,30506,20904,3064
-428,-1792,19354,31817,20360,1988
-6145,-1760,20126,31817,21904,4492
-16982,-1760,13868,30598,29008,9648
-23257,-1760,-708,24026,26948,1700
1
-32558,-1808,-24097,31817,-2168,-16040
-32558,-1776,-1334,31817,32468,1360
-20663,-1776,9974,29530,-18088,16560
-6606,-1776,-9114,22930,-6672,13356
4246,-1776,-2043,5622,-2264,15872
4533,-1808,3801,-9334,9224,17840
3267,-1776,-5701,-13302,7752,16880
4015,-1776,-11406,-15898,568,15572
4358,-1776,-5280,-14166,-3604,16192
3457,-1776,-8688,-8110,2540,14972
3282,-1808,-8938,-7726,-256,15720
2281,-1776,-1720,-7178,-1684,15304
498,-1792,1686,-5730,-952,14556
-531,-1792,-403,-4250,-736,12348
-1105,-1760,-2981,-3998,-3820,11944
-2493,-1792,575,-3902,-3304,11748
-1766,-1792,3773,-746,-2352,9984
1167,-1792,5392,-374,-1732,8568
1283,-1760,5846,2018,-240,9564
-677,-1792,10546,4138,2076,8360
435,-1760,11817,4770,3472,6696
-384,-1792,8061,7706,8200,6940
-5733,-1808,4622,11890,10588,8220
-9374,-1792,9405,11878,8816,7504
-12283,-1808,9847,16206,13816,7572
-16583,-1760,4452,20750,12328,6124
-16430,-1776,14390,22050,6812,3644
-11927,-1792,30009,29410,10848,2688
-9355,-1808,21856,31817,19336,4284
-10799,-1792,19446,31802,16232,2916
1
-27963,-1776,11704,31817,32468,-24964
-32558,-1808,-14121,23942,-2192,-5760
-20812,-1840,-4323,23698,-8332,13020
-6054,-1808,4055,13866,-2336,21888
4170,-1776,-1429,5398,396,21884
5884,-1744,-6678,-1694,-2844,17260
4869,-1760,773,-6890,-5360,14360
2444,-1776,5058,-10294,-1800,14644
2461,-1792,-5634,-8606,356,13352
1199,-1808,-4501,-7970,-4316,18312
-3024,-1792,3022,-7698,-1152,19484
-2408,-1808,1122,-6158,420,17752
1798,-1824,-2548,-5022,856,17000
3283,-1808,-1137,-4510,56,17940
3394,-1776,1278,-4562,-928,17336
3328,-1808,196,-4446,776,15688
3886,-1776,-2335,-4774,288,15532
3193,-1776,-2320,-3890,-904,14516
2752,-1808,842,-4002,-3056,13252
1277,-1776,4475,-3310,-1940,12076
1018,-1792,2800,-1746,-816,9704
2611,-1760,3201,-862,-1836,7964
2600,-1792,6210,-166,-2264,8444
702,-1792,10306,2614,-1100,7588
2327,-1760,14334,5114,1512,4608
2723,-1792,14632,6266,5652,6044
-949,-1792,17088,9002,5992,6252
-3098,-1792,13913,11798,11516,5560
-8679,-1792,15315,15522,17868,9244
-7335,-1792,25870,18222,15248,5328
-507,-1760,17686,18630,18984,4392
-3611,-1760,13555,22494,20800,6724
1
-25467,-1792,-501,-11938,32467,-23448
-32558,-1776,-5688,-1446,32467,-32768
-32558,-1808,-13661,29690,32467,-32768
-32558,-1808,-18098,31817,32467,-32768
-32558,-1808,-23870,31817,32467,-32768
-32558,-1808,-25210,31817,24772,-31632
-32558,-1776,-14178,31817,-27956,-18896
-32558,-1840,1616,31817,-9972,-10092
-31149,-1776,-7674,26342,-4260,3304
-23040,-1808,-9598,20314,-10460,26204
-1905,-1808,11809,12886,4688,21080
9390,-1776,-8948,1734,4616,16660
7957,-1776,-8797,-5366,-1228,13024
5240,-1792,-1839,-13486,-2588,12436
4046,-1760,-6073,-16042,-128,13108
3917,-1760,-9889,-12442,-2368,16244
-21,-1792,-5744,-12710,-2720,17180
-2864,-1792,1046,-10502,-2200,15116
-1548,-1824,1571,-8342,-888,13512
1647,-1760,847,-8826,2476,15512
831,-1792,-2344,-8770,2240,16984
-1479,-1792,-3820,-8062,420,16004
-2046,-1792,-2570,-7142,-1608,14088
439,-1760,-1403,-5078,-1532,12648
2642,-1824,-1453,-5302,-1780,12380
1570,-1760,475,-5586,-1392,12700
83,-1824,2948,-2994,-2616,11156
2232,-1792,4236,-786,-800,8520
3687,-1792,3151,-250,1944,9716
1869,-1792,6075,1150,2196,10196
1246,-1824,9617,3034,1256,7028
3160,-1792,11264,4886,4104,6056
1
-32559,-1776,-32599,27570,7312,-29432
-32559,-1824,-32599,23202,32467,-24160
-25008,-1808,2088,31818,32467,-32768
-32558,-1792,15856,31817,32467,-32768
-32558,-1808,-22765,31817,32467,-19624
-32558,-1792,-26337,31817,32467,-11544
-32558,-1776,-23317,31817,32467,-5896
-32558,-1824,-24233,31817,32467,-11156
-32271,-1808,-18015,31817,-26848,-22252
-32558,-1792,-25843,31817,-8488,-19192
-32558,-1776,-22008,31817,-16576,-12284
-25124,-1792,-15760,18942,-16560,-1140
-15651,-1776,-9302,11342,-21016,9956
-1924,-1760,-6762,3358,-15524,13268
3061,-1808,-1619,290,-7764,15160
3398,-1824,-2151,-2902,-4444,13172
2285,-1776,2476,-5078,-4788,11416
1222,-1792,3983,-6554,-2636,11204
-288,-1808,-935,-5530,-3028,10548
313,-1792,-175,-3102,-7108,9260
2109,-1808,8761,-2406,-5968,11420
371,-1824,9910,-3550,-1640,14272
-967,-1808,3028,-2374,728,13640
1660,-1808,1079,-2370,2064,11952
4958,-1808,6838,-2054,1372,11216
4239,-1776,9204,-3478,6728,12916
850,-1808,4988,-2554,9352,12160
-155,-1808,6073,-230,7436,9632
1305,-1808,12011,-342,5708,8724
-869,-1808,15603,466,14520,12164
-4053,-1776,2987,2510,17324,10768
-4259,-1776,-1599,3770,10196,8532
1
9093,-1792,29464,5502,12568,-4432
-32559,-1760,25212,1182,32467,-15668
5989,-1776,9160,-14190,32467,-8356
-14001,-1808,2250,1402,32467,-25476
-29166,-1776,-12804,18238,32467,-32768
-32558,-1776,-13606,31817,32467,-28020
-32558,-1776,-32598,31817,32467,-25500
-32558,-1792,-32598,31817,32467,-15344
-29693,-1760,-21649,31817,8852,-8244
-15182,-1792,-7771,31817,-26896,-140
-25417,-1792,-25198,21222,-8836,-6860
-15406,-1792,-4981,21526,-12132,-4368
-14050,-1792,273,10318,-5492,6664
-9890,-1792,-2975,6798,-8216,12764
1970,-1760,-3231,4242,-9908,15032
9395,-1792,2517,-758,-11584,17288
4322,-1792,7440,-5510,-7524,17300
-166,-1792,1638,-6338,-4656,14484
-379,-1760,-5882,-5462,-4684,12652
-790,-1824,-5928,-3626,-6012,12200
-1167,-1792,2100,-2038,-8088,12460
-3295,-1792,8279,-2250,-4764,13700
-4293,-1792,8410,498,-2840,12148
325,-1760,7960,1374,-4160,8300
2408,-1792,10233,-658,-3084,9280
1700,-1824,12970,2482,2208,9436
115,-1792,9391,1606,2436,10064
946,-1792,9244,2838,2364,8624
1686,-1824,11437,8026,19824,13888
-3261,-1760,5541,8398,17256,12788
1605,-1824,7817,5370,10344,7840
4889,-1808,16993,7162,14864,10160
1
-27170,-1824,-23354,31817,1972,-16048
-16787,-1824,-7688,31817,-18856,-24528
-8312,-1792,9946,30314,-21392,-17792
-11257,-1776,6072,17054,-960,3248
-9496,-1808,-4641,5794,3856,19036
-7790,-1776,-6897,-4914,-1168,25724
-4245,-1808,3006,-8926,-1332,26020
-3872,-1808,-1043,-9870,-1176,20732
-707,-1808,-5171,-9058,-2664,15536
2660,-1776,-6047,-10058,-3944,12340
1711,-1808,-778,-8494,-4608,13384
-898,-1776,3653,-7374,-2200,13100
-1198,-1840,310,-5406,-100,12768
532,-1808,-4488,-5802,1148,13172
-219,-1776,-2456,-5710,-1268,13992
-1008,-1776,5234,-3686,-1396,14744
-2839,-1776,6322,-5210,-828,14364
-1005,-1808,3335,-3846,-84,12144
4222,-1808,-867,-2126,1364,10988
5581,-1776,-1086,-3338,1928,12552
17,-1808,1500,-5978,1684,13972
-2756,-1808,4881,-1958,3428,11160
-1700,-1808,-554,1406,8952,10460
-4927,-1808,-4896,-1766,9460,14100
-8851,-1776,4871,22,3756,12660
-6367,-1776,12191,4102,7476,11084
-7427,-1792,5506,6618,17428,14488
-9742,-1808,971,5526,12288,13344
-8872,-1808,7202,6934,7408,9992
-9094,-1760,12169,8334,9560,10564
-11394,-1760,12006,11074,11096,9992
-11231,-1792,13602,11830,8496,7472
1
-12915,-1792,-2547,-2686,32467,-4280
-27830,-1792,-9946,20730,32467,-15804
-25035,-1792,-14248,31817,32467,-13932
-32558,-1792,-16646,31817,32467,-5640
-32558,-1760,-30797,31817,32467,-13112
-29205,-1792,-32598,31817,32467,-13844
-17652,-1792,-31127,31817,24912,-19476
-12799,-1792,-20880,31817,6728,-17544
-13575,-1760,-18048,31817,-11664,-14496
-7989,-1792,-4567,31817,32644,-2304
-8173,-1792,6755,18858,-15352,3332
-5891,-1792,-2403,18618,-13056,9308
975,-1776,4110,6410,-8324,15764
3066,-1776,3584,-3098,-4104,17868
2465,-1792,156,-9786,-3256,15652
809,-1808,4909,-10658,-3568,11780
-145,-1776,6370,-9010,-1368,10948
-2118,-1776,4538,-8218,1248,10720
-1449,-1808,2713,-4726,1524,7588
1544,-1776,5476,-4738,-616,8148
-53,-1808,10363,-2114,1824,11384
-1891,-1776,7914,842,5544,10232
-541,-1808,9865,-590,3520,8880
160,-1776,15250,1914,4464,8692
1990,-1776,12410,7710,16248,9620
-246,-1808,3726,7286,17828,11076
-1335,-1808,11547,6674,9596,9312
-341,-1808,15495,11258,19792,10204
-4719,-1808,5692,14762,23312,11424
-3479,-1776,12846,12258,13280,6448
1
-14204,-1808,-16727,31817,-7772,-10760
-12142,-1808,-8406,31817,-11520,-9044
-23677,-1840,-24300,21566,-7584,936
-15778,-1808,-6724,25514,-12716,-3936
-5879,-1776,5506,20210,-13544,-1588
-947,-1808,8754,11074,-10292,7316
-743,-1808,6032,3990,-7928,12176
1888,-1776,5923,-1090,-6952,10816
6994,-1776,8975,-6486,-2348,11760
4000,-1776,5113,-6554,6000,14956
-444,-1808,-923,-3134,5268,12516
-2403,-1776,6834,-3358,2288,12088
-2159,-1776,14137,-1766,7028,10636
2102,-1776,4153,4018,16688,8812
1910,-1808,410,746,11024,11184
-555,-1808,14574,3054,8680,10488
-1769,-1808,13491,6658,17236,9904
-6194,-1792,1545,5638,16780,11544
-8222,-1792,7123,7474,9344,8852
-7883,-1824,9016,12014,17276,9648
-9420,-1760,-1995,13546,17172,10084
-10283,-1856,2855,13078,10144,8060
-9953,-1792,13345,16370,13256,9360
-12360,-1792,12584,18810,15504,9776
-11947,-1792,10838,18962,13796,7584
-9605,-1760,13230,19286,11876,6492
-8364,-1792,14515,20362,12088,6500
-8566,-1792,11027,20054,13156,7144
-9429,-1824,7979,19962,12968,6064
-8458,-1792,8042,19806,12004,5020
-6981,-1792,9815,18242,10416,4928
-4286,-1824,10823,18154,7664,4148
1
-12976,-1808,-16714,31817,32468,-7884
-5855,-1824,16488,22490,-26468,4492
-6279,-1808,-11592,14710,-5628,7132
-2016,-1792,-9386,8222,-8868,10512
1942,-1808,6707,2898,-4104,12324
3343,-1808,9439,-2658,-492,14240
1231,-1776,3342,-7950,792,14804
335,-1840,-1110,-7086,-664,13824
2139,-1840,1049,-4342,-440,11900
1034,-1808,2120,-5386,3308,14876
-2586,-1808,3340,-6330,3212,14364
-229,-1776,3665,-1474,2016,9980
6227,-1824,2311,302,4824,9712
5333,-1824,2889,-1730,10416,14372
-234,-1792,1727,-946,7584,13752
-921,-1824,1941,1534,4648,10148
-1754,-1792,4658,2230,9860,12668
-2590,-1824,8561,4378,9036,12296
-1605,-1792,11601,6826,8040,10420
-2494,-1824,12350,7402,14804,11544
-2826,-1760,10764,8870,12492,9240
365,-1824,10380,11554,12296,8516
-1134,-1792,11721,13278,16212,11408
-3026,-1824,16468,14026,17432,10932
-2155,-1760,12546,15454,16176,8528
929,-1824,10546,15962,15244,8516
2786,-1792,17143,15514,14308,8520
1719,-1792,15663,15558,16384,9100
-2354,-1792,6202,15538,13412,8236
-4506,-1808,6577,16354,12204,6144
-4260,-1792,9952,16674,12528,6992
-5925,-1776,8433,16534,14552,7488
1
-22143,-1824,-11823,31817,-29652,-11696
-16114,-1792,-308,27454,-17304,-1540
-17978,-1792,-5972,15082,-10744,5804
-12475,-1792,-1742,11518,-8076,10308
-6260,-1824,2784,2394,-516,17584
-2311,-1824,-1236,-4478,1656,20348
914,-1824,-346,-5342,-1768,20120
3717,-1760,4603,-4702,-4208,16876
6835,-1824,7813,-4014,-3120,14272
7439,-1792,2489,-5146,228,13160
7341,-1792,-774,-5026,764,12152
9867,-1824,4697,-4802,324,11444
9407,-1792,7808,-5634,4960,13612
4545,-1824,2187,-6050,8652,14124
2462,-1808,2705,-3190,3260,11052
5913,-1792,12784,-3506,3076,11292
7184,-1776,10359,-2410,12844,13028
6112,-1760,-1899,-2706,11844,12532
5314,-1808,5827,-2550,4080,10024
8310,-1760,15790,250,9736,8740
7787,-1808,5684,1154,20068,10996
2918,-1792,-1213,-66,15612,11340
1067,-1776,8105,1726,10532,8016
1348,-1808,9536,4126,17332,8808
-1340,-1808,-396,4854,17412,9364
-3225,-1808,973,6110,11732,7500
-1932,-1776,9291,8838,11236,6224
-1922,-1808,12635,10630,13936,6472
-3087,-1808,10877,12094,11788,5272
-3235,-1776,12242,14214,11980,3644
-2551,-1808,14188,17014,11564,2920
-3474,-1824,13107,19806,13272,3716
1
-29738,-1760,-10219,25010,32467,-21208
-32558,-1792,-14985,31817,32467,-16820
-32558,-1792,-28821,31817,32467,-15716
-32558,-1792,-32330,31817,32467,-14232
-29368,-1792,-21618,31817,32467,-16936
-18978,-1824,-10548,31817,13364,-19192
-22616,-1824,-10250,31817,-5776,-8956
-26835,-1792,5447,31817,-16712,2900
-18943,-1760,9256,26714,-12720,6716
-5317,-1792,-3480,25554,-16404,11236
6765,-1792,4661,16446,-17096,12876
10718,-1792,13090,7130,-6092,12752
11457,-1760,4067,-670,-96,10732
10361,-1792,-2429,-7466,2096,12152
5062,-1792,2754,-9990,1104,13336
1041,-1792,4714,-7914,5168,12864
831,-1792,-3658,-9354,9704,13840
1490,-1792,-4961,-8630,4976,13576
3471,-1792,4021,-4662,1920,11500
5747,-1760,6861,-4330,7096,11520
4923,-1824,712,-6222,10580,11776
3033,-1760,-606,-4470,6936,10180
155,-1792,4388,-1142,10640,11596
-2168,-1792,8026,-882,12448,11048
1958,-1792,9934,-678,10972,8196
4271,-1792,7026,2298,16548,10868
-1543,-1792,-904,2390,17772,13252
-5552,-1760,5132,3530,12688,10404
-2878,-1792,9990,6178,11188,7976
-3728,-1792,4699,9406,20576,11744
-6900,-1776,2825,8674,15348,11288
-5372,-1792,7370,10490,11144,8400
1
-32558,-1744,-11865,31817,-14044,-21412
-26818,-1824,-10371,31817,-20020,-1132
-13105,-1776,3745,31817,32468,2328
5526,-1808,10541,27018,-11312,11204
7853,-1776,6924,11158,1176,12036
7142,-1776,-4744,-4598,3076,10756
6186,-1808,-786,-9838,1440,12772
4863,-1808,568,-9434,6104,13768
3855,-1776,-6181,-12442,8664,14468
6243,-1840,-5308,-9302,1536,12256
9901,-1808,5864,-5742,5276,11028
6522,-1824,5647,-6454,15676,14932
231,-1792,-5328,-6702,12708,11600
3022,-1824,-3541,-3530,4908,7700
4791,-1792,11267,-3022,6756,10320
1599,-1792,8877,-1402,13864,12264
111,-1792,-372,-722,10892,9864
360,-1792,6117,-1022,6184,8884
773,-1792,13865,2458,13444,10952
-3437,-1792,3654,4854,19696,11748
-4831,-1792,1472,3938,13628,8388
-852,-1792,7263,5882,10476,6196
-2027,-1792,3777,8430,17848,10496
-8936,-1776,1729,8982,13400,10020
-9765,-1776,9386,10834,9448,6176
-7506,-1776,13217,14086,11932,5900
-8789,-1808,12149,16450,15596,6852
-10206,-1840,6664,17090,12412,5304
-9909,-1808,5673,18266,8664,4092
-8033,-1776,9109,19286,6936,2664
-5031,-1744,16638,19774,7008,1808
-5106,-1808,18532,22618,10944,4056
1
-21881,-1808,-9979,31817,4292,-20656
-18669,-1824,148,31817,-6716,-18024
-18186,-1824,-16078,31817,-10912,-8120
-15715,-1824,-4495,31817,-21164,7176
-3289,-1792,11624,23558,-20612,13280
4323,-1792,8088,14554,-12496,18196
8257,-1792,5504,4442,-8644,15976
11251,-1792,9054,190,-1920,10604
12092,-1792,7647,-3934,5012,7952
11055,-1824,10035,-5586,5780,8356
6762,-1824,10466,-3902,9780,8212
2758,-1824,8221,-910,12236,7748
3740,-1792,7475,-1054,9008,7000
9061,-1792,12776,2662,11072,7212
8319,-1824,3059,8090,22160,11104
1753,-1792,186,4890,14940,11388
3127,-1792,18883,7538,8340,6508
7107,-1792,22656,12286,20660,9176
1909,-1792,4450,13222,27928,11776
-20,-1792,3382,12114,15752,7688
3000,-1824,15263,12858,13192,6136
1770,-1824,15730,14266,18020,8924
-6410,-1792,1941,16654,19436,9172
-8477,-1824,-2579,17538,14236,4932
-5405,-1792,6682,18866,10484,4056
-5374,-1824,12301,18438,13060,5604
-8583,-1792,8699,19150,14436,6080
-8887,-1792,6143,21346,15072,4748
-6963,-1792,4273,20118,17096,4984
-3841,-1824,4167,18030,13640,3232
-1199,-1792,7126,15694,8576,4760
405,-1824,10878,15366,8164,5116
1
-24790,-1808,-9080,22946,-15268,-3448
-13467,-1792,-1366,31817,-9176,-1144
-7511,-1808,-6440,19038,-6004,10992
-5153,-1776,-1140,12438,-7644,12796
2722,-1808,5448,2770,-7752,14100
12066,-1808,4928,-5666,-4816,15204
15625,-1808,2108,-8050,-964,16724
10426,-1808,2412,-9914,-924,15704
4794,-1840,5488,-6330,1472,14616
3906,-1776,3810,-3886,3276,10292
7308,-1808,7210,-3598,1404,9088
6658,-1808,9691,-1054,5116,11456
958,-1776,1610,2,12236,12444
-1499,-1808,-1027,774,7760,9020
3345,-1808,7132,3934,2756,6872
4443,-1776,11121,7698,12860,9436
-3019,-1808,7663,6106,13776,11920
-4671,-1808,6167,8026,8784,6880
-1443,-1808,9252,12562,13088,7068
-5753,-1808,6365,15278,17772,11660
-9099,-1808,8024,15490,11024,8180
-5186,-1840,13669,18178,10200,5232
-3953,-1808,15786,21662,13812,7060
-4210,-1808,17266,23438,14048,6532
-5454,-1808,16823,23510,14772,7460
-6851,-1792,2443,22762,18056,7252
-7137,-1792,347,21618,15052,7208
-10473,-1792,3950,20986,16196,9500
-9853,-1792,10587,19502,14132,6764
-3192,-1792,10967,18486,6468,2980
578,-1824,11232,17174,6968,5592
337,-1792,9341,14834,8800,6232
1
-16080,-1808,-1513,31817,32468,-11936
-13825,-1776,6393,30642,-1572,24
-9920,-1808,-12782,25422,-5984,7188
-9359,-1808,244,13314,-14008,13752
-6368,-1808,16640,5606,-8068,16392
-2468,-1808,6832,-6994,-5384,19348
917,-1808,-1226,-15202,-5764,18976
4265,-1776,-398,-11098,-5916,16244
6393,-1840,5067,-12074,-2912,15368
4914,-1776,4387,-10146,1032,14212
2737,-1808,-222,-5326,2876,13184
33,-1808,-3936,-4958,2596,12720
-1634,-1808,-3526,-4390,2732,12924
-2219,-1808,-1070,-1426,708,12532
-1715,-1776,4093,-954,2248,12584
-2074,-1776,4497,-70,4840,12844
-786,-1776,4480,2682,4312,12396
29,-1808,7315,1586,4552,12748
2403,-1808,17012,3442,5928,10140
6574,-1776,19951,5178,8916,8404
7100,-1808,11816,5306,14940,10416
5842,-1776,11791,6206,13344,8916
6028,-1808,12701,7310,12584,8576
419,-1808,5931,9334,19060,11316
-4087,-1808,3833,11390,18612,9300
-1348,-1808,7036,12698,14280,6624
420,-1840,9333,13386,14568,7488
-702,-1808,8671,14490,13508,7252
-2885,-1808,5045,15570,13132,6980
-7482,-1808,1719,18798,12080,6960
-11298,-1808,338,22338,12592,6500
-16793,-1808,-987,23270,18072,13372
1
2919,-1792,23262,3498,11304,2756
-32559,-1824,25221,-2070,32467,-12068
-7333,-1792,20894,3690,32467,12764
-15228,-1792,-15986,16270,32467,-17044
-25674,-1792,-21377,31817,32467,-18156
-26932,-1792,-32598,31817,32467,-12784
-24154,-1792,-32598,31817,32467,-23184
-18337,-1792,-32598,31817,25608,-23848
-18737,-1824,-32598,31817,-4812,-23004
-10935,-1792,-12712,31817,-22160,-20652
-7133,-1824,-8612,23390,-16320,-9772
-5455,-1824,-1482,17134,-18504,1912
-6876,-1824,5128,10490,-9804,12064
-2781,-1824,2468,6918,-11084,13540
4292,-1792,3801,-2126,-9860,15392
7154,-1792,5541,-5262,-5992,16948
4883,-1792,4077,-4342,-532,15836
1745,-1824,-1407,-5798,1504,15216
515,-1824,-353,-4318,-1164,12820
1516,-1824,8488,-798,1256,12572
-738,-1824,5166,82,11584,14392
-4010,-1824,-4419,570,5812,11592
933,-1792,4989,2890,2548,7288
3284,-1792,13292,4198,14948,12916
-4050,-1792,6316,3434,16464,13916
-4104,-1792,896,5222,8816,7160
-412,-1792,8836,6470,9152,8404
-2294,-1824,19619,9018,13580,9832
-1295,-1792,14987,9874,13552,6328
2619,-1792,11180,10926,12468,5216
1612,-1824,19774,14790,17784,8092
-1413,-1792,16777,16018,17424,7756
1
-32558,-1792,-15639,31817,32467,-17576
-32558,-1792,267,31817,21048,-13364
-32558,-1792,2296,31817,-3208,-11872
-30011,-1824,-23081,31817,-11552,-11480
-23555,-1808,-9039,31817,-22128,-8180
-12333,-1792,4840,27130,-9664,6936
1023,-1808,4641,15366,-6108,15636
10261,-1792,4831,4770,-4592,19884
15067,-1808,4717,-4302,-540,17564
16495,-1792,8590,-7354,1428,15460
15742,-1840,6391,-6482,4012,13152
11558,-1792,2082,-6058,5504,12896
8883,-1808,783,-4322,7736,11524
10237,-1824,725,-1990,8652,8584
11190,-1776,-231,-3094,7860,8592
11149,-1792,951,-1090,9112,10412
10265,-1808,1524,1518,11348,9644
7769,-1792,3130,1954,13716,9720
5706,-1808,1750,4462,15492,8788
7912,-1792,2574,4430,15524,9144
4883,-1808,4761,5358,17540,11348
5622,-1824,59,10190,20240,9808
9551,-1808,1077,6746,17276,8020
10420,-1824,7274,6638,16020,11516
6841,-1776,2404,9018,22596,12920
7417,-1824,-1581,7754,18428,6992
6577,-1776,7626,7278,14940,6444
1782,-1792,14535,9142,15164,8788
-1834,-1776,8215,11710,16288,7872
-1884,-1792,9444,13522,12776,4800
2276,-1808,21458,15678,11944,2908
195,-1824,26087,15522,16068,5212
1
-32558,-1792,-9979,31817,32467,-25772
-32558,-1760,5514,31817,32467,-12788
-32558,-1792,65,31817,32467,-17592
-32558,-1792,-954,31817,19960,-17528
-32558,-1760,-8651,31817,32468,-9912
-32558,-1792,-6992,31817,-21644,12560
-25089,-1824,-5956,31817,-22232,19580
-3757,-1824,1509,20538,-6000,12344
5735,-1792,2444,8678,-11720,10056
5226,-1824,8766,-686,-4920,11192
3737,-1792,2707,-5506,-2788,12072
5787,-1824,1360,-5370,-2984,11564
9249,-1792,2563,-5970,196,11244
9661,-1792,4580,-4834,1372,12908
8227,-1792,8914,-6730,3020,12392
10208,-1808,7560,-5342,5956,10972
12201,-1776,1605,-2114,11748,10840
8859,-1808,-290,-4978,9096,12492
7335,-1776,4963,-4594,6588,10052
10770,-1776,1152,-934,15280,10128
7187,-1808,-4413,-1106,18820,13636
1628,-1808,5249,-2614,12100,12208
4301,-1808,12051,-598,10656,9256
6751,-1808,2211,3314,24568,10800
3738,-1808,-9894,1422,17156,11284
1339,-1808,2776,1870,10176,8680
2145,-1808,9950,4230,14160,8088
-859,-1808,-994,5794,19036,9400
-4553,-1776,-4651,6442,11208,7492
-3928,-1808,4632,7886,7240,4944
-3350,-1808,12294,10462,11372,5380
-5818,-1808,7965,13786,13628,5420
1
-32559,-1792,21800,20342,31320,16628
22840,-1760,-32599,-3538,32467,3516
-8628,-1792,31805,-8334,32467,-5328
-29040,-1760,6672,15130,32467,-11084
-32558,-1792,-1543,30278,32467,-19212
-32558,-1824,-10442,31817,32467,-17944
-32558,-1792,-11093,31817,27476,-18936
-32558,-1776,-469,31817,-11564,-1320
-25972,-1808,-5969,31817,-25588,4124
-9080,-1808,9469,29774,-14504,4920
-114,-1776,5835,22142,-484,7356
-1996,-1808,-4730,7030,3932,16248
-2772,-1808,-4628,-474,-2224,18260
-811,-1808,1588,-5994,-3344,16812
4770,-1840,4099,-7482,-1272,12088
10847,-1808,1959,-7418,2060,11380
9797,-1840,277,-8270,2776,11792
6170,-1776,2539,-7822,4304,11448
2350,-1808,1960,-5726,9084,11232
1010,-1808,-3185,-5470,7924,9424
3036,-1776,-1949,-4590,1812,8228
5082,-1808,9040,-1938,5252,8760
4492,-1808,7084,-986,12104,11340
3009,-1776,238,462,8632,9612
4249,-1808,7452,1794,6992,8780
1437,-1808,8500,4434,19084,11860
-302,-1792,-5026,6302,15024,9272
1716,-1824,-961,5394,8544,7600
128,-1792,14972,8278,13868,10548
-3173,-1824,10591,11138,16668,9396
-1386,-1792,374,13606,16676,7356
230,-1760,6141,14818,12632,6492
1
-31202,-1792,3953,-16338,32467,-21096
-32558,-1792,-14726,24006,32467,-32768
-32558,-1792,-21092,31817,32467,-29248
-32558,-1824,-27270,31817,32467,-29784
-32558,-1792,-30694,31817,32467,-20640
-32558,-1760,-32598,31817,-712,-14444
-23195,-1792,-17180,31817,-19056,-10300
-22067,-1792,2215,31817,-11216,-4728
-18381,-1824,6534,27210,-7520,224
-10573,-1792,2236,22614,-5448,5984
-1953,-1824,-2238,12362,-8308,8872
4181,-1792,6715,2834,-10336,12372
8170,-1792,15646,338,-5732,12556
12687,-1824,16565,1958,228,10384
15325,-1792,12723,206,7320,10344
14029,-1792,7348,-2050,7204,11352
11335,-1824,8543,3082,7488,10668
7012,-1824,11898,8138,22780,12044
-931,-1792,1925,3078,25912,12932
2241,-1792,-9018,4086,11128,4584
10556,-1792,8889,9042,9980,6348
7897,-1792,18682,10702,25472,13132
1506,-1760,9098,8354,20176,12400
2116,-1792,2860,9766,15588,7948
4077,-1792,5088,12686,18852,9372
5366,-1792,10501,11770,16444,8936
6042,-1792,14230,11594,15800,8720
3233,-1792,10402,12150,18272,9220
1681,-1792,4643,12562,16780,6868
2647,-1824,3965,12866,14452,6852
1346,-1792,5608,12458,14312,7356
-429,-1792,6003,12654,13588,6760
1
-32558,-1792,-23899,31817,32467,-16692
-32558,-1808,-32414,31817,32467,-18584
-32558,-1792,-32598,31817,32467,-27028
-32558,-1808,-19585,31817,-11056,-28604
-23709,-1792,-6525,31817,-13944,-24080
-29086,-1808,-18759,28566,-18912,-25080
-27749,-1776,4779,21054,-148,-8068
-20734,-1776,-3992,18158,-884,12180
-6131,-1776,-6028,14730,-5832,22540
5052,-1808,5886,11326,-13828,19928
12764,-1808,13119,1942,-3628,16640
14401,-1776,5163,-3746,408,12836
12507,-1808,-1263,-4750,-1204,13636
9037,-1808,4161,-4646,932,12092
10892,-1808,2805,-5394,5272,11428
14977,-1776,-2308,-4106,5464,11616
13172,-1808,2349,-3906,2964,13168
12687,-1776,13476,-3982,7356,10448
16915,-1808,8636,-2254,11512,7168
21134,-1808,3731,-2070,10504,8068
16834,-1776,7494,-3218,12208,9548
13648,-1808,5250,-910,13652,7144
16973,-1808,-1838,986,15812,3880
20231,-1808,9797,-386,17672,4448
18450,-1808,18298,-1666,20276,4728
15760,-1808,6860,258,22372,3920
12233,-1792,-5116,2010,21264,5448
7809,-1808,-1811,2726,19016,3916
7244,-1792,899,4342,17868,3316
6283,-1792,911,6462,17740,3192
4534,-1792,-2398,8762,16040,3420
1779,-1824,-2660,10526,15392,3352
1
-7938,-1808,4866,3778,32467,2044
-9376,-1808,-1906,21098,32467,-6680
-14912,-1808,12495,24154,32467,-12028
-32558,-1776,14114,31817,32467,-10976
-32558,-1808,1443,31817,32467,-9800
-32558,-1776,-10152,31817,32467,-6708
-32558,-1776,18077,31817,-3872,-4512
-27153,-1776,24990,31817,5804,9156
-27812,-1776,-21975,31817,-12664,7740
1824,-1808,3157,8742,-8728,20440
2564,-1808,-7562,-8650,-5980,12772
4431,-1808,1990,-13722,-3988,10084
8293,-1840,2841,-13378,1024,9348
9632,-1792,-2994,-11470,3072,13872
2204,-1792,-3027,-10622,2080,15100
607,-1824,1726,-7646,100,12756
3949,-1792,5426,-5166,1796,11348
7922,-1792,197,-2678,8368,11644
6212,-1792,-5064,-4886,6096,13488
2666,-1792,-1299,-2942,3216,10696
2236,-1808,6196,-282,4056,10228
3534,-1760,6624,-482,9884,10712
4501,-1776,-2388,350,13472,9784
5375,-1808,222,670,10136,9380
1964,-1808,6296,1822,16996,12236
-1066,-1808,-5297,3746,21972,11936
-631,-1776,-8358,2626,14644,9924
-1137,-1808,7354,5082,11280,9872
-662,-1792,16150,7990,13636,7892
4923,-1792,2272,10794,17044,5884
1
-20045,-1808,-32599,18838,6672,3380
-12593,-1808,-16892,31230,6384,10052
8798,-1776,-30801,18954,-3868,19028
17222,-1808,-3890,8290,-9212,22448
15209,-1776,7636,-3306,224,20224
8809,-1792,-3359,-8866,5644,13660
6798,-1760,-17388,-10390,1144,7740
4643,-1792,-10114,-12302,-2652,9532
1093,-1760,1962,-13386,180,9308
1003,-1792,2531,-8030,3124,7196
2322,-1792,479,-7918,5936,10948
1412,-1760,1310,-6974,2684,12748
578,-1824,8524,-4066,2924,11528
4794,-1824,3846,-2358,7688,8928
9202,-1824,1541,-1670,5052,9992
7396,-1792,9226,-1538,5640,11680
4490,-1792,9670,250,12772,10760
1687,-1776,-1216,1162,10584,8684
-4415,-1808,-1119,10546,21304,11584
-5834,-1776,-4089,8306,13432,8092
-2650,-1776,9273,10938,12236,9324
-4067,-1808,15680,14918,18244,12288
-5640,-1808,5466,14966,19964,10800
-3153,-1808,4989,14382,14796,7728
260,-1808,14048,15506,12852,6712
-502,-1776,13129,16054,14884,8168
-4089,-1808,7498,16430,15248,7444
-5553,-1808,9091,16582,14216,6316
1
-32558,-1808,-21672,31817,6568,-13420
-32558,-1792,-26543,31817,-7628,-10396
-26088,-1792,-4242,31817,32468,-10276
-12545,-1824,25378,23866,-13796,3828
-2366,-1792,-12211,25626,6044,6564
4856,-1824,-19928,9830,1172,12252
4519,-1808,-1776,-734,-7504,16984
2711,-1808,12647,-7350,300,18064
1211,-1808,7741,-10314,3212,15780
8210,-1808,-3051,-10870,6012,13368
7712,-1808,-4140,-9574,2920,14596
4361,-1808,4804,-9206,4076,14492
2572,-1776,4107,-9006,6936,12736
2138,-1808,-2660,-6382,7824,11432
2177,-1808,-5084,-4074,7604,11268
1112,-1776,-349,-5238,6064,11340
1365,-1808,2793,-4610,6768,10996
450,-1808,-73,-1674,11224,12640
-1808,-1808,-5198,-514,11780,13564
-2443,-1808,1125,-602,5820,11384
526,-1808,12705,1742,8116,10448
-2010,-1808,3326,4102,19048,13568
-6809,-1792,-3911,2874,11548,11912
-3391,-1792,6199,4782,7180,9204
-4841,-1792,5434,7438,18288,14212
-11203,-1792,-6145,8290,16880,13160
-10444,-1760,-3931,9354,9188,9052
-6971,-1792,7820,10002,6352,8536
-7015,-1792,12749,11538,10840,8680
-8371,-1792,9575,12790,10300,7100
-8619,-1792,12731,14722,7580,5744
-7618,-1792,19178,17626,10064,5752
1
-25497,-1808,-21856,31817,-10528,-15224
-16492,-1792,-3520,31817,-24640,-8768
-10716,-1808,13524,31817,-18576,5072
-2228,-1808,3858,31817,-13676,10112
8266,-1808,-2094,21146,-5424,15476
12083,-1776,-2889,5774,-2668,15256
12397,-1776,3754,-1182,2060,14904
12346,-1808,3006,-7622,7764,11876
10712,-1808,-3517,-9758,9420,10044
6859,-1776,-449,-6982,5208,9768
4144,-1776,11335,-5710,7308,9412
4936,-1808,8849,-1694,15648,7536
7531,-1776,1800,-1778,14492,6980
6763,-1808,3062,-2170,9584,6904
-424,-1792,-5723,3538,11488,8352
1091,-1776,10510,5422,9344,7468
-5302,-1808,5823,10730,28484,15252
-14710,-1808,-11258,11526,27076,13912
-13676,-1808,-11259,10782,15384,8712
-8209,-1792,2485,10870,8804,8008
-6747,-1840,10397,11826,11792,9844
-9738,-1792,8911,13418,13184,10924
-11250,-1792,8686,14970,11244,8352
-9066,-1792,10343,16858,9796,6092
-6639,-1792,11469,18014,9324,5236
-6372,-1792,10962,18742,9332,5536
-7971,-1792,12163,18162,9244,6360
-9595,-1792,9879,18394,10040,6788
-9362,-1792,5446,18498,8396,5616
-6822,-1792,3175,17902,7120,4624
1
-23194,-1776,-6624,31817,-9740,-25828
-21225,-1792,6100,31817,32480,-4520
-18545,-1792,4191,31817,-15152,7472
-10929,-1808,-13081,29086,-13228,11748
1570,-1808,1789,16178,-13112,16072
7523,-1808,4564,-738,3948,16132
4408,-1808,4626,-9838,2924,14696
4010,-1808,7997,-13918,5984,8728
4392,-1808,7397,-11270,5308,9192
2778,-1808,11636,-8298,3732,10876
2556,-1744,12554,-6070,5824,10056
1339,-1776,9556,-6502,7996,10812
868,-1792,5211,-3986,4940,9168
2631,-1824,9691,-1386,5884,8952
137,-1824,11378,1006,14680,12040
-6449,-1824,3793,946,14224,12132
-8125,-1792,965,4402,9024,8760
-6861,-1792,11840,8490,12372,9684
-5802,-1792,12931,9790,13912,9816
-2362,-1824,11970,10322,11240,7012
-484,-1792,11137,14406,18416,9088
-3462,-1792,3857,15822,20600,10828
-5828,-1824,106,14186,13624,7728
-1478,-1792,8578,16094,8968,5444
2868,-1824,18312,16406,13044,6444
937,-1824,11476,15290,14000,8336
-2146,-1792,7092,17722,10848,6096
-627,-1760,12604,18742,12512,6716
-3111,-1792,10115,17098,14244,9072
-7178,-1808,7122,17694,13624,8056
-9368,-1792,6510,17498,12500,6596
-7236,-1808,2472,17810,12120,5664
1
-26708,-1776,6509,31818,32467,-32768
-32558,-1808,-20749,31817,32467,-32768
-32558,-1808,-10204,31817,32467,-32768
-32558,-1776,-20487,31817,32467,-32768
-32558,-1776,-29839,31817,32467,-30544
-32558,-1808,-22005,31817,32468,-20008
-32558,-1808,-21671,31817,-18160,-1484
-20663,-1808,-2687,31817,-7140,7860
-12222,-1776,-6418,17158,-13400,17756
6001,-1792,3673,13414,-7696,16336
7221,-1760,-8536,-258,-8824,11048
6301,-1792,4854,-3578,-10248,8960
7574,-1792,7033,-2102,-1144,8924
9695,-1792,-211,-2310,4000,10888
9202,-1792,1718,-4018,1416,11560
5428,-1760,14189,-4722,2048,11980
8674,-1824,12533,-942,17796,12600
6643,-1792,-6721,-4062,17484,14704
691,-1824,1720,-5170,3020,13048
2655,-1776,17394,-1694,13396,12740
-1341,-1792,-2473,-906,26932,16052
-6373,-1776,-12500,82,15856,12308
-581,-1792,1461,1614,3916,9168
1759,-1776,13551,3510,14824,11508
-4990,-1776,5153,4418,24904,16112
-8887,-1776,2000,5950,15744,11680
-2058,-1744,8791,6294,13980,8736
709,-1776,11239,5574,14876,10652
-2112,-1776,7806,5282,15204,11416
-3578,-1792,3105,6582,11948,8928
-1185,-1792,1827,8454,10752,8140
-1349,-1824,4037,9986,13180,9372
1
-7787,-1792,-32599,-12014,32467,-20832
-31559,-1808,13561,-8918,32467,-31148
-32558,-1808,-19522,31817,32467,-32768
-32558,-1808,-16035,31817,32467,-32768
-32558,-1776,-32598,31817,32467,-23404
-32558,-1808,-28552,31817,-14040,-32768
-27052,-1808,-10269,31817,32468,-20812
-16473,-1808,14262,31817,-16164,-2296
-7479,-1808,4667,27058,-5948,12532
5090,-1808,5755,12502,-4652,20708
11985,-1808,3354,954,1140,17196
18173,-1808,962,-2938,248,14240
13036,-1776,8232,-9322,4940,12928
5577,-1808,7265,-13286,8080,10820
2582,-1808,1400,-7970,8468,8184
3487,-1776,-1956,-7430,9712,8680
1672,-1808,6064,-7322,7180,9340
1156,-1760,15520,-5666,8444,10084
492,-1792,1932,-2406,19500,11572
-5186,-1824,-11710,-1034,18172,12396
-5662,-1792,-3725,-438,5492,8992
-1276,-1824,12805,2982,11232,9064
-928,-1792,8297,3990,18536,11020
-4556,-1760,-365,3138,13236,10760
-6043,-1792,4776,6946,8112,8120
-3445,-1792,14317,9622,13304,9092
-5349,-1760,8493,12334,19492,10944
-5405,-1792,2754,12098,15128,8096
-4293,-1776,6293,13030,9304,6056
-4435,-1792,12685,14790,10184,6496
-7568,-1808,11826,17086,12308,7216
-10578,-1776,7682,19010,11520,6208
1
-15616,-1776,-6502,31817,-11032,-32768
-16337,-1792,-8911,31817,-18312,-18136
-20366,-1824,-13904,31817,-28804,1380
-8278,-1792,19800,31817,32468,30228
10956,-1792,-318,18510,14252,20572
14115,-1792,-29144,2866,3620,14480
12356,-1792,-11345,-2130,-8940,12468
15274,-1792,17563,-2854,2612,10712
16702,-1760,17691,-4530,15896,9816
16203,-1824,5594,-6422,12332,7804
16158,-1808,3509,-5250,6292,4828
14681,-1792,6741,-2914,9516,7172
9919,-1776,4524,894,13360,7320
3960,-1776,-4659,4470,19100,9036
-1778,-1808,-2530,3074,11500,7520
-1112,-1808,9537,6430,9100,5068
-2081,-1776,4414,12762,23120,8104
-6815,-1776,-5996,12478,17536,7128
-7563,-1824,-3344,14226,7080,3580
-4236,-1792,12862,18882,7472,3712
-5272,-1792,20431,23082,12140,5408
-8306,-1824,16786,25378,15068,6240
-13085,-1792,7554,26898,15008,7160
-19652,-1792,-2291,26838,17984,8888
-23823,-1760,-13643,25538,19312,5464
-16850,-1792,-17272,22990,4908,-692
-6728,-1824,-5332,20814,-2504,344
745,-1792,15222,19438,-716,1812
4497,-1824,32478,17942,2784,2412
4427,-1792,-32599,16082,7316,2232
1
8802,-1776,26703,2462,14144,14296
16705,-1792,32000,3730,32467,448
4641,-1792,-11256,20242,32467,7948
-26790,-1760,9279,19930,32467,-23252
-32558,-1808,3456,31817,32467,-32768
-32558,-1792,-32598,31817,32467,-29440
-32558,-1776,-32598,31817,32467,-30056
-24452,-1808,-32598,31817,-16816,-27116
-12605,-1808,-5566,31817,32468,-10384
-20788,-1840,-7850,30726,-21912,-2912
-11338,-1776,-5417,31570,-27420,284
-127,-1808,9494,16446,-13196,8428
4001,-1808,11894,2942,-3636,12772
7265,-1776,10074,-5054,2700,12288
8343,-1776,5249,-4934,7000,13060
3615,-1808,5983,-3982,5680,13540
807,-1808,15538,-2258,4540,11844
3673,-1808,11589,-890,10728,10276
6236,-1808,4108,-146,12008,8892
5400,-1808,12926,1022,7572,9092
4153,-1808,22881,3238,12088,8672
4970,-1824,13137,5418,21380,8780
3114,-1792,-964,5274,19940,8876
417,-1792,4549,6562,13328,8492
-297,-1792,12521,10158,17344,8584
-1418,-1792,8776,11498,21376,8376
-933,-1792,8462,11138,18092,6692
1950,-1824,14674,12326,13840,5008
-237,-1792,12830,14906,21564,8324
-4909,-1792,3649,14890,18788,7228
-5897,-1824,-234,16014,13668,4664
-4669,-1792,4969,16346,11116,4184
1
-32559,-1808,-32599,8142,32467,-1740
9728,-1808,-32599,8582,32467,2544
-32558,-1776,13759,-19238,32467,-32768
-32558,-1808,-14635,31817,32467,-32768
-32558,-1824,-6602,31817,32467,-32768
-32558,-1792,-32598,31817,32467,-32768
-32558,-1792,-32598,31817,13200,-29524
-15954,-1792,-10123,31817,32468,-19936
-16202,-1824,14243,31817,-20988,4772
-15473,-1792,-15951,29718,-15012,-780
-3476,-1792,-5074,19078,-14212,2952
2264,-1792,13773,4854,-6316,9804
3078,-1824,18123,-2946,1268,13052
5664,-1792,10482,-3614,4992,12916
11370,-1776,3695,-4554,5012,12924
13101,-1808,6856,-8294,2188,11428
12029,-1776,17645,-3802,10312,11616
7586,-1776,8818,-2742,19472,13284
2433,-1808,-82,-3418,11984,11748
888,-1776,9327,-1306,7968,8564
1836,-1808,13502,2930,16156,8180
3929,-1808,3419,4862,18044,8100
6417,-1776,9141,3594,11604,6412
7412,-1808,16916,6674,17968,7572
3311,-1808,2186,9226,23616,9880
776,-1776,-4092,7398,16132,7572
2939,-1808,10496,8882,13672,6520
990,-1776,13271,9882,19104,9112
-2675,-1776,1826,10782,18520,9112
-2540,-1776,-966,11870,14472,7080
-513,-1776,7437,12562,13280,6968
-1958,-1776,10270,13334,15040,7900
1
18014,-1824,12061,-9014,9900,10692
14718,-1760,12967,-10770,10636,9636
10719,-1808,6536,-10526,11812,8076
9635,-1792,-1518,-10714,11568,8516
7393,-1808,576,-9386,9924,9988
3631,-1824,8351,-7410,9440,10876
1859,-1808,9219,-6246,12140,10572
3118,-1808,-1983,-3430,15852,9572
3654,-1808,-429,-1962,11660,9840
2129,-1776,8865,-762,10864,9120
4625,-1808,6674,1774,15820,7672
6801,-1808,1712,1654,15432,7684
2917,-1776,7390,2522,14064,9156
-1880,-1808,6621,5762,19612,9760
-1492,-1792,-3593,6690,21024,8800
-2887,-1808,-3936,6438,15480,8872
-5836,-1792,3941,8018,13608,9316
-6913,-1792,7308,11274,13024,7336
-3700,-1760,8342,12774,13964,6416
-2616,-1792,9316,13842,13224,6512
-3852,-1792,8824,15590,12812,6148
-3952,-1824,5798,17074,13260,5572
-4156,-1760,7816,17514,12964,5812
-5424,-1792,9684,17606,13628,6560
-7149,-1792,3933,17558,15208,6436
-8418,-1792,-1152,16682,13664,5592
-8583,-1792,-2268,16566,9664,5264
-7643,-1792,-431,16758,8680,4672
-3763,-1760,1744,16194,7968,4336
398,-1776,3565,15202,7708,4456
2333,-1776,3471,14774,7044,4484
3326,-1808,2510,14458,7052,4204
1
-18476,-1792,3221,31817,-29980,-11792
-20956,-1808,-14696,29934,-9984,-8952
-14432,-1760,-4880,24266,-13724,2556
-4826,-1792,4401,12742,-6268,17892
4147,-1760,1418,6858,-7316,18844
9938,-1792,2381,-174,-9316,16412
10125,-1792,7363,-6686,-6032,14296
8238,-1792,3502,-10650,108,13200
6588,-1824,-3333,-8606,3764,13000
5901,-1792,-5402,-12662,1448,13260
6035,-1792,-291,-11146,-808,12428
6506,-1792,5191,-7574,1260,12096
5267,-1808,2600,-8094,3624,12768
3528,-1776,-2850,-9654,2772,11308
4279,-1808,1478,-7178,532,9024
6592,-1776,7665,-4714,1392,9600
8176,-1808,9104,-5330,5960,10456
7895,-1808,8900,-3578,6136,9904
8198,-1776,11127,-2158,7284,8368
9009,-1808,11524,-1850,10988,7616
10925,-1808,5253,-702,12496,6768
11801,-1776,5661,894,12540,6484
7609,-1776,20306,2010,14620,6012
9412,-1808,18393,4634,19604,3484
13032,-1776,388,5538,21164,3428
7620,-1776,4154,4522,16776,6076
2322,-1776,10939,7474,16268,3596
6262,-1808,5364,13222,19332,500
10856,-1808,2521,13874,18224,1664
10390,-1808,8845,15466,16120,2892
7219,-1808,12436,17922,17096,2660
4898,-1760,9791,19750,18064,1776
1
-9629,-1760,24097,-4610,32467,-12076
-32558,-1792,-19645,5722,32467,-18616
-32558,-1808,-4198,19006,32467,-31764
-32558,-1776,-9277,31817,32467,-32632
-32558,-1808,-20482,31817,32467,-32768
-32558,-1808,-22942,31817,32467,-32768
-32558,-1808,-23001,31817,24092,-32768
-32558,-1792,-9432,31817,-20080,-13212
-21759,-1792,7461,31817,-23976,-4488
-3205,-1792,6371,31817,-13712,3424
2554,-1792,971,26366,-6448,12052
6325,-1792,6739,9394,-204,18364
9566,-1792,3750,-4982,4440,18724
13752,-1792,-5098,-4074,3884,16844
14678,-1792,-622,-4934,6024,15292
14933,-1808,9052,-6194,5456,10372
15929,-1776,11112,-4318,9360,7772
15036,-1776,5088,-2998,9344,5712
16421,-1776,16716,-4074,10252,3444
22140,-1776,-656,2258,23020,1012
18352,-1808,-10714,2626,20548,2972
13303,-1776,5190,3378,13264,1800
17416,-1776,12738,7898,17440,-76
17061,-1776,3760,11222,25988,1108
16174,-1792,6445,8482,18956,-952
18728,-1792,22319,10870,16052,-2160
17981,-1824,15815,13866,23060,-84
13855,-1760,6500,14326,18956,-1532
13168,-1760,12326,17334,13528,-3536
13956,-1792,20856,21066,13176,-4204
1
-22107,-1760,-32599,32742,32467,-8048
-32232,-1792,-1626,9494,32467,-32768
-32558,-1792,-12424,23006,32467,-32768
-32558,-1792,-26121,31817,32467,-32768
-32558,-1792,-32598,31817,32467,-32768
-32558,-1760,-32598,31817,32467,-32768
-32558,-1792,-15178,31817,-1476,-27884
-13053,-1792,6530,31817,32468,-10288
-7306,-1792,17303,31817,-16772,-12656
-4018,-1792,11876,28718,4288,4876
-4075,-1792,9294,5502,8972,19060
2627,-1824,4135,-1118,4276,23644
8376,-1760,3923,-10398,2820,23264
10635,-1792,10272,-18258,2640,18840
11866,-1792,7505,-23554,6788,17692
7120,-1792,-2040,-14118,8748,18268
1739,-1792,-8383,-8142,4292,15076
2339,-1792,-5748,-5586,1396,12356
2663,-1792,-947,-5458,1876,11932
1326,-1808,65,-4642,2612,12384
-69,-1792,101,-4170,1668,12252
2003,-1808,1528,-2502,2328,10292
5942,-1792,4367,-510,3740,9096
6925,-1808,6720,-2330,6280,10784
4490,-1760,7175,-2690,5536,10672
7597,-1808,9113,1786,7480,7172
10975,-1792,5288,994,13484,7884
11220,-1776,10784,-1154,10620,6532
15489,-1776,22124,1394,10996,3596
17371,-1776,17684,4398,23512,5708
10569,-1776,4474,2298,20368,6548
9547,-1840,8548,3790,14616,3044
1
-32558,-1776,-32598,31817,20808,-32768
-32558,-1792,-1912,31817,32468,-26872
-27906,-1792,20888,31817,-22240,5684
-6472,-1792,-11428,31817,-5524,18576
11103,-1792,-1027,24458,696,17116
14803,-1792,19818,2422,9980,18108
14827,-1792,4608,-5702,11572,16324
14300,-1792,-11315,-11666,972,12996
16336,-1792,-7681,-13450,-3852,11648
16436,-1792,-1256,-11698,-636,10240
15233,-1792,2170,-9202,2456,9184
11939,-1792,-317,-8042,3356,10196
7366,-1792,-1107,-6958,5400,10312
6338,-1808,2415,-3598,2748,8356
11100,-1808,8967,-3810,3952,7532
12223,-1776,4136,-2638,13408,11640
10586,-1776,3154,-2002,12948,10672
18411,-1776,9658,410,17628,6548
16706,-1776,8957,826,16548,5024
18131,-1808,10493,3158,16416,1496
22817,-1808,6492,4622,17788,796
20807,-1744,7877,3582,19908,1800
17558,-1792,12717,4986,19540,1544
18818,-1792,6724,8994,22588,-232
20371,-1760,-4298,11214,27016,940
17183,-1792,8443,8878,21276,1900
15144,-1760,17652,9714,21040,1240
11493,-1792,5372,9994,22652,2068
6409,-1760,-3711,10434,17972,1924
2845,-1760,-731,11950,14064,1132
1
-10196,-1824,3282,19786,32467,-2856
-32558,-1808,-32598,20550,32467,-16268
-32558,-1776,-31903,31817,32467,-32768
-32558,-1776,-4539,31817,32467,-32768
-32558,-1808,-4936,31817,32467,-32768
-32558,-1760,-1240,31817,17144,-16976
-32558,-1792,13946,31817,816,-2000
-32558,-1760,-1571,31817,-3204,8588
-14568,-1792,-2341,30546,-7296,10264
-3276,-1760,3230,20278,-1148,16088
3178,-1792,810,13590,2828,18260
7290,-1760,-3229,5874,660,18648
9123,-1792,-3557,46,-1884,17476
10218,-1760,-1848,-3614,-1252,14652
12936,-1792,-4945,-982,1628,12348
16039,-1808,-9132,-1174,4124,10156
16999,-1792,-3093,-2558,2044,8620
15419,-1776,5975,-2466,3288,8168
19050,-1792,3181,2178,13840,5152
20413,-1808,-5063,-1214,15832,5748
15287,-1792,3731,-1542,9860,6944
16810,-1808,13258,4446,12268,3004
21270,-1792,2886,7446,25900,3276
18453,-1776,178,3350,18488,3716
16075,-1760,16114,6414,11800,2132
15091,-1776,11002,11186,26900,2356
9694,-1776,-5764,9714,26784,3192
5254,-1808,3155,10774,15276,1536
6290,-1776,17786,13634,16760,504
6668,-1776,11687,16058,24852,2056
4861,-1808,3338,14710,21868,2048
3719,-1744,6484,14410,17576,1988
1
-32558,-1776,-5666,15334,32467,-24592
-32558,-1792,-5511,17934,32467,-32768
-32558,-1792,5665,26834,32467,-32768
-32558,-1760,-26858,31817,32467,-32768
-32558,-1824,-25722,31817,32467,-32768
-32558,-1792,-1318,31817,15952,-11928
-29739,-1792,-16791,31817,-16476,-19924
-32558,-1792,-2465,31817,-16040,-8492
-29678,-1792,1473,28734,-7060,2900
-19673,-1808,-6047,16074,1392,12400
-748,-1792,18419,13554,-1356,21812
8423,-1808,11635,622,7508,17948
9561,-1760,7200,-8494,4768,14540
13564,-1776,-6956,-11126,8216,15864
11049,-1776,-7540,-7126,2252,15640
9717,-1776,-1211,-5122,-232,15200
9170,-1776,1539,-2122,2408,12928
11654,-1808,2249,-3210,7024,11864
12861,-1776,-6274,-4878,11536,12216
12527,-1792,-12958,-3158,10516,11140
12961,-1760,-8251,-2386,7356,10780
12072,-1792,4131,-2426,9876,10916
14621,-1792,1981,294,14604,8096
17460,-1760,-5504,1686,16620,7044
15865,-1792,-2944,-734,12384,7728
14124,-1792,8828,730,9544,5412
16668,-1792,1502,5166,21540,3804
12989,-1824,-10110,3858,22448,6144
5055,-1792,875,4294,12956,5236
7585,-1760,12100,7498,12504,1784
10142,-1760,8966,10710,25848,6488
1965,-1792,-5454,10722,25492,9084
1
-10603,-1808,18123,-2314,32467,-3460
-26768,-1792,-9275,-998,32467,-27276
-32558,-1760,-1277,16022,32467,-32768
-32558,-1776,5006,31817,32467,-32768
-32558,-1776,-17148,31817,32467,-27600
-32558,-1776,-18442,31817,16016,-15856
-32558,-1776,-9427,31817,-9820,-1712
-19712,-1776,15376,31014,-7100,1396
-12916,-1776,13599,27346,-404,844
-1728,-1808,-2024,23286,196,9192
2570,-1776,4344,16314,-8896,14892
7834,-1808,15290,9038,-6528,17948
15505,-1776,10284,5062,-1464,17712
23307,-1808,-1215,2882,220,15856
27405,-1776,-6701,122,796,12220
27603,-1792,-4786,-30,3304,9584
23838,-1792,-2293,1642,8376,7948
21572,-1760,-2888,2642,14116,5068
20090,-1792,7608,322,13068,3300
21849,-1760,21252,5042,14872,1968
24372,-1792,4839,6718,26772,144
24547,-1792,-5845,4730,26928,92
21525,-1792,982,4306,19760,292
16961,-1760,14240,6342,20084,1400
13394,-1792,7768,6850,29328,652
12590,-1808,-3577,6458,24452,-836
11914,-1792,-1080,7878,22316,336
8345,-1808,1149,8962,21440,2988
4588,-1808,-1342,10234,19528,2616
3456,-1776,-2640,11574,16156,1628
5437,-1776,1483,13534,14116,1064
5700,-1808,4944,14914,13640,2688
1
-32558,-1760,-9180,31817,32467,-27480
-32558,-1776,5696,31817,4484,-13532
-29253,-1792,12316,31817,-8420,8696
-22151,-1776,-15090,31817,-25424,26296
4414,-1760,6838,31817,-18304,17512
13417,-1776,-10001,18166,-4912,14076
15249,-1776,-8046,11234,-2288,12796
16414,-1776,-3769,8854,2904,10564
21174,-1808,-3880,6870,11376,8752
18798,-1808,-11753,1678,17100,9516
6564,-1808,-8310,190,15240,10368
1706,-1808,-1079,2126,20700,9636
8541,-1776,-2065,6678,22188,4712
16715,-1776,7010,6646,20956,4316
13005,-1792,13686,6986,22284,8980
7769,-1792,491,8606,26420,8120
7205,-1824,-3479,8810,21596,5116
7500,-1792,10572,9050,23880,6380
3016,-1792,-5234,7462,25276,9244
-5218,-1824,-10361,8610,16020,8672
-8092,-1792,1457,13358,17188,8092
-6591,-1792,3503,15342,15720,6684
-5467,-1760,6622,14634,11988,5808
-6861,-1792,12544,15422,10620,6544
-9590,-1792,13637,16882,11724,6444
-9915,-1792,6909,18694,12104,5612
-10046,-1824,3013,19342,11788,7888
-12855,-1776,3694,18974,11000,10192
-14990,-1776,7312,19950,11140,7856
-10558,-1776,8268,19578,10356,5584
-5768,-1776,6081,17866,7684,5876
-3004,-1776,8075,16766,4116,5604
1
8534,-1792,18963,17418,32467,7584
-18611,-1792,19785,-11790,32467,-15360
-28983,-1792,-16747,11106,32467,-29644
-32558,-1792,-8751,27742,32467,-27496
-32558,-1792,-10308,31817,32467,-32768
-32558,-1760,-32598,31817,32467,-32768
-32558,-1792,-12450,31817,27076,-32768
-32558,-1792,9129,31817,-32260,-19560
-26472,-1776,-9762,31817,-16796,6512
-12942,-1776,-20233,31817,-16736,-7096
-4384,-1744,6583,28878,-1080,-16
-4789,-1808,14221,11598,696,9436
-609,-1808,14337,7186,-1196,14868
7055,-1808,8238,6690,-156,14484
17224,-1776,4177,5414,2992,12024
20648,-1792,9536,2778,6896,11332
22282,-1792,17748,2810,7580,8096
27358,-1792,22475,6930,12920,3728
31486,-1792,14138,5590,19176,2152
27856,-1824,7956,4466,14212,2768
21312,-1792,8021,8894,21508,4212
14981,-1760,5212,10310,25832,4628
12214,-1760,7463,9618,19948,2100
16838,-1760,9037,12354,15728,980
9655,-1760,6024,15902,30172,10404
-1306,-1792,3630,16894,26016,8284
1629,-1792,1370,16322,16148,3232
5126,-1824,12168,15758,16084,5100
3897,-1808,11154,16290,18948,6248
1494,-1808,935,15786,17760,6660
-3349,-1808,-1658,15722,13216,6056
-6345,-1776,5443,16786,10624,5896
1
-17278,-1792,1689,12434,32467,284
-32558,-1776,-11199,25142,32467,-26124
-32558,-1808,-10889,31817,32467,-32768
-32558,-1760,1040,31817,32467,-32768
-32558,-1760,-12039,31817,32467,-32768
-32558,-1760,-17301,31817,9008,-20052
-32558,-1792,-13010,31817,32556,-9716
-22644,-1760,13147,31817,-10124,6280
-13946,-1792,3697,31817,-7492,8528
1435,-1760,-897,20758,-4144,19724
14037,-1760,-2362,10294,-7972,20424
25902,-1760,6619,4182,-4448,17016
30672,-1776,6260,-2306,2752,11056
29843,-1792,-1852,-6606,9272,8528
25201,-1776,-5484,-6930,8032,6088
24819,-1808,-1770,-5646,8248,4164
22970,-1744,5004,-6542,10052,3900
22857,-1744,7481,-4702,13288,2048
22209,-1744,462,-3030,16956,4084
16412,-1776,-3602,-5050,15956,4964
13041,-1776,773,-2162,15108,2516
20919,-1744,-6234,3510,22048,508
21242,-1744,-17825,-2038,23176,4796
11996,-1808,6532,-2726,14720,5568
10577,-1744,16224,3694,21216,2964
14008,-1776,-8246,4986,29476,4088
10067,-1776,-18429,2794,20156,5592
4610,-1776,-5516,4162,13020,5124
1909,-1760,3569,7918,14828,4992
-188,-1792,1415,10042,19252,6116
-2440,-1760,-2373,11186,16236,5332
-3027,-1792,-1452,12130,11988,3864
1
-32558,-1744,2269,31817,32468,7280
-8450,-1776,5920,31817,-28736,20368
19731,-1760,-8134,31817,-3348,15144
21922,-1776,-15969,11922,16532,12016
15751,-1760,-11380,-3358,14500,9160
17821,-1808,1252,-4114,9976,6100
21305,-1776,14057,-6734,15700,5616
22025,-1776,14323,-8178,17012,5144
20159,-1792,10993,-9610,13912,4160
21083,-1776,12344,-8390,14028,916
24035,-1792,13748,-4758,16080,612
21543,-1776,6740,-4986,17732,3248
17256,-1744,4260,-3478,16144,2964
14593,-1776,4967,-1174,17496,3412
12662,-1776,-1513,810,21228,2944
11574,-1808,-17455,1722,19316,3180
7029,-1776,-16291,1482,15840,4860
2008,-1776,-9128,4746,17748,5964
1028,-1776,-8500,6970,16352,5332
3203,-1776,-6585,8702,14172,5640
-1425,-1744,-2408,11890,20192,10132
-7544,-1776,-2349,11746,16536,9388
-7566,-1776,-3005,13626,10564,5260
-2386,-1776,2344,14818,8972,4896
-133,-1776,6230,15862,9004,6704
-3246,-1792,6019,17170,10996,7860
-6489,-1760,-1835,19098,12740,8572
-9767,-1760,-5689,19002,9276,9540
-14001,-1792,544,19666,7740,7896
-13517,-1760,6708,20130,6500,6340
-8845,-1792,9644,18930,4348,4028
-2559,-1760,12856,17930,3464,2916
1
-32558,-1776,-21236,31817,32467,-32768
-32558,-1792,-12988,31817,32467,-32768
-32558,-1792,-111,31817,14652,-17160
-32558,-1760,-12285,31817,-17384,-4492
-18618,-1760,2596,31817,-30840,10520
-9822,-1760,3692,31817,-15816,17832
3113,-1760,-7845,19842,-3128,17748
14906,-1792,-11445,2970,-336,15660
22511,-1792,995,-3294,2064,11692
30490,-1808,6690,-2198,12192,9012
29413,-1744,-3097,-8490,18336,8020
25968,-1776,-5948,-12226,13816,4296
25539,-1776,-7145,-6770,12752,2132
22012,-1776,-14713,-4694,18108,5508
12652,-1776,-10464,-6926,14344,7192
7102,-1776,2298,-3350,9164,4644
8229,-1776,744,2998,16724,4620
8038,-1776,-11669,1946,23884,7300
2526,-1776,-13754,898,15220,7336
-233,-1776,-9280,4790,13864,7816
-4160,-1744,-10822,8058,18404,10048
-5549,-1808,-6853,8194,14468,8384
-4439,-1808,1345,9674,11412,7588
-6000,-1776,1475,13506,14504,9120
-7911,-1760,1170,15090,12756,8504
-7558,-1760,6291,17202,11468,7392
-6343,-1760,12449,18910,10880,6636
-5440,-1792,10239,19386,12392,6276
-5626,-1760,8944,19234,11156,6408
-7538,-1792,13833,19402,9812,6740
-10345,-1824,12750,19526,12512,7424
-11099,-1760,5613,19682,12184,6020
1
-17743,-1792,-8521,31817,32468,-8636
-2288,-1808,25817,31817,-25916,7268
2737,-1776,11598,31817,-9748,10704
11749,-1776,-13248,20818,-896,10864
12997,-1776,-12895,6486,-104,11308
14303,-1776,-8515,3690,6940,9508
19652,-1744,-12669,-94,13952,8028
18644,-1776,-998,-3106,10608,8712
14115,-1776,17864,-2742,18476,10264
10605,-1792,-1681,570,30200,8800
12593,-1776,-15518,-978,21552,7820
14144,-1760,6498,-206,11384,7192
13714,-1760,14688,5038,21888,8576
7328,-1792,-5847,5942,28740,9936
294,-1792,-10307,4234,15892,6576
-1543,-1792,-1503,8878,19268,7844
-661,-1760,3862,10030,12088,5320
-15,-1792,7161,11830,16588,8008
-3388,-1760,1791,12314,17924,8948
-5619,-1760,652,13126,13400,7408
-6334,-1792,5850,14522,10976,6916
-6203,-1760,9721,15782,11920,7348
-6659,-1792,9469,16566,12356,7616
-8421,-1760,6127,17266,11548,7636
-10897,-1760,6485,17758,10436,6968
-11092,-1792,10424,18462,9044,5740
-9075,-1792,13347,18130,8280,4716
-6249,-1792,11908,17842,6844,3912
-3734,-1760,13491,17122,4888,3248
-1506,-1792,16857,16406,5916,3184
1
17401,-1760,-2153,18442,32467,7780
15254,-1776,21960,10106,32467,6156
-9486,-1776,21494,4442,32467,-6420
-32558,-1776,17034,13114,32467,-20296
-32558,-1760,10126,29378,32467,-27908
-32558,-1792,2018,31817,32467,-28768
-32558,-1760,-16640,31817,32467,-20132
-32558,-1792,9897,31817,-7168,-3144
-22234,-1760,27310,31817,-10336,-2188
-22062,-1760,7264,31817,4728,15504
-14102,-1792,-9099,24738,-7472,12640
-258,-1760,6702,13746,-9260,20252
10621,-1792,4298,2166,-4056,16124
19908,-1760,4446,-9150,-1396,12496
24469,-1776,2309,-8066,-484,10952
23857,-1792,-661,-9494,2304,9536
21249,-1744,-1901,-11874,2316,8376
18179,-1776,-2482,-6866,4472,7104
15545,-1744,-6335,-5298,8168,7284
11621,-1776,-11940,-7210,8244,7552
10079,-1776,-11697,-2706,8000,6220
10993,-1776,-9724,-378,10856,6040
12256,-1792,1376,-1446,10040,5392
15919,-1760,13144,1546,10936,3052
18292,-1760,5354,4734,22548,3936
14081,-1760,-3623,3554,19944,4264
10264,-1760,-831,5086,13976,2704
8013,-1760,-6353,10550,25848,3932
4666,-1760,-15814,9354,21576,4380
3072,-1792,-4893,10246,12200,2300
1725,-1760,10592,14698,16792,4924
-4736,-1760,4479,15842,21996,6660
1
9539,-1760,4208,31817,-8728,10484
22876,-1792,-889,14714,1620,12704
25706,-1760,-5476,2938,3404,11348
23888,-1760,-2901,-1978,2224,10740
21120,-1792,-1508,-4358,9100,9408
20950,-1760,-7629,-7374,13512,7436
20269,-1760,-10691,-8910,13264,6944
17090,-1792,-5423,-5662,15396,8796
13901,-1760,1664,-5822,16248,8388
17953,-1792,9700,-5270,13156,3648
26053,-1808,9089,-1974,21368,4120
25156,-1792,-1130,-4202,24124,7452
17408,-1776,1824,-6530,16396,6424
14167,-1776,6593,-990,16432,4496
11761,-1744,-5085,-798,25760,6716
6441,-1776,-15161,-4170,20672,7128
2818,-1744,-7768,-3902,13600,6304
239,-1792,-4851,114,17520,7616
-171,-1760,-10185,2686,17544,7884
-417,-1792,-9517,3954,14500,7892
-3434,-1792,-9708,4598,15516,9780
-6836,-1760,-9618,6274,11280,8352
-6125,-1760,-4042,7842,10996,8400
-8268,-1760,-2208,9850,14604,11052
-9746,-1792,-4334,11206,10724,9416
-6876,-1776,409,12414,6720,7452
-4284,-1776,9037,13562,7764,7900
-3884,-1776,13529,14218,8428,7500
-4127,-1776,13094,15266,8340,6628
-4448,-1808,12059,16466,7584,6116
-5952,-1744,14409,18182,8092,6320
-7526,-1776,14737,18990,9352,6876
1
-32558,-1792,3507,29310,32467,-32768
-32558,-1776,13193,31817,32467,-32768
-20944,-1760,1807,31817,32468,3088
-11207,-1728,9026,31817,-26800,13280
1741,-1760,-4018,31817,-18152,12760
17035,-1760,-12083,19654,-148,11768
14464,-1760,-7211,7506,6580,11996
14135,-1760,1936,7642,7048,8452
20222,-1760,11728,10906,12644,5600
22111,-1792,9598,7450,24356,6100
17063,-1792,3005,5978,27688,4704
18286,-1776,4442,12018,19284,1764
21189,-1760,6562,12350,27492,2952
19188,-1776,16566,9430,25224,4064
13718,-1808,2765,10482,27860,5200
2598,-1808,-16627,12778,25464,6520
2368,-1776,-4455,15134,15528,1036
10130,-1744,21236,16578,14836,672
7919,-1776,17383,16486,25160,6756
-1937,-1776,-1125,16094,21508,6468
-5325,-1792,2902,17886,14352,5012
-8536,-1760,720,17990,11120,5488
-9796,-1760,4124,17882,8532,4244
-8184,-1760,9654,17526,7288,3692
-6027,-1792,12576,16850,7192,3404
-2881,-1792,12876,16534,7444,2820
67,-1760,12880,15838,7128,2864
1008,-1776,14079,15138,6936,3092
1
-32558,-1776,-10170,31817,32467,-32768
-32558,-1744,-17065,31817,32467,-32768
-32558,-1744,-29140,31817,32467,-32768
-32558,-1744,-7070,31817,-11448,-18736
-32558,-1776,9280,31817,-24956,1340
-19040,-1776,3140,31817,-10536,10652
-3912,-1776,-2671,26734,-9440,10280
6729,-1776,5625,14326,-5076,14708
12355,-1760,7845,4618,-1996,17820
14295,-1792,-265,-3566,1096,19520
14091,-1760,-10102,-7950,812,17068
13606,-1792,-8412,-10246,-1608,12012
12908,-1760,239,-11286,1364,10348
12332,-1760,1746,-8306,5392,8932
12796,-1792,-4104,-9514,7056,9124
8843,-1776,-4856,-11290,7448,11264
6146,-1728,-1519,-8906,7916,11376
8046,-1792,-10910,-7306,14772,11396
7956,-1760,-11202,-10710,8868,11260
6567,-1760,9686,-9310,5604,10252
8989,-1760,9990,-6262,15388,10692
7786,-1760,-6869,-7818,17364,11780
3406,-1760,-6478,-6846,10000,9468
2842,-1760,3348,-3826,8844,7948
2604,-1760,-2234,-3690,13756,8576
2187,-1776,-7155,-2886,10388,7620
2134,-1792,242,-394,6800,6584
921,-1776,3816,294,13016,8064
-1808,-1792,-2594,826,14872,8216
-915,-1776,-3871,3142,9856,6376
-773,-1728,968,5070,13956,8300
-5227,-1776,2693,6070,16192,9216
1
14595,-1760,-6238,6258,5232,7716
15571,-1744,9198,5526,6932,7520
19490,-1776,20341,6866,17096,5016
25153,-1776,12515,110,21788,4456
23502,-1776,13970,-990,14476,3552
19830,-1776,17829,7926,24372,4904
13154,-1792,-9561,5330,32467,4664
5112,-1760,-16413,4570,21636,3912
5801,-1760,-8107,6622,12872,4276
397,-1792,134,11986,24032,10900
-5987,-1792,-7222,13434,25856,10248
552,-1792,-8294,12258,11956,6168
3369,-1792,5013,14670,16536,10472
-22,-1760,-1251,15086,21204,10456
-578,-1792,-7092,13602,13992,9816
-724,-1760,2021,13790,8432,9404
-1587,-1760,11113,14614,11792,8736
-2346,-1792,4827,13550,12896,9148
-4828,-1792,-50,13630,10076,8820
-7064,-1760,2704,14378,7436,7740
-7505,-1792,7525,15066,6904,7188
-4952,-1792,6827,15770,8532,7120
-3541,-1776,7022,15430,7448,7328
-4572,-1760,9839,15198,7100,7652
-4095,-1776,8615,15834,7568,6764
-1751,-1792,1702,15618,7672,5932
-350,-1776,1485,15198,5036,6020
-837,-1792,8383,14662,3652,5836
-2258,-1808,12775,14874,5488,5344
-2583,-1760,6912,15422,7704,5640
-2492,-1744,520,15130,6300,5512
-3211,-1760,1849,14582,4488,6112
1
-32558,-1776,29917,31817,32467,-32768
-32558,-1792,18870,31817,32467,-32768
-32558,-1760,-1576,31817,32467,-32768
-32558,-1792,14020,31817,16544,-28964
-32558,-1792,20278,31817,-1432,11912
-32558,-1792,-8581,31817,-9280,21924
-14258,-1792,-5291,31817,-12584,24284
3740,-1760,9345,23690,-2244,27776
17300,-1760,-1981,7446,5896,22096
18348,-1760,-7582,-1818,3256,18772
17759,-1760,-13117,-2982,3836,13384
18254,-1760,-17652,-2414,3156,8556
16792,-1760,-23706,-5102,8140,7948
11923,-1792,-26412,-5638,9520,8492
5352,-1760,-16723,-4298,5376,9748
1597,-1760,30,-922,6028,9744
-391,-1792,-2524,662,17740,11884
-833,-1760,-13811,338,13972,12220
1086,-1760,-5811,3454,6500,9684
6325,-1792,7035,6022,12456,10088
-12,-1760,-378,6278,25376,17824
-8941,-1760,-10115,3750,13992,12748
-2626,-1760,1400,8830,11032,7908
-776,-1792,5910,9838,19192,14120
-7772,-1760,1105,8242,14712,13164
-7468,-1760,7274,10350,8172,6856
-4454,-1760,13944,13334,13704,9884
-9625,-1760,6489,14690,17504,12568
-12324,-1760,9481,16386,10252,6840
-7574,-1760,25709,18902,10612,5248
-7140,-1760,21862,18982,17204,9816
-14363,-1760,5473,18110,16528,11648
1
