-32559,-1552,-20759,31817,11776,-27548
-32559,-1536,-20274,31817,-3428,-17896
-32559,-1568,29031,31817,-23096,-21256
-32559,-1552,-32598,20598,-9768,-32768
-32559,-1552,-32598,24110,-932,-22880
-32559,-1552,-7754,13702,6192,-20024
-32559,-1568,-9013,8782,12136,-26960
-32559,-1536,25540,374,7984,-32768
-32559,-1568,15617,14430,7860,-32768
32268,-1536,1423,5250,3052,-32768
12525,-1552,-5430,4190,5824,-32768
2717,-1552,-1976,7142,4268,-32052
-5375,-1552,-7553,1754,4024,-27200
-7418,-1584,-4012,3078,3816,-23396
-5154,-1568,3703,3058,4652,-20804
-7231,-1536,-1482,1514,3192,-15024
-5366,-1552,1924,2350,3216,-14944
-2759,-1552,1640,1710,3344,-14232
-4052,-1552,-737,1078,2612,-13136
-2790,-1536,609,1770,3352,-13316
-1665,-1536,1276,1178,4000,-12636
-1368,-1568,-305,358,3296,-12724
-877,-1584,-898,682,2840,-12876
654,-1584,377,1486,3916,-14088
641,-1552,445,626,3868,-13276
41,-1536,-1293,614,3480,-14048
31,-1600,-1262,890,3068,-14012
-245,-1568,-1589,1006,3272,-13776
1005,-1568,379,1314,2952,-14060
357,-1520,-615,682,3192,-14104
3
-32559,-1536,-32599,31817,1480,13056
-32559,-1552,-32599,31817,19640,-340
-32559,-1552,-277,31817,10028,-1208
-32559,-1536,-30143,31817,-5800,-20856
-32559,-1536,22638,31817,-7780,-8768
-32559,-1568,-27060,24742,3772,-27300
-32559,-1568,-25842,18666,2360,-32768
-32559,-1584,-10258,20246,1876,-32768
-32559,-1552,-17313,9966,9880,-30132
29625,-1536,-8315,5270,5916,-32768
30258,-1568,7361,12270,392,-30668
12337,-1568,-7035,794,2840,-27352
6321,-1552,-8859,6874,3096,-25528
12237,-1552,3117,5542,2516,-24120
5664,-1552,2407,2466,4660,-21832
-235,-1568,-688,5046,4384,-19900
-695,-1568,-110,4666,3308,-18592
177,-1568,-150,3658,2912,-17100
-1776,-1552,430,4894,2948,-16440
-3897,-1536,910,4958,3664,-15148
-4926,-1584,-69,5086,2820,-14856
-4111,-1568,1163,3650,2784,-13816
-3907,-1568,-211,3342,3204,-13724
-3538,-1504,457,3306,3240,-13704
-2686,-1520,729,3082,3044,-13432
-2446,-1552,157,2350,3036,-13172
-2162,-1552,-984,2878,2672,-13872
-1302,-1520,-880,2690,3096,-13572
-909,-1536,-23,3182,3320,-13356
-1558,-1504,273,2870,3248,-13708
-2685,-1536,-448,2506,3440,-14024
-2369,-1552,-1249,2842,3788,-14000
3
-32559,-1536,-6176,24082,-3888,32767
-32559,-1520,-5278,28058,2704,32767
-32559,-1520,13843,31817,12248,21880
-32559,-1536,-32599,31817,14120,-2016
-32559,-1568,-32599,31817,14924,-2456
-32559,-1536,-29849,31817,-7392,-30656
-32559,-1520,-10551,31817,-17656,-26592
-32559,-1552,-10339,26826,-7116,-32768
-32559,-1552,-32598,28342,-2084,-28136
-32559,-1536,-14328,14198,124,-32768
-32559,-1536,2568,6938,8288,-29464
24607,-1504,-570,-2474,6060,-30556
31595,-1536,9201,10622,-3256,-30612
21701,-1552,-1506,642,2280,-29644
7218,-1552,-4410,7866,1808,-26468
5837,-1552,-1323,5346,220,-25120
719,-1568,-5871,3014,888,-23196
-1671,-1536,-902,5318,2004,-20028
-3070,-1536,2084,4294,3072,-18372
-2278,-1552,1033,2982,1676,-16756
-2322,-1552,1212,3962,1068,-16152
-2790,-1552,770,3390,2772,-14452
-2768,-1536,-931,3362,1664,-14444
-632,-1536,932,4446,1156,-14112
-1960,-1520,-75,3274,2448,-13832
-2734,-1552,-377,3386,2368,-13900
-1495,-1520,527,4026,1836,-14308
-1822,-1536,-964,2654,1468,-13268
-1217,-1536,-1039,3334,1304,-14120
37,-1552,-291,2874,2724,-14128
-370,-1552,-697,2602,2176,-13868
-1403,-1520,-1147,3334,1912,-14424
3
29115,-1536,-32599,13510,-12252,-32088
32083,-1568,-17256,3554,-1828,-30816
21129,-1568,-9681,3946,-2860,-25912
16194,-1536,1641,-530,-228,-29748
14111,-1520,3836,4090,-4328,-29360
8610,-1552,-6287,-722,-596,-27080
2333,-1552,-4087,3650,-916,-25324
-539,-1552,-3359,2510,332,-22996
-292,-1536,-1153,310,1040,-20780
-1591,-1536,-2898,2182,-52,-19304
-3283,-1536,-907,3106,1664,-17120
-2353,-1536,-835,574,2072,-16128
-1102,-1552,-475,974,504,-15200
-377,-1552,228,2018,1332,-15144
-533,-1552,-288,1782,2416,-14576
-447,-1536,-668,2014,1340,-14248
-945,-1568,-1244,2146,1300,-14548
-287,-1536,-1399,1838,2292,-14176
-1142,-1552,-1129,1962,1288,-13860
-460,-1584,27,2006,1616,-14200
-266,-1552,403,1806,2328,-13600
-299,-1552,-1220,1794,1776,-13680
98,-1568,-543,1970,1800,-13856
104,-1504,-567,1486,2324,-14156
469,-1568,-949,1702,1956,-14128
942,-1552,-543,2342,2248,-14664
508,-1536,-564,1710,2004,-14016
187,-1552,-67,1786,1700,-14400
602,-1520,-408,1746,2300,-14252
378,-1536,-1792,1998,2676,-14440
152,-1568,-575,1666,2292,-14324
513,-1536,-707,1826,2008,-14868
3
-32559,-1536,-32599,31817,8456,4292
-32559,-1536,-15480,31817,8316,-4288
-32559,-1568,-7406,31817,-21576,-29032
-32559,-1552,-32599,31817,-28540,3624
-32559,-1520,-32598,31817,3764,-32768
-32559,-1520,-9953,23646,16340,-32768
-32559,-1536,227,16182,10140,-32768
21213,-1568,8511,5734,-3200,-32768
11424,-1536,-3546,4806,-5900,-32768
7004,-1536,-11329,5374,64,-29576
-4583,-1520,3119,3690,1184,-26260
-3153,-1552,4090,5006,-1356,-23916
-4558,-1520,-3519,666,112,-20960
-7206,-1536,-3787,3318,3364,-19272
-8748,-1536,1054,3050,3812,-16584
-5673,-1552,1106,2294,1136,-15460
-5205,-1520,409,1390,892,-14448
-4355,-1552,-415,2714,2336,-13788
-2610,-1568,1282,1974,3116,-13144
-667,-1536,1541,1706,2116,-13072
-953,-1568,-628,1466,2568,-13508
-1062,-1552,-734,1278,2964,-13504
-84,-1552,-57,1162,2748,-13388
217,-1520,-74,1470,2180,-13612
461,-1536,-638,1386,2424,-13804
412,-1536,-1481,1242,2956,-13764
800,-1504,-738,930,2700,-14340
626,-1568,-736,1398,3012,-14316
669,-1552,-1546,1346,3048,-14904
260,-1520,-2156,1186,3324,-14712
-818,-1552,-1520,794,3084,-14692
-1575,-1536,-2094,1498,3076,-14212
3
-32559,-1536,10906,22930,-13056,26860
-32559,-1568,-32599,31817,-5520,17248
-32559,-1536,-32599,31817,4988,7968
-32559,-1536,-32599,31817,-1012,-5692
-32559,-1520,23684,31817,-588,-17144
-32559,-1552,-32598,26166,-8492,-32768
-32559,-1520,-32599,31817,-27224,-31852
-32559,-1568,-32598,6418,2040,-32768
31471,-1536,12306,14186,-2504,-32768
-32559,-1568,-5078,12094,-5916,-32768
16703,-1552,-8544,-1938,232,-25636
9741,-1520,-600,8606,-6332,-27248
5671,-1520,-6794,1626,-328,-24240
-302,-1536,-4913,1866,-204,-21284
1294,-1536,979,2410,-1144,-21120
-532,-1536,-2156,438,1852,-18728
-3463,-1568,-1893,914,1456,-17500
-2988,-1520,-30,2574,-224,-17208
-2500,-1552,1205,1826,-40,-15888
-2835,-1552,539,1314,916,-15180
-1818,-1536,-713,1842,964,-14768
-1718,-1568,-350,1010,1644,-14192
-3231,-1536,-1271,478,2128,-13508
-1336,-1536,-691,1442,440,-14008
947,-1536,8,1114,1168,-13672
403,-1552,-90,1490,1436,-13932
814,-1552,127,1742,1088,-14416
234,-1568,-418,1018,1568,-14276
175,-1536,-854,1002,1780,-14120
469,-1536,-572,1434,1792,-14532
328,-1584,-867,786,2060,-14216
-266,-1520,-1490,698,2076,-14216
3
-32559,-1536,-9694,31817,-7416,-16476
-32559,-1536,25783,31817,-22856,-24508
-32559,-1536,-3598,21658,-4368,-32768
-32559,-1552,-30931,17754,-2492,-32768
-32559,-1552,-1965,10082,-3948,-32768
22957,-1552,-6793,738,2572,-30500
11426,-1536,-5817,-3778,1652,-22832
16215,-1536,4659,4550,-2644,-24128
12845,-1536,-1988,-2674,1676,-20764
5934,-1552,-2863,1190,-800,-21868
7217,-1520,928,1838,-112,-21852
288,-1536,-3003,782,712,-18112
-1369,-1536,-3031,2710,-1088,-17904
-415,-1536,-715,1694,100,-16272
-1455,-1552,-1230,1254,1288,-14732
607,-1520,-736,1894,348,-14956
2087,-1504,-157,1542,1920,-14508
328,-1536,-1452,1290,1212,-14140
1473,-1536,-523,1810,1100,-15184
1901,-1536,1117,1302,1356,-15104
1329,-1552,-144,958,1584,-15264
708,-1568,-747,1262,1460,-15132
-120,-1568,-363,1286,1828,-15188
-517,-1536,-1012,1050,1652,-14688
-104,-1552,-1076,1546,1472,-14884
351,-1520,-150,1314,1768,-14808
243,-1552,-96,1578,1632,-14748
-405,-1568,-504,1962,1320,-14468
-109,-1504,-765,1838,1576,-14636
261,-1568,247,1870,1448,-14564
12,-1536,-573,1794,1348,-14356
403,-1584,-885,1990,1120,-14660
3
29363,-1536,19856,20766,-8440,32767
-32559,-1536,22022,17138,11260,32767
-32559,-1568,-26107,19286,-544,32767
-32559,-1552,15664,31817,-3840,25028
-32559,-1536,-32599,31817,3012,10116
-32559,-1552,-32599,31817,8536,3580
-32559,-1520,-32598,31817,1844,-12852
-32559,-1568,11060,31817,-20128,-20116
-32559,-1504,-32599,30246,-19912,-25948
-32559,-1568,-32598,31817,13060,-19640
-32559,-1552,8881,13042,-4724,-29684
27670,-1520,4535,15974,-6412,-32768
14463,-1552,-5241,-726,-1816,-29816
9867,-1520,-7049,7162,-4084,-29420
6092,-1536,-3479,1050,1096,-23984
3293,-1536,-2324,2462,-36,-23748
4465,-1504,-169,1750,1432,-22268
-411,-1536,-4180,478,1648,-20512
-1920,-1552,-1351,2394,1568,-19612
-3553,-1552,-54,2682,1364,-17084
-3351,-1536,-629,2074,1080,-16000
-1885,-1552,-2244,2870,1824,-15796
-2210,-1536,377,2254,1764,-14404
-2120,-1536,-276,1906,1772,-13860
-1239,-1536,108,2706,988,-14004
248,-1568,498,2230,2096,-13996
-1087,-1552,-663,2142,2152,-13640
-347,-1520,-261,2410,1640,-13876
-183,-1552,-1163,1782,1976,-13520
288,-1536,-1206,2342,2468,-14012
255,-1536,-133,1958,2660,-14004
-204,-1568,-152,2174,2740,-14348
3
-32559,-1520,32199,31817,-13820,-25604
-32559,-1552,-8993,31817,-8652,-32768
-32559,-1552,-909,24914,1468,-32768
-32559,-1536,15623,27898,-23880,-32768
16079,-1568,-16796,-3802,-2332,-31088
-1816,-1536,-5849,3850,-8900,-29964
7595,-1552,-9306,6930,-6296,-27856
3590,-1552,-9471,-858,336,-21136
-925,-1504,393,2610,-1360,-21316
3312,-1568,754,3458,-1168,-20016
-1049,-1568,-2445,1814,616,-17524
-1559,-1552,-1489,3346,-36,-17056
-1575,-1552,779,3510,-172,-15316
-2505,-1552,-1780,2614,1256,-14756
-3069,-1536,-3175,2414,1136,-14292
-1991,-1568,-215,3378,532,-14288
-1807,-1536,-423,1958,2100,-13064
-1047,-1568,-996,3294,776,-13924
103,-1536,-514,2410,2108,-13888
-1403,-1552,-973,1634,2164,-13840
-1494,-1520,-1997,2126,1792,-14296
-727,-1568,-589,2522,1200,-13996
-274,-1568,-1291,2042,2120,-14300
-137,-1536,-1682,2382,1584,-14364
-765,-1552,-2426,2434,1672,-13972
-460,-1520,-868,1858,2360,-13672
-134,-1552,-1081,2118,2224,-13844
194,-1536,-1523,2510,1748,-14248
122,-1568,-1392,2378,1504,-14044
-235,-1568,-1762,2114,2032,-14040
446,-1552,-1095,2450,1588,-14352
706,-1552,-624,2510,1648,-14420
3
-32559,-1520,21105,31817,368,20872
-32559,-1536,-32599,31817,6264,2992
-32559,-1552,-32599,27294,7472,1588
-32559,-1520,1768,31817,6648,-6528
-32559,-1552,-16344,31817,-11136,-31300
-32559,-1536,24264,31817,-15904,-26628
-32559,-1504,-32598,31817,-260,-32768
29694,-1568,-11617,4826,4032,-29872
30577,-1504,16716,19506,-17716,-32768
13569,-1552,-18016,-8210,4180,-27460
5469,-1520,-6366,5734,-4108,-29964
9267,-1568,-2572,1694,-2020,-25880
2898,-1536,1423,1514,-188,-21952
1114,-1568,-4520,250,-100,-22832
-1291,-1552,-1628,1474,1920,-19880
-4694,-1552,1005,1794,972,-16192
-2519,-1552,-5575,230,128,-17656
-620,-1536,-347,1946,496,-16376
-2211,-1536,242,1070,2648,-14148
-938,-1536,-2256,1254,388,-15780
756,-1552,290,1518,1476,-15276
-1536,-1520,-473,1026,2008,-14096
-1236,-1536,-1720,990,512,-14824
87,-1504,-418,1774,2016,-15072
-1257,-1568,-276,730,3044,-14056
-1976,-1552,-1941,750,1112,-14772
-490,-1520,-191,1082,2088,-14476
-1449,-1584,-1650,610,2592,-13744
-948,-1520,-1266,1310,1408,-14264
-634,-1536,-577,1522,1996,-13988
-765,-1568,-970,1318,2268,-13900
-346,-1568,-971,1822,1456,-14396
3
-32559,-1520,-32598,12238,4604,-28016
24020,-1520,13142,12806,-10828,-27160
20147,-1584,-20890,4714,-2396,-28896
14074,-1568,-19353,2514,-1796,-25228
8553,-1568,-609,2450,-488,-25384
10439,-1536,-4939,2042,-1404,-25196
8252,-1552,-4191,-370,1408,-23916
5218,-1520,-1722,562,2388,-22768
3114,-1552,990,2450,1264,-21924
-826,-1536,-3339,1582,2436,-20436
-3120,-1536,-2273,2342,3024,-18632
-3322,-1568,-2795,1966,2580,-17216
-3423,-1520,-584,1122,3424,-14948
-3731,-1520,-371,1654,3360,-13900
-2199,-1568,-180,1370,2576,-13672
7,-1504,769,1070,2212,-13332
694,-1568,578,1286,3148,-14120
944,-1520,1627,1430,3936,-14380
607,-1552,127,1170,2596,-13968
-248,-1536,-753,2010,3504,-14508
-534,-1536,-295,2454,3112,-14616
-817,-1568,-2650,1446,3524,-15080
-825,-1536,215,1774,2496,-14740
-1108,-1552,-62,706,3236,-14340
-789,-1536,-445,946,2932,-13640
47,-1536,-346,1546,3280,-13544
538,-1504,305,1602,3956,-13920
229,-1520,-483,1586,3844,-14420
-392,-1520,-660,1662,3020,-13972
114,-1552,-572,1914,2988,-14420
230,-1536,-210,1402,2576,-14220
-161,-1536,-1056,1954,2576,-14564
3
-32559,-1568,-5349,31817,-160,-28496
-32559,-1536,17513,31817,-13380,-29256
-32559,-1536,24382,31817,-13492,-28600
-32559,-1536,-32598,31394,8040,-31640
-32559,-1552,7705,22966,-3432,-32768
27734,-1520,-4816,8370,-276,-32768
6955,-1536,-3067,-1882,-4880,-31376
4238,-1568,-6360,4842,-2360,-29152
2277,-1568,-4753,1854,52,-23876
620,-1552,-2670,1854,1068,-21416
3120,-1552,-3177,1806,1788,-20316
1025,-1520,-2090,1926,2660,-18620
-2380,-1536,-1563,2206,2552,-17416
-3990,-1536,-3068,3354,1084,-16284
-3194,-1536,-2737,4314,1176,-15456
-3773,-1552,-2299,2294,2884,-13700
-3533,-1552,-2238,2054,2792,-14192
-1192,-1552,-435,2310,2776,-13828
-1861,-1536,-1530,1522,3108,-13748
-1028,-1536,-2158,1278,2952,-14040
-553,-1536,-3473,1198,2408,-14000
300,-1552,-483,1634,2996,-14228
-839,-1520,-219,522,3564,-14164
-1229,-1552,-735,1574,2756,-15132
-2492,-1536,-1581,718,3792,-14540
-4569,-1568,-990,1750,3868,-13776
-4872,-1504,-4684,2922,4964,-13700
-2866,-1568,-4489,3058,4208,-13836
485,-1552,-359,1418,3404,-13644
1523,-1504,-699,478,3752,-13612
1349,-1552,-1143,1762,3076,-13672
1163,-1520,-77,1506,3712,-13700
3
-32559,-1536,-22881,31817,10880,29140
-32559,-1568,32269,31817,7540,-2748
-32559,-1568,-32599,31817,12424,-9708
-32559,-1536,-12262,31817,21168,-22132
-32559,-1552,-32598,31817,-6072,-23288
-32559,-1552,-32599,31817,32468,-32768
-32559,-1584,-28545,19474,8512,-32768
31815,-1552,-10675,17794,-8108,-32768
25241,-1552,-8205,26262,-6460,-32768
13869,-1536,-13813,5094,-4496,-32768
7195,-1536,-2547,7554,-6868,-27264
3401,-1536,-6130,4546,-3044,-23880
1467,-1520,-4270,3846,-1956,-21348
149,-1568,65,4710,-1732,-20532
-2195,-1552,-2728,4098,-1012,-18032
-4934,-1520,-3570,4082,-516,-16956
-4410,-1536,-1295,3470,956,-16460
-5451,-1504,-2859,1786,1964,-14708
-6103,-1536,-4163,2534,736,-13960
-4710,-1488,-3038,2398,604,-13644
-2163,-1552,-2012,1846,740,-13432
-948,-1552,-2072,1830,1736,-13080
-451,-1584,-1397,2982,1428,-13740
-244,-1552,-758,2122,1840,-13792
-275,-1536,-181,2458,1792,-13804
404,-1536,-973,2042,1244,-13520
612,-1568,-1107,2446,964,-14024
919,-1552,-418,2546,2024,-14400
854,-1504,-587,2326,2076,-14440
-92,-1552,-1050,2494,2432,-14632
-522,-1568,-1882,2366,2436,-14364
-374,-1536,-401,2398,1620,-14348
3
-32559,-1520,9250,31817,16600,6720
-32559,-1552,14690,31817,-6712,-24484
-32559,-1536,-32599,31817,-19928,-27272
-32559,-1584,-8426,31642,-3568,-32768
-32559,-1568,-4795,17782,-1000,-32768
-32559,-1552,-7640,19550,-7424,-32768
24643,-1552,-5614,8586,-784,-32064
14181,-1568,-8561,1302,-784,-27752
7875,-1536,-2551,4446,-2812,-24544
3156,-1536,-8151,1566,364,-22076
2015,-1520,-3206,3914,380,-21584
3569,-1568,-186,830,944,-19452
537,-1552,-1855,2334,-620,-17944
-23,-1568,-2574,3990,92,-17896
-1289,-1536,-2844,1578,2680,-16660
-2326,-1568,-1547,2462,1856,-15792
-1564,-1552,-885,2738,1372,-14808
-949,-1552,-1026,1394,1748,-14556
59,-1552,-390,1866,1824,-14628
64,-1568,-739,2534,2372,-14460
-282,-1568,292,2838,1796,-14764
-494,-1568,387,2286,2140,-14660
-774,-1568,-844,2458,1764,-14788
-1490,-1552,-1793,2134,1436,-14136
-1056,-1568,-1237,2294,1720,-14128
237,-1536,-595,2090,2308,-14208
790,-1536,-233,1786,2768,-14324
298,-1552,-106,2202,2920,-14432
-198,-1552,-999,1734,3184,-14440
-644,-1520,-2036,2106,2876,-14540
-385,-1536,-1293,2102,2772,-14596
3
-32559,-1520,31693,31817,-6040,28576
-32559,-1552,-32599,31817,6232,-1584
-32559,-1536,-32599,31817,22040,224
-32559,-1536,10638,31817,-19692,-32768
-32559,-1568,-15165,31817,32468,-26668
-32559,-1552,-24109,23650,-9772,-32768
-32559,-1552,-21618,20694,8708,-32768
28394,-1584,1117,11502,1924,-32768
13288,-1536,7117,13706,-10764,-32768
11588,-1536,-5569,2194,-4268,-28840
2464,-1536,-1505,3386,-1852,-24540
-411,-1520,-2692,3710,-2440,-23328
-1466,-1568,-1789,1746,-656,-20356
-3860,-1552,-2604,2870,-584,-18516
-4562,-1536,-2022,2650,1196,-17068
-2639,-1552,940,2434,1036,-14500
-2834,-1552,-87,1150,1856,-13772
-2737,-1552,-241,1194,736,-14452
-1771,-1552,1421,1738,500,-14596
-2602,-1536,-1746,442,2072,-13652
-2380,-1536,-242,1238,1264,-13704
-436,-1504,-440,634,1360,-13204
529,-1552,419,1562,1568,-13484
525,-1536,-70,1378,1936,-14116
34,-1520,-1725,1090,2324,-13796
-260,-1552,-1110,1690,980,-14488
242,-1536,-1055,926,1768,-14316
48,-1568,-2075,710,1404,-14012
549,-1536,-1878,1078,908,-14152
1623,-1552,-397,1630,1400,-13972
3
-32559,-1568,-32599,31817,2988,-9836
-32559,-1536,22034,31817,-180,-22724
-32559,-1536,24909,31817,32468,-32768
-32559,-1536,-24103,30482,32468,-32768
-32559,-1552,-32598,722,29196,-31992
9879,-1552,-32599,17290,28580,-32768
-32559,-1568,-4612,-5006,3076,-32768
-32559,-1568,-32599,7434,-5344,-26364
710,-1536,4013,-7690,-9384,-26868
6354,-1520,-8288,3734,-9080,-24468
11040,-1552,-10182,-1118,-4144,-23856
-1278,-1536,-1015,-1586,-704,-21300
-957,-1568,-4078,346,-1604,-18432
-1284,-1568,-4672,-802,-436,-18688
-2570,-1536,-1919,-1678,1812,-16184
-5019,-1552,-3356,-2730,1924,-15588
-1751,-1552,-2951,-470,-52,-15044
559,-1536,1717,-54,-340,-14988
-930,-1568,-4317,-1358,1224,-14628
-1385,-1536,-4393,-686,1704,-14916
534,-1552,-1823,-582,1560,-14616
480,-1552,329,-542,1804,-14036
269,-1552,-2218,-562,1996,-13724
877,-1568,-2064,-342,1252,-13732
2509,-1568,-1056,-158,1784,-14128
2182,-1536,-1449,-470,2660,-13856
1663,-1552,-1091,290,1864,-14988
1671,-1552,-602,-482,2024,-14568
389,-1520,-2471,-370,2516,-14636
858,-1568,-3426,-142,1780,-14340
973,-1568,-2470,334,1260,-14436
1050,-1536,-1307,-54,2412,-14400
3
-32559,-1536,-32599,31817,348,2868
-32559,-1536,-32599,26246,5224,7044
-32559,-1568,15767,31817,308,-5876
-32559,-1536,10358,31817,-4460,-28168
-32559,-1584,10874,31817,-3236,-32768
-32559,-1520,6916,31817,-5992,-32768
27430,-1552,-7384,15734,-5100,-32768
8940,-1568,-2707,8950,-11096,-31404
6048,-1536,-5542,-494,-8540,-27428
7725,-1536,-13992,4046,-4368,-24440
2883,-1584,-11080,2210,-880,-21232
1947,-1552,-2,3058,292,-19300
1739,-1552,-2311,978,-56,-18384
-568,-1568,-2972,1942,472,-17408
-845,-1568,-2162,1622,904,-16588
-1193,-1552,-1620,1770,1388,-15816
-1422,-1552,-1622,2050,52,-14616
-595,-1552,-2769,1350,780,-14944
-894,-1568,-1433,1678,712,-14840
-130,-1536,-1421,2362,948,-15204
-391,-1536,-3,1626,1124,-14668
-819,-1536,-574,2510,1044,-15040
-391,-1536,-252,2218,1612,-14944
-594,-1552,-803,2162,2028,-14700
-1279,-1552,-1387,1598,2168,-13980
-1011,-1536,240,1966,1784,-14132
64,-1568,-482,2210,1944,-14040
390,-1536,-393,2438,1580,-14160
858,-1520,888,1694,2460,-14256
-2236,-1536,-3169,670,2652,-13664
3
-32559,-1552,-32599,31817,3220,13592
-32559,-1536,-32599,31817,6692,2772
-32559,-1552,-32598,31817,7636,-11944
-32559,-1552,24501,31817,-29996,-27560
-32559,-1568,-32599,31817,32468,-15452
-32559,-1536,-32598,31817,-32,-32768
-32559,-1568,1468,10390,-10304,-30940
15082,-1536,-13006,12334,-5768,-32768
10270,-1520,-12328,6542,-7024,-29696
6969,-1552,-7753,1666,-2332,-25552
6191,-1552,-5087,1238,-2292,-24100
5277,-1536,-3325,1690,604,-22488
891,-1536,-4340,1226,980,-20792
254,-1536,-707,3626,-1640,-19400
47,-1568,-1812,2298,-460,-18736
-1774,-1520,-3290,1658,0,-17516
-2034,-1568,-2065,1970,436,-17332
-2030,-1536,-2562,1850,1176,-15792
-2085,-1536,-1646,1942,1252,-15248
-826,-1568,-748,1606,1596,-15660
-2509,-1520,-2114,2338,1408,-14652
-1472,-1536,-275,1458,1156,-14304
-1406,-1568,-1333,1086,1920,-13952
-1463,-1568,-1085,1478,672,-14132
-835,-1520,-776,910,1952,-14132
-965,-1552,-784,950,2172,-13780
352,-1536,-484,1542,2032,-14252
459,-1536,-472,1234,2652,-14192
149,-1568,197,1746,2916,-14692
-260,-1552,107,1534,3080,-14556
3
-32559,-1568,-32598,31817,22516,-13464
-32559,-1536,18363,31817,-26968,-32768
-32559,-1568,-32599,31817,-21912,-28448
-32559,-1536,-32598,23478,-5684,-32768
31855,-1552,-25848,31817,-2172,-32768
26114,-1552,-24473,18670,-3368,-32768
17908,-1536,1947,4738,-856,-31904
10577,-1536,-2716,2506,-2328,-25344
6289,-1536,-4832,5350,-2872,-24320
6759,-1520,-5940,3142,1292,-23088
-185,-1552,-3324,1714,2764,-20808
449,-1552,-518,4766,1256,-19140
240,-1536,-3132,2230,1696,-18900
-2501,-1568,-5798,1946,3172,-16960
-3979,-1536,-2904,2690,3108,-16004
-2680,-1520,-671,3982,2352,-16060
-1180,-1584,1846,3334,2540,-15564
-3316,-1520,-827,2638,2140,-14024
-3472,-1568,-2159,3506,1952,-14280
-2724,-1568,-125,2762,2412,-13416
-2364,-1520,-501,2842,2424,-12784
-1140,-1520,-356,3290,2352,-13356
-270,-1552,1113,2894,1804,-13640
-1291,-1568,-915,2578,2804,-13672
-946,-1536,-1174,2950,2936,-13932
-1096,-1536,-1999,2406,2736,-13324
-337,-1552,-553,3306,2540,-14008
-572,-1552,-739,2650,3024,-14004
-982,-1568,-1882,2502,2644,-13960
-760,-1536,-1773,2078,2492,-14080
-27,-1536,-151,2706,2612,-14180
791,-1520,-1047,2742,2560,-14500
3
-32559,-1520,-32598,31817,32468,-32768
-32559,-1552,-32599,21074,-31608,-32768
-32559,-1568,-32598,22646,-12196,-32768
-32559,-1536,24305,17950,1548,-32768
-32559,-1536,-23438,17042,3520,-29392
3701,-1552,2799,-146,-5844,-31072
9271,-1552,2310,13578,-10316,-31140
8594,-1536,-13634,-1326,-2228,-22116
659,-1536,-2451,6574,-1392,-23088
2252,-1568,1323,4498,1024,-20736
-2819,-1552,-1498,3106,-476,-18440
-4775,-1552,-4232,3134,-1240,-17232
-4693,-1552,-4810,2850,124,-16404
-3590,-1536,-1089,2454,672,-15396
-941,-1504,1123,3310,-20,-14840
-1613,-1536,-941,2798,288,-14096
-2663,-1552,-1404,3402,1112,-14208
-2046,-1520,-436,3046,1352,-13848
-1507,-1552,-636,3370,1656,-14020
-1630,-1568,-575,3002,720,-13480
-1481,-1568,-643,2982,1160,-13520
-1388,-1536,-623,2662,1592,-13332
-456,-1568,-815,2690,1304,-13424
130,-1520,-698,2910,1012,-13804
-50,-1536,-550,2302,1724,-13728
-282,-1536,-2207,2422,1764,-14320
-415,-1520,-1366,2662,1544,-14300
-489,-1552,-1993,2898,1244,-14256
-150,-1504,-1367,2978,1664,-14332
-158,-1536,-1433,2654,1780,-14528
3
-32559,-1520,-32599,31817,5096,-3728
-32559,-1520,-32599,31817,6036,-4420
-32559,-1536,-19514,31817,-184,-20616
-32559,-1504,30132,31817,-15976,-30444
-32559,-1536,-32599,29826,-32412,-32768
-32559,-1552,-32598,31817,-3028,-32300
-32559,-1552,24771,19602,-10844,-32768
25006,-1504,-32598,10110,4180,-31720
-1531,-1536,-11325,3438,-3984,-32768
3491,-1536,-1568,11994,-8752,-28268
2031,-1552,-8969,-2690,-416,-23312
511,-1552,-8211,4302,-480,-20764
536,-1536,1362,3474,600,-18004
-1830,-1552,-2757,2986,2436,-16352
-3377,-1552,-1014,3218,1596,-15296
-3199,-1584,-1139,2946,1296,-13528
-3361,-1536,-1702,3758,1196,-13320
-1971,-1536,-1786,3174,1964,-13476
-426,-1536,922,2194,2140,-14248
-415,-1552,799,1694,1900,-14188
-639,-1552,-473,1950,1236,-14232
-333,-1536,-1060,2126,900,-14648
178,-1536,668,2358,1308,-14748
-716,-1552,52,2906,1592,-14412
-1132,-1520,-1422,4030,2456,-14620
-708,-1536,-1455,3670,2188,-14648
-1624,-1568,-2598,1770,3108,-14256
-1784,-1600,-58,2570,2168,-14144
-612,-1520,-503,2282,2504,-14120
314,-1552,-368,2546,2392,-13816
3
-32559,-1552,-32598,31817,13672,-32164
-32559,-1520,-32598,31817,-11648,-32768
-32559,-1504,-32599,31817,32468,-636
-32559,-1536,-32598,22614,32467,-11820
24380,-1552,-32599,4042,-18864,-32768
27600,-1520,-4475,18294,1980,-25696
5802,-1552,-25320,-10158,-1308,-25392
6006,-1536,2952,7342,-3936,-24160
13120,-1536,-775,242,308,-21104
3624,-1504,-3450,-1730,1032,-19172
2219,-1520,-3754,1630,-240,-19164
2467,-1520,-2792,642,440,-17288
941,-1536,-2653,1038,1316,-16756
311,-1536,-3104,1450,2368,-16204
-286,-1568,-2815,1530,2128,-15424
380,-1552,-2839,1214,1228,-15332
1095,-1552,-960,1794,2100,-14872
728,-1568,-2024,1882,2140,-14656
1634,-1504,-292,2378,1476,-15580
897,-1520,-241,1478,2608,-15276
-224,-1520,-767,1802,2384,-15080
-482,-1520,-1983,2142,2140,-14972
-677,-1504,-112,2530,1792,-14744
-428,-1536,-1079,1586,2784,-14476
-302,-1520,-1644,2118,2596,-14208
-308,-1520,-1759,2410,2864,-14304
-135,-1536,-626,2498,2484,-14308
-7,-1536,-713,2218,2952,-14144
-93,-1520,505,2606,2224,-14052
220,-1552,-557,2038,2628,-14132
334,-1520,282,1970,1880,-14048
-32559,-1520,-32599,31817,3240,10584
-32559,-1520,12249,31817,-20908,-32768
-32559,-1504,-32599,31817,32468,-18636
-32559,-1536,-32598,25098,10212,-27324
-32559,-1552,12016,19014,-11292,-32768
20227,-1520,-27187,7686,-4792,-29892
8718,-1552,-14883,7802,-5412,-29088
9048,-1536,-6899,4950,-3484,-25060
5857,-1504,-5673,2470,-4084,-23476
5836,-1536,-4382,2998,-2248,-21816
2250,-1520,-3696,3674,-604,-19784
-801,-1552,-5283,2734,-800,-18616
-2279,-1536,-4822,2966,-924,-17444
-989,-1568,-2686,3666,-1300,-16588
15,-1536,-2743,2814,824,-16220
-1414,-1520,191,1738,-12,-15668
-1419,-1520,-766,2422,372,-15508
-1620,-1520,-838,3106,736,-14752
-1684,-1536,-1405,3030,1772,-14516
-1502,-1504,-293,3338,1772,-14096
-1889,-1504,-896,2498,1932,-13572
-1840,-1520,-1079,2634,1968,-13396
-873,-1488,-501,2978,1728,-13640
747,-1520,-285,2474,2224,-13988
776,-1536,186,2050,1408,-14444
352,-1504,1699,2490,1268,-14412
-663,-1568,-830,2238,1592,-14396
150,-1536,9,3062,80,-14624
160,-1520,-88,2570,1256,-14640
-412,-1520,-442,3170,1232,-14492
3
-32559,-1552,-13997,31817,-5668,-31536
-32559,-1552,-32599,31817,-14068,-19736
-32559,-1520,-32598,29830,-3072,-32768
-32559,-1520,-2543,26410,-4940,-32768
-32559,-1536,-6837,31817,-17060,-32768
21872,-1504,-20816,7266,-1888,-32768
5217,-1536,-10766,11986,-5920,-30084
6262,-1520,-6921,7710,-4892,-25756
3587,-1520,-4610,5654,-848,-22344
-1613,-1520,-4444,4234,448,-19960
-548,-1536,-1936,5482,-472,-19032
17,-1568,-462,3910,936,-17704
-1647,-1504,156,4726,684,-16392
-2076,-1504,431,5810,1344,-15720
-2596,-1520,-602,4970,2048,-15516
-3576,-1536,-117,5262,1080,-14292
-4574,-1536,-1692,4782,1720,-13376
-4701,-1488,97,4718,1700,-13136
-2039,-1552,1415,4074,2044,-13440
-1411,-1488,-114,3802,1212,-12796
-1547,-1520,-382,4246,1304,-13164
-466,-1536,-112,4014,2012,-13284
-140,-1472,423,4198,1656,-13100
-93,-1520,-554,4438,1520,-13968
-9,-1552,-1583,3782,2064,-13848
-1166,-1552,-1131,3898,1560,-13792
-715,-1504,-1356,4278,1736,-14200
56,-1536,-544,3930,1476,-13688
-328,-1504,-704,3786,2008,-13964
210,-1520,-787,4138,1924,-13800
-430,-1520,-673,4110,1468,-13600
404,-1552,-711,4198,1128,-13980
3
31312,-1520,-32598,23202,-7756,32767
-32559,-1536,-24537,31817,-30420,32767
-32559,-1520,-3200,31817,-7316,32767
-32559,-1552,-2452,31817,12620,10708
-32559,-1536,-32599,31817,8008,-10472
-32559,-1536,-32599,29606,10568,-8096
-32559,-1520,27702,31817,-1840,-12872
-32559,-1520,-7719,31502,-5500,-23680
-32559,-1552,26371,31817,-18420,-29004
-32559,-1536,7555,28682,-6432,-32768
29558,-1536,-32598,19226,-1204,-32252
24861,-1536,8518,14494,-6412,-31088
10415,-1536,-11425,-610,-2252,-30752
9411,-1520,-18934,3222,-3712,-26080
8534,-1552,-2915,3702,-728,-23120
7772,-1536,-6126,1290,1700,-21608
5748,-1536,-3301,1418,2480,-20876
3706,-1536,-3015,3318,1980,-19396
-148,-1520,-6049,3542,2864,-17588
-1986,-1552,-3720,3354,3376,-17004
-244,-1520,-2550,2418,2736,-16348
251,-1568,-1035,1526,3708,-15372
-197,-1504,-813,2798,2388,-15028
273,-1504,-291,2506,3832,-15080
-456,-1552,-916,2522,3448,-14560
-234,-1520,-929,3262,3508,-14564
-613,-1552,-558,2962,3916,-14444
-1000,-1568,-626,3126,3896,-14656
-1460,-1504,-868,3434,3296,-14224
-1917,-1536,-1152,3250,3660,-13796
-1762,-1552,-1433,2930,3456,-13844
-675,-1552,-1459,3134,2768,-13520
3
-32559,-1552,-32599,31817,5508,-664
-32559,-1520,-32599,31817,12144,-4136
-32559,-1552,-32598,31817,1268,-22764
-32559,-1536,-32599,31817,-25620,-31776
-32559,-1536,8252,31817,-17092,-32768
-32559,-1536,-32002,25674,32467,-32768
-32559,-1520,-32599,31817,32468,-29060
21131,-1552,-32598,-4810,6100,-32768
3821,-1504,-1920,1762,-2496,-31808
14994,-1536,4615,15402,-3028,-27212
10260,-1536,-7862,-3178,4416,-22188
199,-1552,-866,2394,2336,-21648
3749,-1520,2719,4746,1376,-20704
1346,-1552,318,3958,1840,-18100
-799,-1536,-366,3610,1876,-17016
-1904,-1536,1599,2714,2848,-16764
-2997,-1536,474,2658,3748,-15336
-3995,-1520,215,4154,2136,-15000
-2357,-1552,1071,3342,1980,-14632
-2784,-1520,1488,2534,1964,-13944
-1965,-1504,-107,2790,2648,-13860
574,-1520,-501,2838,1964,-13752
-38,-1520,-2675,3126,3292,-13600
-251,-1520,-3113,3990,2356,-13804
482,-1520,-1736,3718,2628,-14816
-258,-1536,-1098,2526,3596,-13564
-1200,-1536,-1909,3122,3336,-14104
-415,-1568,-1490,2882,2984,-14040
-276,-1536,-403,2682,3128,-13912
548,-1536,1074,2538,3840,-13940
3
-32559,-1552,-32599,31817,4696,8108
-32559,-1520,-32599,31817,9552,-2020
-32559,-1568,-32598,31817,14148,-10656
-32559,-1536,-12646,31817,-19236,-32768
-32559,-1536,-32599,31817,32468,6896
-32559,-1520,-32598,25606,9024,-30608
-32559,-1520,12430,19066,-6880,-32768
-32559,-1520,-12726,22002,-9152,-32768
9782,-1536,-22502,-3522,-3212,-31224
7340,-1568,1724,12114,-8168,-28552
10171,-1536,-6587,1150,-2756,-25068
3925,-1520,-6653,2234,-2128,-20600
3758,-1520,-4031,4366,-1792,-21200
3868,-1520,-2116,2802,-376,-19628
-174,-1504,-2113,2482,604,-18920
-2043,-1536,-3662,2598,592,-18052
-2226,-1568,-1950,4022,404,-17040
-1909,-1520,346,4102,1092,-15824
-3489,-1520,-2237,3070,1980,-14860
-5354,-1520,-1416,3534,1816,-14464
-3767,-1504,-1016,3478,1176,-14820
-1629,-1568,-179,1574,1808,-14024
-1887,-1536,-1050,1518,1532,-13604
-1233,-1504,-1277,2258,1056,-13456
-29,-1520,-17,2542,1668,-13520
293,-1520,-131,2258,1976,-13908
364,-1520,-174,2870,1456,-14468
-423,-1536,-521,2442,2212,-14380
-1571,-1536,-2370,1998,2680,-13992
-1250,-1504,-841,2110,1840,-13768
-386,-1520,-54,2170,2200,-14024
293,-1520,-312,2154,2224,-14120
3
-32559,-1552,12944,31817,-11496,17984
-32559,-1552,-32599,31817,1900,152
-32559,-1536,-32599,31817,7440,-5052
-32559,-1536,-20603,31817,-56,-18300
-32559,-1536,-32599,31817,-17988,-29212
-32559,-1488,3217,31817,-26980,-32768
-32559,-1520,-25109,29438,-6356,-32768
-32559,-1552,13714,31538,-12604,-32768
15414,-1536,-32598,4022,-7476,-32768
5049,-1504,-192,14042,-11000,-32768
4321,-1536,-12820,78,-3588,-27868
172,-1552,-4750,1754,-3604,-22404
2382,-1520,-4054,1050,-1940,-20420
3442,-1536,-2145,2670,-1192,-19200
1095,-1568,-4477,2134,1300,-18012
-1969,-1552,-1981,2866,936,-17036
-2794,-1552,-5062,2858,-1376,-16176
-2482,-1552,-53,3502,1540,-16024
-3143,-1552,-1576,1582,940,-14664
-3003,-1536,-53,2122,1512,-14468
-1687,-1536,167,1986,928,-13676
-689,-1536,95,2598,1616,-13960
-183,-1552,1451,2566,1356,-14364
-1147,-1520,-319,2194,2444,-14572
-2245,-1504,-1641,2498,1564,-13908
-891,-1520,-1585,2178,2332,-13580
34,-1520,-1242,2142,1372,-13772
671,-1504,-1146,2110,1940,-14172
589,-1536,-313,2790,1312,-14404
178,-1536,-367,2106,2664,-14356
3
-32559,-1504,-32599,31817,3536,7832
-32559,-1536,-32599,31817,5416,9088
-32559,-1536,-21028,31817,-600,-8152
-32559,-1520,5528,31817,-16260,-15308
-32559,-1520,-32599,28846,-16436,-28760
-32559,-1568,-32598,28606,-8428,-32768
-32559,-1536,26388,15838,-11192,-32768
26850,-1520,-17681,11190,-5704,-32768
2863,-1552,-17734,5078,-10100,-31228
8030,-1552,-3571,10910,-12920,-28676
11703,-1504,-7823,-302,-2148,-24504
-246,-1504,-9335,2206,-1000,-19060
1812,-1552,-2664,3914,-1604,-19688
5255,-1520,1559,2038,-1352,-17656
-1232,-1520,-5158,646,-444,-16996
-1061,-1536,-3303,3994,-520,-16456
-430,-1504,-581,1194,888,-15804
-2012,-1568,-408,1946,172,-15668
-2164,-1520,-465,1878,80,-15428
-2327,-1552,-1849,2190,-204,-15372
-2006,-1520,-403,2626,356,-15028
-2084,-1536,-1200,2658,516,-14268
-1579,-1504,-1100,2590,356,-14596
-1562,-1536,-406,2590,844,-14368
-1917,-1520,-921,1754,1364,-14348
-1870,-1520,-805,1578,508,-14428
-1251,-1536,-134,1638,712,-14280
-1520,-1504,-1477,1558,632,-13704
-1292,-1536,-2336,2302,484,-14456
-709,-1488,-607,1742,936,-13972
-1235,-1520,-2458,1454,1352,-13968
-383,-1504,-1140,1874,700,-14380
3
-32559,-1552,-32599,31817,-31404,-32768
-32559,-1504,472,22646,4608,-31520
-32559,-1504,-15377,12694,-4744,-27720
15166,-1552,-12720,1354,-36,-31220
12379,-1520,-11050,7210,-120,-28568
8114,-1504,-7765,2690,120,-25224
3828,-1536,-2890,3254,-628,-24460
2883,-1520,-3230,1250,-512,-23244
244,-1552,-3028,2566,-788,-21024
-1975,-1520,-5317,4034,744,-18828
-4513,-1536,-5281,4294,2100,-16704
-5877,-1568,-2322,3210,2968,-15604
-4600,-1568,46,2702,2932,-14876
-3288,-1504,-942,2134,2408,-15164
-2212,-1520,1658,2546,2544,-14368
-2153,-1552,629,2430,1804,-14160
-1760,-1536,802,2430,2340,-14708
-2445,-1536,-1175,1294,2188,-13688
-2420,-1520,-984,1886,2272,-14004
-1364,-1520,1174,2478,2104,-14100
-1600,-1520,37,1450,3816,-13724
-2142,-1568,-1357,1626,2732,-13720
-1517,-1536,-877,1426,2400,-13336
-1015,-1552,-2270,2070,2112,-13688
429,-1520,72,2014,2500,-13984
-177,-1504,-569,1218,3112,-14000
-15,-1536,-647,1462,3172,-14444
31,-1520,-176,1150,2580,-14152
246,-1488,-245,1914,3196,-14516
-293,-1552,541,1158,3016,-14340
3
-32559,-1504,9263,31817,-23744,-32768
-32559,-1504,-32599,31817,32468,14396
-32559,-1520,-32598,28182,2032,-32768
-32559,-1520,19153,22290,-9392,-32768
30290,-1504,-12733,11846,-2972,-32768
7186,-1536,-16955,-694,-5532,-30664
9892,-1488,-1001,13346,-7096,-26940
10063,-1520,1182,1134,-1028,-23164
349,-1536,-2664,3378,-1352,-21624
-474,-1504,-4037,2922,-2156,-22012
-1369,-1504,-2182,2558,-1100,-18724
-3310,-1520,-1131,3106,628,-16668
-3591,-1536,-698,2690,460,-16796
-2437,-1504,-1150,1782,860,-15080
-3662,-1520,-2575,1702,784,-14564
-3673,-1520,-2318,1770,1308,-14044
-1713,-1520,-883,2050,1184,-13940
750,-1536,850,2666,764,-14072
-476,-1504,-1217,1482,932,-14008
-1115,-1536,-2455,2818,792,-14664
-929,-1552,-1229,2546,668,-14380
-1116,-1520,-684,2290,1224,-14128
-861,-1536,-1021,2742,1016,-14664
-959,-1504,-1264,2186,1536,-14008
-1134,-1488,-1316,2226,1476,-14312
150,-1536,-329,2102,740,-14688
-263,-1504,-654,1670,1624,-14268
-587,-1520,-1982,2366,1112,-14564
-480,-1520,-1362,2046,1080,-14564
-782,-1536,-1721,1854,1620,-14276
3
-32559,-1536,-32598,23330,5804,-32768
-32559,-1504,10670,19006,1108,-32768
-32559,-1504,6866,29474,-9424,-32768
3365,-1520,-32598,-9534,-4904,-32768
4861,-1552,9742,18694,-12684,-32768
12959,-1552,-8181,466,604,-23824
-1442,-1536,-8780,206,-1048,-22620
-39,-1504,615,5258,-1744,-21508
-2723,-1488,-3965,2826,-928,-16820
-1534,-1536,211,4046,-412,-15824
-2106,-1536,-1112,2910,2132,-15160
-3977,-1520,-963,2962,2032,-14856
-3147,-1552,-1983,2914,1012,-14144
-2313,-1536,242,2902,1744,-13476
-2163,-1504,-234,2314,2080,-13472
-913,-1504,17,2502,1672,-13676
-99,-1520,500,2570,1152,-14164
-734,-1520,-2386,2366,1172,-13404
-1038,-1552,-2745,2962,580,-13976
-113,-1536,-1550,2710,1124,-13980
209,-1536,-1016,2378,1652,-13420
196,-1568,-69,2918,960,-13820
242,-1520,-1648,2654,1488,-14080
272,-1520,-2074,2738,1612,-14396
591,-1520,-714,2702,1584,-14392
-76,-1536,-852,2634,1772,-14344
-160,-1504,-1198,2694,1460,-14356
90,-1504,-1674,2530,1988,-14000
215,-1504,-1704,2646,1820,-14344
356,-1520,-1658,3162,1608,-14508
3
-32559,-1552,32662,31817,5152,12416
-32559,-1504,-32599,31817,6988,-13508
-32559,-1536,-32599,31817,9688,-16004
-32559,-1504,-32598,31638,-4028,-7852
-32559,-1536,15142,31817,-29356,-27040
-32559,-1536,15199,20406,-18496,-32768
-32559,-1520,-32598,23446,-15116,-32768
29688,-1520,8431,12886,-7076,-32768
16621,-1552,-11951,2202,-4988,-32104
3035,-1568,-17773,270,-3680,-24792
6228,-1536,-9772,5078,-4564,-24092
10657,-1568,-2568,2970,-712,-21988
4451,-1520,-6267,1326,1380,-18464
1140,-1504,-1881,1350,-296,-19036
1332,-1520,-2696,2774,-1196,-19004
-226,-1504,-4752,2266,1840,-16032
-1643,-1536,491,2138,2908,-16224
377,-1520,-155,1762,1660,-15636
-1204,-1520,-1320,774,2164,-14728
-2429,-1520,-3761,1870,1872,-14792
-856,-1536,-2281,1790,2340,-15008
-779,-1536,-728,2202,2448,-14528
-1211,-1472,-1527,2282,2004,-14596
-1230,-1520,-1921,2006,1988,-14444
-1246,-1552,-689,2258,1784,-14236
-1427,-1536,-1413,2014,2084,-13740
-1255,-1536,-2294,1182,1932,-13724
305,-1520,-2518,1782,1468,-14560
622,-1520,-2371,1250,2984,-14056
491,-1520,-2039,2510,2508,-14504
484,-1536,-2080,2414,2396,-14628
389,-1536,-1448,3134,2308,-14288
3
-32559,-1520,-8949,24298,7796,32767
-32559,-1504,-32599,31817,812,13668
-32559,-1520,-32599,31817,13792,1472
-32559,-1536,-32598,31817,5828,-12696
-32559,-1536,19223,31817,-24388,-31796
-32559,-1504,-32599,21130,-20684,-29332
-32559,-1520,-32598,20890,4216,-32768
-32559,-1520,-32599,23166,-7056,-32768
-32559,-1520,-27892,12674,10408,-27476
5551,-1536,-26531,-3186,-5232,-32768
17273,-1536,24195,19598,-10984,-31056
15913,-1520,-24395,-3098,3436,-26964
-529,-1520,-14055,458,52,-22592
1078,-1552,2093,5742,-272,-23196
4829,-1536,-1814,2290,1392,-20032
-684,-1504,-3097,2322,2540,-18596
-1751,-1520,-954,1898,2696,-18048
-4041,-1520,-3829,1934,3428,-16828
-4243,-1520,-1233,2894,2324,-15356
-2089,-1536,990,2102,1944,-15168
-2273,-1504,-365,1146,2840,-14084
-2481,-1504,-250,2070,2212,-14520
-1161,-1520,-226,1798,2768,-14156
-1999,-1552,-787,2182,2444,-13464
-1622,-1504,-1814,2610,2868,-13696
-1124,-1504,-1197,1834,2396,-13480
-202,-1536,-827,1834,2916,-13592
-46,-1520,-123,1922,3116,-13816
116,-1552,340,1834,2912,-13868
-554,-1520,-886,1998,3772,-13696
-348,-1504,-1238,1966,2552,-14016
-295,-1504,-1717,1166,3424,-13828
3
-32559,-1520,-32598,24950,104,-32768
-32559,-1536,13248,25758,-18924,-32768
-32559,-1536,-24984,11990,-5064,-32768
9534,-1552,-18007,126,-5368,-31716
9999,-1520,-11531,5142,-4472,-29976
14177,-1536,-8642,2898,-1168,-26196
11333,-1504,-298,1618,484,-23100
3809,-1504,-6603,1898,1240,-21420
649,-1520,-5664,4550,-452,-21012
590,-1488,-2371,3442,1124,-19768
-2381,-1552,-2753,2226,1880,-17820
-3680,-1536,-4326,3114,1636,-16352
-2836,-1504,-234,4042,92,-15868
-1397,-1504,-1326,2326,3004,-14600
-2539,-1520,666,2050,1640,-14560
-700,-1520,233,2930,2504,-14740
-1396,-1520,-1075,3166,2116,-14424
-905,-1536,-146,3674,1440,-14420
-2477,-1504,-2332,1998,2876,-13764
-3607,-1520,-3624,2734,2856,-14320
-2055,-1552,-1172,2998,2324,-13856
-1028,-1520,-358,2126,2672,-13264
-859,-1520,-1759,1494,2620,-13380
-36,-1536,251,2718,2136,-14144
193,-1504,-978,2434,3576,-14056
-742,-1504,-1214,2502,3096,-14192
-678,-1536,-1573,2678,1752,-14540
27,-1520,275,2150,2700,-14332
-1137,-1520,-1592,1918,2388,-14124
-639,-1536,-1149,2454,1716,-14864
-707,-1536,-706,1874,2668,-14100
-510,-1536,-1171,2618,2316,-14424
3
-32559,-1520,4329,31817,900,-26772
-32559,-1536,-3333,31122,-6944,-26432
-32559,-1520,22505,31817,-22220,-32768
-32559,-1520,-14849,21890,-3988,-32768
18471,-1504,-21053,6018,-8416,-32768
8404,-1536,-9071,10142,-9596,-32768
6253,-1536,-13773,-898,-2080,-28848
4693,-1552,-6794,1610,-1764,-25532
5775,-1520,-4794,706,-1240,-22404
-31,-1552,-9101,1982,40,-21040
-175,-1504,-2751,3254,636,-19852
-575,-1504,-2291,1118,2036,-18124
-3011,-1536,-2892,2234,576,-16708
-2795,-1552,-3897,2714,1196,-16116
-2180,-1504,-1336,2654,2776,-15056
-3333,-1536,-2597,1310,2424,-14028
-1804,-1536,568,2234,2316,-14380
-249,-1520,-590,906,2460,-13984
-731,-1520,-1180,1742,2984,-14184
-997,-1520,-1827,2198,2692,-14456
-866,-1536,-254,2190,3224,-14252
-1955,-1536,-1886,1750,3324,-13932
-1838,-1520,-1625,1874,2344,-13560
-926,-1520,-59,2250,2632,-13480
42,-1520,-378,1726,3296,-13640
-12,-1504,-861,1794,3088,-14108
117,-1504,-224,1522,2980,-13968
-81,-1520,-857,1758,2644,-13952
432,-1520,-970,1454,3056,-13976
67,-1520,-2389,1670,2716,-14308
713,-1504,-665,1474,3400,-14372
-102,-1536,-1371,1710,3072,-14392
3
-32559,-1488,-32598,26390,-616,-32768
29747,-1520,-6432,26758,-11364,-32768
23340,-1536,-6430,5038,-6200,-32768
15545,-1536,-4502,3486,-2628,-32768
5530,-1504,-5131,5094,-2192,-31412
3017,-1520,-2764,1494,-224,-28452
-707,-1520,-3527,3714,-1216,-24484
-4523,-1536,-5448,3162,352,-20184
-7157,-1504,-8945,2502,1124,-17984
-6416,-1520,-4826,1886,964,-16532
-2597,-1520,2103,2230,1628,-15704
-629,-1568,1535,2270,2944,-15816
-2293,-1536,645,2006,1796,-14936
-1676,-1568,1887,3110,1376,-15324
-2496,-1552,696,1650,2816,-13884
-3046,-1520,-2645,2330,2164,-13308
-1598,-1536,-309,2466,1024,-13388
-242,-1536,-724,2306,2372,-13128
-582,-1552,-925,1950,2208,-13392
492,-1488,110,2642,1676,-13804
521,-1520,513,2554,2584,-14136
59,-1568,-876,2246,3200,-14324
-597,-1536,-181,2842,1984,-14588
-1299,-1520,115,2026,3128,-14216
-2418,-1552,-2422,1686,2904,-13680
-1361,-1568,-3094,1610,2128,-13380
-504,-1536,-3559,1830,2924,-13032
703,-1536,-3754,2310,3440,-13356
1455,-1488,-511,2458,3116,-13348
24,-1504,-1793,2102,3560,-13932
43,-1488,-2970,2238,3388,-14276
379,-1504,-2173,1774,3336,-14508
3
-32559,-1536,-4342,31817,1460,32767
-32559,-1536,13967,31817,6820,32767
-32559,-1520,-32599,31817,11560,-10112
-32559,-1504,-8581,31817,31784,-12824
-32559,-1552,-32598,31817,-14416,-32768
-32559,-1536,-32599,31817,32468,-16660
-32559,-1536,-32598,27982,8628,-32768
17283,-1536,-16521,10186,-1812,-32768
16852,-1536,-1698,1806,-568,-27992
19774,-1536,3088,5418,-1016,-29336
12123,-1536,-2932,614,2152,-26800
5147,-1520,-1459,3050,1056,-25700
2621,-1504,-2299,2574,1204,-25960
987,-1504,-2273,2878,1024,-22332
-3056,-1520,-2881,3798,1888,-20504
-5788,-1520,-3418,3886,1916,-18588
-6393,-1520,-4087,2782,2948,-16552
-5836,-1536,918,2622,2496,-15244
-3508,-1536,-1374,3170,4220,-15352
-2249,-1536,2228,3222,2352,-14328
-2264,-1488,3214,378,4044,-13508
-5832,-1552,-4758,-110,2776,-13336
-4911,-1504,-5897,2066,1208,-12948
-2733,-1504,-334,2130,2288,-12484
-714,-1520,-422,1454,3592,-13304
-43,-1520,-165,1570,3300,-13156
-1269,-1520,-3001,1086,2896,-13048
-543,-1536,-1879,2322,2436,-13644
773,-1536,-944,1546,3820,-13608
-407,-1552,-1825,1202,4128,-13336
3
-32559,-1520,-32599,31817,10080,7716
-32559,-1488,-32599,31817,13592,-264
-32559,-1488,-32598,31817,-72,-32768
-32559,-1504,-32599,31817,-9364,-20512
-32559,-1504,-12948,31817,-20368,-32768
-32559,-1536,-20641,31817,-3444,-32768
-32559,-1552,-314,25610,-10408,-32768
22145,-1552,-26097,5390,1732,-32768
19337,-1536,-2760,8478,-8056,-32768
17221,-1504,-9535,4110,-3176,-30072
11413,-1536,-9569,3342,-2376,-27932
9721,-1520,-787,4742,-1996,-26856
4470,-1488,-4618,4698,924,-23484
1190,-1552,-5650,4946,-168,-20888
899,-1536,-2731,4194,1272,-19488
186,-1504,345,3366,2428,-18880
-2108,-1536,-19,3438,2792,-18104
-3159,-1552,32,4094,1784,-16544
-4972,-1520,-2735,3614,2040,-15028
-5258,-1552,-2338,4214,1912,-14468
-2914,-1536,313,3734,2912,-14112
-2672,-1536,942,2782,3868,-13572
-2906,-1504,-1171,3266,2652,-12872
-1832,-1536,-565,2902,2856,-13292
-1692,-1520,-942,2774,2996,-13016
-532,-1552,589,3610,2824,-14064
-150,-1568,592,2358,3708,-13996
-1489,-1536,-1906,2902,2748,-14072
-1346,-1536,-909,2830,3016,-14396
-1147,-1520,478,2770,3544,-14420
-1781,-1488,-1064,2314,3740,-13876
-1577,-1504,-1277,3134,2684,-14096
3
-32559,-1520,24934,31817,22300,-6364
-32559,-1504,-811,31817,7556,-19584
-32559,-1536,1316,31817,-13556,-32768
-32559,-1552,25942,31817,32468,-8584
-32559,-1552,-32598,31817,-10468,-32768
-32559,-1536,-11685,26166,-11348,-32768
-32559,-1536,-20891,17582,1096,-32768
12036,-1504,-32598,810,3372,-32768
23231,-1520,11518,10990,-6312,-32768
18721,-1520,-4325,4534,-1280,-28848
3548,-1536,-15076,658,2444,-24584
928,-1504,-2782,7334,348,-23820
2996,-1536,-4370,3934,808,-20648
468,-1504,-3803,4118,988,-19036
445,-1520,-1611,3266,1852,-18404
-1201,-1568,-1114,3450,2432,-17172
-3443,-1504,-1823,3942,3148,-16360
-3458,-1504,-1072,5838,1972,-15744
-3159,-1520,-221,3370,3456,-14008
-3819,-1520,-1036,3562,2312,-14012
-3290,-1504,-489,3602,3136,-13740
-2551,-1536,-396,3378,3376,-13724
-794,-1536,1543,3346,2992,-13748
-1569,-1520,172,3334,3204,-13972
-1460,-1504,873,3974,2704,-14656
-2701,-1488,-433,2954,3040,-14492
-3221,-1536,-48,3642,2896,-15112
-3970,-1536,-233,2594,3376,-14840
-4211,-1536,-432,1654,3304,-13804
-3805,-1552,-719,1418,3348,-13456
-3000,-1488,-1536,1542,3324,-12564
-2054,-1520,-2018,1898,2868,-12676
3
-32559,-1520,-32599,31817,8540,-7428
-32559,-1536,22263,31817,17860,-2664
-32559,-1520,-32598,31817,-5272,-32768
-32559,-1520,-32599,31817,32468,-32768
-32559,-1488,-32598,31817,7828,-32768
15915,-1536,-8762,15610,6620,-32768
-32559,-1536,9377,27730,-14720,-32768
17250,-1504,-16056,-5802,2224,-30924
5991,-1552,-4045,1106,-3892,-28172
9666,-1552,-1310,6906,-2536,-27112
7195,-1520,-5349,-866,1376,-23384
2523,-1520,-2131,4082,260,-21312
2884,-1504,-932,4726,508,-21028
626,-1504,-3259,2850,2388,-18772
-3464,-1536,-3795,2606,3668,-17828
-4515,-1488,-1581,3054,2844,-16644
-2719,-1520,909,3850,2032,-15456
-3159,-1504,-1743,1826,2844,-14716
-3340,-1536,-693,3486,2768,-15060
-2953,-1568,-245,2378,3616,-14228
-2503,-1504,-1832,2110,3076,-13868
-852,-1520,335,3034,1944,-14016
-833,-1520,141,2882,3348,-14316
-2064,-1552,-714,2270,4040,-13996
-1257,-1536,198,2734,2456,-13964
-1460,-1536,-703,1990,2944,-13480
-1563,-1520,-2026,2198,3692,-13224
-839,-1520,-2791,2686,3364,-13496
-907,-1552,-1752,2386,3296,-13164
217,-1536,-762,2718,3480,-13532
-67,-1504,-715,1762,3800,-13708
-190,-1520,-1677,2282,3024,-13900
3
-32559,-1552,-32599,31817,5752,18032
-32559,-1536,-32599,31817,8800,-7540
-32559,-1520,-10157,31817,11552,-6408
-32559,-1520,-4199,31817,-26516,-32768
-32559,-1536,-32599,31817,-24388,-27712
-32559,-1504,-32598,31817,-1044,-32768
-32559,-1504,5558,23374,-6412,-32768
28775,-1520,-11759,18338,-16180,-32768
17030,-1552,-18206,-4466,-2296,-31284
10081,-1504,-8419,7470,-3272,-28120
9873,-1536,-8491,3022,796,-25516
5276,-1536,-5866,318,2140,-23496
3483,-1536,-5331,-302,2452,-22104
2815,-1520,-3864,2610,2476,-20872
2712,-1552,-813,2642,3156,-18812
657,-1520,-1885,1834,3540,-18100
436,-1536,-239,3654,3996,-17188
-875,-1536,2139,2838,4264,-16072
-3147,-1504,-2624,2406,5444,-15880
-3284,-1552,-774,2498,3464,-14832
-1335,-1520,1144,2922,3604,-15016
-1417,-1536,1350,1770,4112,-14148
-2427,-1536,-2422,2414,4188,-14128
-1654,-1536,64,3082,3784,-13800
-1417,-1520,-356,2362,4584,-13216
-1829,-1520,-1709,3294,4756,-12936
-1990,-1536,-820,3894,3936,-12320
-1446,-1536,1570,3090,4032,-13220
729,-1536,457,1278,4544,-13872
-193,-1488,210,746,4364,-13772
-256,-1520,609,1986,4104,-14572
1033,-1504,997,1906,3956,-15000
3
-32559,-1552,-32598,31817,-1440,-30772
-32559,-1520,15667,31122,-27036,-11344
-32559,-1504,-23005,13906,15388,-30208
-32559,-1504,-13118,27314,-1400,-32768
-32559,-1536,19857,11398,-4668,-32768
24778,-1552,-8090,-3722,-988,-32768
17906,-1520,-13286,3446,-5664,-31608
20708,-1520,7773,6142,-6268,-29408
12418,-1568,-11529,-582,1256,-25228
2271,-1504,-11518,2650,556,-24232
4634,-1536,-7078,3034,-696,-21660
4524,-1520,-3175,1258,1076,-20564
564,-1520,-4725,-698,4372,-16684
-2631,-1536,-7342,1246,3344,-17340
268,-1536,-2697,2146,2356,-15736
2722,-1536,-111,2510,2568,-15484
910,-1488,-598,2058,3552,-15048
-887,-1552,-2869,1850,3660,-15076
-574,-1520,-2464,3138,3120,-15688
-248,-1536,601,2394,3668,-14780
-1036,-1536,-861,2238,3820,-13980
-1416,-1536,-1516,2134,3288,-14156
-260,-1552,-303,2678,3208,-14196
-810,-1520,-1010,1438,4088,-13588
-770,-1552,-2746,2118,3548,-14188
63,-1488,-1611,2010,3072,-14396
351,-1504,-628,2018,3188,-14616
412,-1504,-692,2350,4184,-14452
-736,-1504,-1976,2506,3916,-14364
-865,-1520,-2553,3158,3796,-14656
3
-32559,-1520,-32599,31817,3020,11352
-32559,-1568,-32599,31817,12092,3796
-32559,-1520,-32598,31817,10204,-15380
-32559,-1504,17659,31817,-18048,-28792
-32559,-1536,-32599,31817,-15252,-21268
-32559,-1536,-32598,26338,11064,-30492
-32559,-1520,16704,31817,-4312,-32768
-32559,-1520,-16525,22842,-2704,-28356
25410,-1520,-9297,-1938,5668,-32768
20048,-1504,-1914,14370,-3832,-32768
16871,-1536,-8112,4702,-3508,-32768
11499,-1504,-9084,4122,300,-30792
2822,-1536,-7404,1090,2276,-28052
-253,-1520,-7624,4498,708,-23740
-942,-1520,-7843,3834,1040,-21740
-626,-1520,-3250,4390,3236,-19732
-5041,-1504,-3519,3098,3912,-17096
-6144,-1504,-117,4338,4292,-15756
-4192,-1504,-1145,3734,2892,-14264
-3712,-1520,-863,3198,2552,-13428
-2540,-1504,1684,3598,3156,-13240
-1224,-1552,1297,2446,4000,-13512
-282,-1520,1945,3126,2952,-13652
-652,-1536,729,2902,3120,-14096
-2173,-1504,-1002,3190,4404,-14080
-1436,-1504,770,3962,3724,-14988
-1586,-1520,1733,3546,3688,-14756
-3367,-1552,-408,2550,3860,-13580
-3984,-1504,-1358,2702,3048,-13132
-2614,-1536,131,2714,2924,-12828
-2212,-1504,-2099,614,4392,-11976
-837,-1504,-2609,1726,3596,-13292
3
-32559,-1536,-871,31817,-14428,-23560
-32559,-1520,-32599,31817,-13092,-16912
-32559,-1520,-32598,27050,5252,-32768
-32559,-1520,-24960,24242,-3916,-32768
-32559,-1536,10070,21362,-14520,-32768
29459,-1536,-23355,-3350,6752,-32768
15335,-1536,-8162,758,-1596,-32768
21659,-1536,3963,10322,-6336,-32452
12907,-1552,-7907,-3010,2028,-26244
724,-1520,-11445,4794,1016,-23868
2084,-1536,-9743,4382,-188,-21840
3582,-1536,1222,1602,940,-21080
-221,-1536,-4607,1502,3108,-18680
-2479,-1504,-6419,3502,3336,-17240
-997,-1552,-40,4634,1600,-16812
-1135,-1488,1490,2658,4100,-16048
-3087,-1520,-1447,2462,3388,-14900
-2378,-1520,-1500,2778,2484,-14060
-1935,-1520,-1764,2866,2112,-14076
-999,-1472,-1875,3482,3164,-14660
-1284,-1504,-696,2530,4348,-14212
-2147,-1520,-2381,2798,3760,-13348
-2117,-1488,-2169,2690,3540,-13592
-1389,-1520,-1077,2426,3780,-13956
-1471,-1536,-859,2634,3396,-13560
-1066,-1536,-804,2806,3140,-13692
-1107,-1568,-1407,2026,3400,-13228
-1136,-1520,-2288,2386,3656,-13280
55,-1520,-945,2654,3964,-13900
379,-1552,-592,1934,4572,-13872
3
-4876,-1520,-5533,710,1776,15944
-9511,-1552,-16087,-706,9864,17924
-8162,-1520,-29574,2502,-176,14320
-3293,-1536,-5555,2286,-2556,16776
-3513,-1536,-1249,1038,4032,20352
-3795,-1520,-12435,1598,2184,18856
-1321,-1520,-5061,1650,-1712,17620
-246,-1552,2862,1322,-12,19104
-314,-1536,-3222,1198,1628,18908
161,-1504,-2695,970,-624,17640
893,-1520,2576,722,-84,17808
242,-1520,-2017,266,988,17704
-67,-1536,-2314,702,-1112,16348
-584,-1536,2511,406,-176,18220
-2279,-1536,-1841,306,2200,19384
-1211,-1552,-2046,1290,484,18144
639,-1520,2388,674,1536,18608
552,-1488,-861,534,2376,18548
857,-1504,-1103,426,572,17452
566,-1536,404,-110,708,17652
-46,-1536,262,478,916,17648
611,-1536,-426,794,1260,17920
375,-1504,-1100,438,600,17852
294,-1520,208,418,344,17648
160,-1520,666,390,744,17832
-29,-1504,-555,398,880,17816
-139,-1536,-44,274,476,17976
-74,-1552,-243,294,932,17856
-59,-1520,-562,538,804,18204
-185,-1552,-637,266,476,17980
-23,-1536,1059,170,392,17644
-316,-1504,-251,130,1284,18088
3
-32559,-1488,-3532,31430,4012,32767
-32559,-1520,10606,31817,2488,32767
-32559,-1488,-32599,31817,5196,3788
-32559,-1488,-32599,31817,5748,8260
-32559,-1536,-24281,31817,-11088,-23200
-32559,-1504,-32599,31817,-22560,-20252
-32559,-1568,-28165,31817,-11108,-32768
-32559,-1520,-5126,31817,-19836,-32768
-32559,-1504,-27436,28894,-10056,-32768
26878,-1520,-16353,7918,3552,-32768
5686,-1520,-9338,-5018,-3780,-32104
9203,-1536,2265,8662,-8796,-30316
11911,-1504,-5098,-1286,-604,-25408
3938,-1536,-7692,2790,232,-22932
2522,-1488,-1696,2806,1448,-21840
2715,-1488,-2420,1546,980,-20828
599,-1520,-6990,2226,1240,-19028
-1136,-1536,-2456,3778,1832,-17468
-1584,-1536,-2552,2046,3212,-16836
-2400,-1568,-343,1350,3428,-16092
-1565,-1552,52,3338,2312,-15288
-1537,-1552,-174,3546,2468,-14972
-2209,-1552,-1900,2222,2528,-14388
-1680,-1504,-1671,2586,2116,-14476
-1072,-1504,-563,2350,2880,-13988
-1778,-1536,-2949,2690,3544,-13460
-868,-1520,-1876,3234,2576,-14248
471,-1520,866,2662,3716,-13868
-1105,-1552,-1059,2718,3552,-13480
-522,-1536,-2225,2850,3308,-13692
261,-1504,-452,3002,2892,-13952
500,-1520,-416,2262,3772,-14052
3
-32559,-1504,-32599,31817,13892,4360
-32559,-1520,-32599,31817,5904,-21132
-32559,-1536,18229,31817,14468,-7592
-32559,-1536,137,31817,-16860,-32768
-32559,-1552,-32599,31817,-18140,10580
-32559,-1520,-32598,17478,-1500,-27904
-32559,-1520,-11750,31817,-13220,-32768
-32559,-1536,-32598,19902,-1124,-24028
-32559,-1536,-7537,5822,2716,-32768
24521,-1504,-8636,9758,-1196,-32744
15260,-1552,-13814,2226,832,-29160
13458,-1520,-5773,7374,-2176,-28100
12351,-1520,-3680,3314,2112,-24612
3300,-1536,-9217,1294,4700,-23056
4353,-1504,-3741,5322,1568,-21892
2792,-1536,-5628,4190,2960,-20456
-735,-1520,-964,3282,4728,-19176
-1748,-1552,-3860,1414,5108,-18676
-1453,-1520,-1492,3174,3264,-17076
-2014,-1504,-9,4570,3924,-15944
-3541,-1536,1956,3226,4836,-15364
-2818,-1536,95,3838,4160,-15516
-2401,-1536,347,3730,2700,-13980
-2906,-1520,279,4142,3524,-13432
-2542,-1488,-644,4014,3996,-13988
-2041,-1536,438,3778,3932,-13640
-2303,-1536,286,3570,3452,-13236
-1614,-1536,1423,3246,3820,-13472
-1707,-1520,-573,2282,3788,-13236
-1735,-1520,-765,2506,3656,-13596
-1060,-1520,-68,2938,3512,-13624
-562,-1552,843,3110,3916,-13768
3
-32559,-1520,-32598,31817,884,-27200
-32559,-1552,719,31817,32468,-32768
-32559,-1536,-32599,19698,-11460,-32768
-32559,-1504,-32598,23714,6600,-32768
-32559,-1504,-13135,17162,-808,-32768
-32559,-1504,18000,24938,-7776,-17852
27732,-1552,-32598,-7638,11816,-28108
14895,-1520,-990,7418,2352,-31936
30621,-1504,3782,9406,1716,-28940
9241,-1504,-6027,-5178,5484,-26228
4812,-1536,-8006,6858,960,-25628
6290,-1520,-415,3794,3252,-22968
1350,-1520,-2715,2130,4612,-20824
-109,-1520,-1560,3354,3624,-20092
-1738,-1520,-2556,3142,4160,-18308
-3565,-1504,-1003,4122,3288,-16204
-2903,-1504,-199,3802,4420,-15932
-3400,-1536,1362,2914,4280,-14528
-3382,-1504,880,3842,4084,-14324
-2479,-1552,971,3258,3264,-13712
-2031,-1552,-1925,2638,4124,-13536
-1862,-1536,222,3614,2832,-13780
-905,-1504,-381,3198,4388,-13712
-1686,-1504,732,3030,3724,-13480
-1370,-1536,-1328,2878,3456,-13404
-971,-1520,-210,3158,3436,-13560
-1132,-1552,-1089,2990,3640,-13292
-934,-1552,-1213,3226,3536,-13580
-388,-1520,265,3366,3108,-14012
-692,-1536,352,2714,3956,-13848
-1198,-1536,-1315,2766,3632,-13732
-924,-1536,-1450,2614,3780,-13780
3
-32559,-1536,-14372,31817,-8120,-21908
-32559,-1536,-32599,31817,-18668,-18068
-32559,-1536,3267,23558,-1568,-29108
-32559,-1552,-10863,23934,-14380,-32768
-32559,-1520,6622,23502,-12468,-32768
-32559,-1520,-26303,2110,5580,-32768
19040,-1520,-9141,842,2532,-29072
10063,-1520,-1981,1358,3968,-27612
5443,-1552,-3339,4430,1260,-25940
2018,-1536,-2298,4210,628,-22288
-162,-1536,-886,2974,1116,-20228
-2563,-1504,-2618,1586,2972,-18776
-4600,-1552,-1114,2806,2484,-17672
-4155,-1520,-1252,3158,2440,-16340
-3364,-1536,2803,3178,2944,-15568
-3127,-1536,-1258,2214,3300,-14140
-3663,-1552,-248,2390,2264,-13448
-1500,-1520,666,3182,1244,-13596
-821,-1520,-175,2662,2932,-13744
-2075,-1504,-810,2686,3092,-13788
-1359,-1536,-276,2330,3120,-13768
-1236,-1568,-513,1950,3064,-13360
-143,-1536,-316,2390,1724,-13420
180,-1552,-1498,1666,2880,-13720
-333,-1520,-823,2298,3004,-13788
-87,-1536,-2501,2402,2992,-14484
472,-1536,201,2794,2416,-14420
-709,-1536,-1289,2170,3120,-14344
-202,-1520,-61,2822,2108,-14580
-509,-1520,-871,1842,2752,-13908
3
-3098,-1536,-32598,-2442,18832,-3992
-5243,-1488,-32598,266,12628,-7156
-4179,-1552,-6402,-1426,13248,-1580
-6173,-1536,-21084,-2090,24884,12
-9312,-1536,-32598,-1678,17460,472
-9406,-1536,-32598,-914,11500,1160
-9918,-1520,-19057,-2374,15292,6292
-13690,-1552,-32598,-3358,19528,8528
-15333,-1520,-32598,-1770,13192,7492
-10832,-1504,-22760,282,6664,8184
-6746,-1536,9352,-1334,7596,11980
-8357,-1520,-1060,-3506,16116,15308
-10181,-1488,-29101,-1734,12448,13548
-7044,-1520,-25261,-582,6308,12380
-5370,-1536,-11714,-1790,6476,15160
-6189,-1536,-14977,-1558,8588,16232
-5443,-1504,-17269,-1014,5460,16120
-3200,-1520,-10292,-126,3616,15880
-2004,-1536,-7803,-690,4592,16740
-2455,-1504,-8930,-1130,4356,17164
-1447,-1536,-6695,-110,2812,16424
-460,-1552,-3188,-966,3328,17472
-1508,-1520,-4951,-918,4000,17828
-1456,-1536,-4577,-526,3456,17636
-999,-1536,-7153,-282,2644,17736
-871,-1536,-3692,-98,2092,17832
-838,-1520,-2005,-178,2204,17664
-704,-1520,-2218,-210,3200,17508
-575,-1536,-3507,-226,1924,17440
-706,-1504,-1327,-398,2184,17608
-715,-1520,-363,-266,2548,17864
-406,-1520,-1716,26,2400,17556
3
-32559,-1536,-10192,26750,-11720,-32768
-32559,-1504,-5476,20206,-4388,-32768
-32559,-1536,2410,15382,-5216,-32768
11701,-1536,-12895,-5482,-3988,-32768
4081,-1504,-9165,8862,-7524,-32768
7544,-1520,-7102,1642,-1692,-27992
959,-1520,-4245,686,2268,-23988
-910,-1488,-3605,1886,1932,-21820
1259,-1536,483,3170,-204,-19476
-1977,-1504,-798,634,1092,-17248
-5394,-1536,-3410,2530,2116,-16112
-5427,-1504,-3108,1906,1356,-14860
-2939,-1520,592,1918,1184,-13964
-625,-1520,1483,2238,1168,-13948
-937,-1552,847,1510,2276,-13148
-1527,-1504,-2171,1966,1892,-13460
78,-1568,80,2854,1348,-13820
112,-1536,282,2126,2012,-13704
-1169,-1552,-2230,1598,2624,-13704
-1032,-1552,-2348,1838,2364,-13980
287,-1536,-308,1606,2480,-13888
271,-1536,-1523,1394,3032,-13740
285,-1536,-2298,2010,2456,-13816
695,-1552,-620,2150,2188,-14232
640,-1520,-860,1990,2856,-14420
694,-1552,-622,2158,2688,-14352
194,-1520,-988,1854,2936,-14552
554,-1536,-622,1730,2916,-14652
3,-1536,-373,1810,3136,-14656
-232,-1536,-1329,1926,3312,-14416
-130,-1520,-983,2130,2756,-14388
-257,-1552,-952,2114,3388,-14364
3
-32559,-1520,-21104,21762,-1500,-32768
-32559,-1536,28440,18822,-4460,-32768
-32559,-1520,11411,5098,-12,-32768
23807,-1552,-8520,5734,-3864,-32768
24977,-1520,6840,7978,-8424,-32568
16411,-1520,-2595,-978,2248,-26408
3964,-1536,-7940,4194,-968,-27000
5189,-1536,14,3946,-3424,-22872
-903,-1568,-6479,102,68,-20632
-3324,-1520,-4837,2618,292,-18572
-1458,-1536,-1009,1270,1956,-17260
-1778,-1552,-2853,1226,1448,-15272
-1891,-1520,-18,3006,724,-14640
-522,-1536,-761,2218,2836,-14208
-1409,-1536,-797,1046,2988,-13956
70,-1568,-1253,2258,1748,-14540
377,-1520,2037,2238,2668,-14148
-655,-1536,-1414,2102,2708,-14076
-1182,-1536,-877,2450,2340,-13628
-378,-1536,-1320,1914,2600,-13656
133,-1488,-987,2334,1900,-13804
601,-1552,-47,2602,2744,-13984
203,-1552,-228,2270,2564,-14080
-159,-1536,-1422,2030,2244,-14596
85,-1504,-1518,2194,1680,-14260
94,-1536,-838,2298,2272,-14400
439,-1520,-890,2430,2456,-14332
224,-1520,-1780,2346,2628,-14632
392,-1520,-387,3046,2176,-14916
-825,-1504,-255,2270,2964,-14400
3
-32559,-1520,-6335,31817,-15676,-29920
-32559,-1520,-32599,31817,-19692,-14352
-32559,-1520,-20534,22398,6908,-32768
-32559,-1536,14683,12586,-5592,-32768
-32559,-1536,17318,13234,-11584,-28296
26256,-1472,-22204,-8306,-3204,-32768
24643,-1520,-10795,7570,-5868,-32660
22977,-1488,551,-218,-2556,-31048
10767,-1536,-3987,-1298,-924,-27336
5802,-1504,-7977,1162,-1044,-24900
5322,-1504,-1174,2866,-2748,-22332
5779,-1536,-2134,2238,-652,-20408
-1216,-1520,-5051,606,1876,-18440
-2260,-1520,-3571,2666,-728,-18640
185,-1520,1260,1674,-708,-17232
-1696,-1536,-1249,1194,1784,-15708
-2938,-1504,-2943,2670,908,-15416
-1690,-1504,-1463,2754,1308,-15040
-2199,-1520,363,1806,1848,-14544
-1571,-1520,-526,2298,2072,-14340
-1255,-1520,-247,2158,2452,-14264
-1726,-1504,-945,2078,2184,-14176
-1157,-1504,822,2550,1420,-14372
-1221,-1504,-842,1666,1316,-14044
-1608,-1536,-1267,1434,1436,-13940
-1142,-1520,-1742,1662,1512,-14644
-312,-1520,-736,1782,1256,-14164
-394,-1504,-34,1910,1156,-14584
-366,-1536,54,1626,1828,-14244
-910,-1536,-1349,1778,1312,-14352
-482,-1520,-489,1710,1560,-14392
-956,-1520,-988,1110,2492,-14212
3
