-32558,-1696,-32598,31817,-13656,-17988
-32558,-1712,-24608,31817,18616,32767
-32558,-1664,-4221,31817,13632,32767
-3203,-1728,31899,18546,32467,18704
-32559,-1696,-14829,-8502,9348,32767
-7069,-1728,-25784,-670,-28632,-3884
-18892,-1712,1368,-4470,-24628,3556
-9391,-1712,-2939,-1154,3608,20000
2950,-1744,-18210,-6298,-160,16060
3184,-1712,-5695,-5290,-5748,17692
3503,-1664,-1756,-3594,-4032,15708
7988,-1728,1943,-1306,-1124,16516
12088,-1728,-2880,-830,1084,16604
11128,-1728,-6301,-1642,-1096,19192
12674,-1696,-4878,3686,-1936,14808
19036,-1696,-1574,-1562,-4580,14164
18949,-1680,4208,-1654,-4332,14536
16122,-1712,3555,-1374,-3748,10896
15155,-1728,1609,-8622,-4080,7124
18317,-1696,3644,-8122,-4012,3736
19255,-1696,2254,-7930,-2096,3872
15792,-1728,634,-12290,100,3664
14285,-1712,-5746,-10310,-188,364
13333,-1712,-6897,-11442,1532,216
13315,-1712,-8316,-12574,7284,-1824
13939,-1680,-7744,-23162,3272,-1436
17613,-1712,4208,31818,-3720,-5816
25451,-1728,8252,31818,-13648,-10460
21456,-1728,4375,-30442,-28024,-12232
-8402,-1728,1912,31818,-13280,120
-25059,-1728,-10319,-29106,604,1692
-18744,-1744,-14449,-18510,7756,-3396
2
7926,-1728,-3680,-11098,7256,14112
-17059,-1744,-31784,-6858,32468,8752
-16219,-1712,3307,2442,-8904,12580
-9013,-1744,-7423,-3954,4032,19300
2991,-1696,-2488,-410,-6780,14876
7807,-1728,3704,-2910,-8096,13772
5448,-1728,-652,-2574,-2112,16784
2469,-1760,74,-5062,-1308,19796
5269,-1728,-1333,-706,-2828,20736
10314,-1728,2502,1970,-760,20684
14634,-1744,2047,950,-204,18680
14257,-1712,-7472,570,2272,19024
16195,-1712,-6859,2418,-2116,15280
19653,-1712,690,-3682,-2956,13716
17199,-1728,-212,-4618,-776,13308
16443,-1728,-3422,-2342,-2356,11000
19962,-1728,-7601,-6334,-3876,8328
19455,-1696,-7113,-6438,-736,4468
22729,-1712,-6525,-5258,-1728,428
26351,-1744,-6035,-9574,-1944,-2228
23803,-1744,-7400,-13774,308,-2844
14028,-1744,-7105,-17134,-3224,-804
2230,-1712,-6576,-19558,292,-776
976,-1744,-10709,-22538,-4380,-10568
8464,-1728,3553,-29346,-4860,-11960
2861,-1728,-996,31818,-8440,-6300
481,-1728,-8046,-31466,-10244,-6144
483,-1728,2392,31818,-7240,-4276
634,-1696,3034,-28778,1276,-2780
500,-1728,-6396,-20010,3236,-1944
-2805,-1728,-7024,-12306,-1916,-1988
-7176,-1712,-1555,-10490,-3292,-632
2
-32558,-1712,23455,-20406,-23960,-27560
-32558,-1728,13447,-14570,-11272,-21816
-32558,-1744,3195,-8490,-7940,-30496
-22403,-1712,-32598,31817,-768,32767
-32558,-1712,-3683,31817,26168,32767
-32558,-1744,-32598,31817,24244,32767
-20904,-1712,-21006,13330,31568,32016
-32559,-1728,-32690,2222,-1552,23536
-25099,-1728,-32598,-21018,-11116,4976
-28277,-1760,-471,-1466,-29620,10904
1720,-1728,5290,4866,-100,19176
16043,-1760,76,-6858,-4120,18664
12226,-1696,5773,-8206,-1380,20736
2143,-1760,7201,-4642,-256,21216
-383,-1712,-5087,1290,3264,21604
10835,-1696,-2754,4666,-1800,21420
14061,-1744,-3458,6858,940,20096
10834,-1744,-6777,3034,-2132,18504
18325,-1760,19,-6038,-3116,12980
16300,-1728,540,-2490,-3676,6748
20435,-1728,-815,-7234,-2636,2676
25247,-1728,-1230,-10326,-3176,-452
27110,-1760,-1532,-10262,-3280,-1888
22433,-1696,-3940,-13334,-3500,-472
11095,-1744,-4792,-17510,-1276,2160
-370,-1744,-6143,-18486,2668,-696
-1379,-1744,-6092,-21350,-1828,-6192
12913,-1776,-1003,-24338,-3152,-9844
20699,-1744,1112,-30250,-6004,-5724
12920,-1744,1225,32206,-5728,-4336
2
-32559,-1728,-11275,31817,32496,-32768
-32559,-1728,-32598,13534,32468,-17476
13692,-1728,-10187,31818,-23844,-16300
8396,-1760,-337,-7338,-13676,-27116
9112,-1744,16262,-27390,-13712,-30784
-8209,-1744,20638,-27142,-7640,-22672
-29186,-1744,15826,-25010,-7076,-21872
-32558,-1712,18251,-17670,-9636,-25400
-32558,-1744,16850,-12934,-7040,-19140
-32558,-1712,3325,-4974,-6204,-6796
-32558,-1712,-7045,11946,-3332,3588
-32558,-1712,-8059,31817,1772,9128
-32558,-1760,-32598,31817,32467,32767
-32558,-1744,-23837,1478,26456,28340
-32559,-1760,-10257,17126,-19864,4708
-32559,-1728,-17919,154,-13244,16632
9009,-1760,100,-21470,-19620,14812
-17497,-1728,4126,-10094,-8496,14496
-12174,-1728,2420,1050,-4208,17940
7173,-1760,-589,-2518,-2888,20336
13744,-1728,-904,-2030,-4496,19212
15525,-1712,4154,-5382,-7212,16856
11720,-1744,1966,-2638,196,19752
9543,-1744,-6499,2834,96,15936
14137,-1744,-1225,758,-5068,11300
20173,-1744,-1303,1438,-2224,11052
21921,-1760,-4719,1794,-2356,9980
21577,-1728,-1981,-5822,-5800,7820
20793,-1728,-1083,-7850,-4088,5816
16085,-1728,-4025,-4894,-4368,6444
13089,-1760,-4267,-9170,-4020,3176
14240,-1728,-1535,-8954,-4644,292
2
23394,-1760,-6105,16994,1264,2708
21011,-1728,-19000,15858,7404,6676
10179,-1728,-15258,13322,-1000,4184
3327,-1728,3591,13830,-280,2424
-3032,-1728,10847,14830,6996,6864
-8315,-1728,4898,23626,14932,11768
23712,-1728,10417,31817,8080,316
-32559,-1728,24464,31817,32467,14924
-32559,-1744,8826,31817,25808,21756
-32559,-1744,8609,28486,20532,22536
-32559,-1744,2486,20882,22264,17856
-32559,-1712,-15726,21150,16500,10472
-32559,-1712,-16479,21634,6412,4384
-32559,-1776,-9447,21782,0,-5240
-32559,-1712,-8271,16286,2256,-13268
-32559,-1728,809,9906,-11328,-26952
-32559,-1728,-2431,3614,32468,-32492
26156,-1728,-25766,-22178,-25264,-14192
13929,-1760,-8349,31818,32468,-25076
13474,-1760,5010,32210,32468,-31768
5843,-1728,23951,31818,-31256,-32768
-11757,-1760,27068,-20638,32468,-30848
-32558,-1712,30639,-16742,-20232,-29072
-32558,-1728,23142,15142,-20284,-32768
-32558,-1744,-32599,31817,26876,32767
-32558,-1776,-32598,31817,32467,32767
-32559,-1744,-32598,26330,6120,-32768
-32559,-1728,-32599,726,10180,25436
-32558,-1728,-30363,31926,-31592,5440
-23120,-1728,21485,5266,-21580,13724
-14089,-1760,-18410,9694,-756,11180
4660,-1760,-5532,4382,-2900,17244
2
-13276,-1744,-32598,31817,152,-32768
-32558,-1760,-28060,31817,32467,32767
-32558,-1712,-19989,12322,32467,3056
-32559,-1744,-23249,2746,-32240,7880
8902,-1776,-32598,-7346,5868,13380
-24223,-1728,-22484,-14830,32468,7288
-25919,-1760,-2760,-3826,-10396,16696
-6919,-1792,2163,4238,1660,22444
8907,-1760,-1075,-838,-2996,18596
11168,-1728,4528,-3346,-5260,20756
4930,-1760,-3775,-2006,916,23080
9067,-1776,-951,294,-2344,19168
15459,-1744,6662,1982,-1392,20872
17341,-1712,4404,2754,1468,17800
21072,-1776,-2436,78,1416,13520
19676,-1744,-8069,-4234,24,14352
15994,-1744,-4692,-2198,-1964,12396
15511,-1760,-1877,-5962,-3460,7968
16336,-1760,-2169,-6358,-1240,7204
15770,-1792,-3296,-4930,-2244,6568
16012,-1728,-3096,-7926,-1768,4984
15129,-1760,-2871,-10650,-4364,3452
12941,-1760,-761,-11742,-3256,4176
11880,-1744,-3049,-15670,-3348,2584
14855,-1744,-4073,-16814,-3896,-1428
18439,-1744,-1542,-21914,-888,-1900
18146,-1776,-2976,-22638,1364,-1712
16537,-1792,-6892,-24386,-1728,-4356
17289,-1760,-5404,-23702,-5748,-9236
17403,-1760,-6209,-21166,-9092,-10668
8107,-1760,-8769,-19514,-9076,-8020
-10666,-1760,-10910,-21970,-5996,-6980
2
13594,-1808,-13129,-12174,-29536,-26448
4563,-1760,153,-31638,-29316,-23612
3672,-1760,-9531,-9490,-14424,-16756
-62,-1760,-402,-27418,-24912,-16212
-2803,-1760,5257,31818,-20576,-16732
-3585,-1744,7699,-20678,-27268,-23008
-15458,-1760,19116,-20134,-19116,-20312
-30204,-1776,16784,-12178,-12784,-20796
-32558,-1776,11638,-650,-18892,-17856
-32558,-1744,16159,14550,-12604,-20576
-32558,-1712,-8832,31817,5836,3564
-32558,-1744,-32598,31817,32467,32767
-21106,-1744,-32598,1366,32467,-32460
31704,-1776,5280,5630,-816,30764
-12165,-1760,-28804,-21026,-24376,12336
-21050,-1728,12932,-6526,-17224,23052
-11546,-1760,700,-2590,5400,18184
4942,-1760,-10673,-5010,5048,19620
9546,-1760,-11581,-5126,-3700,17660
3015,-1760,100,-8918,-5712,17096
-2257,-1760,3031,-6210,-3308,16540
-830,-1760,5524,-5206,-460,17284
1978,-1776,4635,-5450,2652,18664
6721,-1776,250,-4054,-380,18028
8575,-1744,1967,-4426,-176,19420
11306,-1744,7454,-430,2068,18948
17888,-1744,3674,3434,3092,14520
20889,-1760,2236,1154,2884,15076
20570,-1760,6383,2342,4316,15120
21705,-1760,900,-1334,2640,10756
21965,-1792,-1674,-5610,-1556,8348
22239,-1792,5678,-4786,-1320,8152
2
-32558,-1760,28270,-3066,-23540,-21540
-32558,-1744,-32598,19558,32467,24732
19177,-1744,-32599,2978,32468,25048
-11961,-1744,-32598,-24950,9476,13196
-22329,-1776,-32598,-8462,32496,21432
-4139,-1744,5961,1298,-4356,19192
2743,-1760,-3665,-770,7344,25504
841,-1760,-6696,-2878,-3208,20524
1873,-1760,5889,-1678,-6504,19000
3524,-1760,10621,-330,772,20944
7241,-1760,-4013,1694,2868,19960
12948,-1760,-5847,2890,-2288,19124
16499,-1760,6626,2914,-3412,19724
18228,-1776,17530,6906,-964,17452
21135,-1776,16516,4322,2440,13600
24122,-1776,3875,-210,4672,12792
23023,-1776,-3460,-130,1128,13052
21403,-1776,429,-1994,-2156,9748
22272,-1776,5547,-6246,-3880,5492
22877,-1744,1841,-10430,-4640,652
21716,-1792,1489,-15582,-5368,-840
20701,-1760,-5570,-19262,-5480,-3356
15694,-1760,-10507,-20102,-5828,-972
2494,-1760,-13532,-26370,-72,1616
-6209,-1760,-16204,-24814,-4936,-3992
-4545,-1760,-10545,-20842,-6580,-8452
2107,-1728,-454,-19294,-9916,-8876
4199,-1792,4327,-18306,-5148,-4328
2
-32558,-1792,8511,31817,26480,6704
-32558,-1744,-32598,31817,16036,32767
-32558,-1808,-17663,31046,-7740,32767
22448,-1760,-32599,15698,-3964,-19756
21013,-1776,-2349,-11194,19372,31932
21260,-1776,-32598,-302,-3568,26100
-13517,-1792,-1685,-16714,-20096,22448
-18092,-1760,21583,162,-1712,19868
4098,-1792,-55,2370,8648,23200
13889,-1792,-2631,-50,612,21932
9855,-1760,8832,758,-2772,23048
5708,-1760,3826,2054,6124,20104
11437,-1808,-10197,7550,5416,15572
19062,-1760,-10206,4150,-1380,13428
17732,-1776,-4163,-1066,-1804,15732
13699,-1744,315,266,-344,13724
15895,-1776,-4612,-1626,-356,10028
17734,-1776,-8986,-6218,-620,8708
17296,-1744,-3167,-4258,-6660,7564
18302,-1776,5998,-9606,-6580,6168
18992,-1744,5691,-11850,-4308,4620
17785,-1760,-2313,-12474,-3876,5036
14533,-1792,-6718,-16146,-6980,5496
12400,-1792,-4484,-16474,-6612,3548
11004,-1760,-4971,-17294,-3296,2244
9465,-1760,-11532,-19622,-3660,-60
9085,-1792,-10740,-19830,-2656,-2004
8958,-1760,-8155,-21886,-1028,-2952
8599,-1760,-8608,-21446,-444,-3920
3743,-1760,-7816,-24846,-988,-4364
210,-1760,-224,-25882,-1580,-6256
-2950,-1760,1821,-24014,344,-5588
2
-32559,-1792,-4615,29926,32468,-25480
10716,-1808,-14518,3130,-29332,-9612
10342,-1808,886,-10906,-1608,-3276
23236,-1760,-9180,-13718,32468,-15500
21644,-1728,3744,-22450,-31384,-25512
26270,-1760,20358,-7226,32468,-32768
1580,-1760,5798,-10574,-29388,-32768
-32558,-1760,17530,-6130,32468,-32768
-32558,-1792,20816,1202,-10732,-28112
-32558,-1760,-32598,31817,19176,-32768
-25765,-1792,-11528,12506,32467,25484
-32558,-1760,-8294,3450,20100,16760
-32558,-1760,-19681,31817,8060,11076
-32558,-1776,-32598,13626,22496,32767
-16528,-1744,-16146,-3814,7360,1696
5160,-1776,-12197,3274,-8112,16656
-14418,-1808,-28775,-13102,-18152,20960
-8177,-1776,17583,1450,-14360,14772
-967,-1776,2043,-4110,-5948,14072
3180,-1776,-5340,-4342,-10652,19356
3727,-1744,7764,-4214,-9004,20360
6454,-1776,8815,-1450,-3304,20316
13694,-1776,7624,654,-1080,19260
18923,-1776,10202,2010,-596,19228
17528,-1776,12541,-478,1360,19884
12182,-1776,-2431,3310,4140,16588
16013,-1776,-6044,3638,-1024,11188
21171,-1776,3126,-5070,-2456,8620
19636,-1744,5533,-4094,-2496,8596
18515,-1776,3257,-3442,-1312,6052
2
-15864,-1760,17306,-10050,32468,-32768
-32558,-1792,25627,-8358,-28156,-32768
-32558,-1760,1853,16790,-5456,-32768
-32558,-1760,2094,31817,32467,32767
-32558,-1792,-20260,31817,32467,32767
-32558,-1792,-32598,31817,32467,32767
4797,-1792,-32490,-7110,16188,-6164
8209,-1792,8279,-13558,2576,13168
-32558,-1760,-32598,1246,-23720,2060
-26228,-1792,-18766,1850,-18728,8824
6902,-1808,9532,-3274,-10712,17148
11239,-1776,4635,-6426,-15176,10668
-2522,-1808,8261,-15798,-12884,14592
-15311,-1776,3191,-7994,-9020,13424
-8864,-1776,-4572,-4978,-5424,14496
326,-1776,-2577,-7266,-7144,15212
3617,-1808,5452,-9318,-4336,15004
4333,-1792,7584,-9662,-5200,14300
300,-1792,5100,-8958,-4240,15780
1960,-1792,6941,-2706,-1828,13952
5097,-1760,13113,-4494,-2248,18024
4356,-1760,11951,-1254,1252,17676
11249,-1792,7666,5042,1896,12900
18525,-1792,5833,386,1676,13692
19508,-1760,5922,-354,484,13256
19279,-1760,5081,-2062,-396,9864
17479,-1792,3845,-5134,-988,9540
16343,-1792,6498,-6434,-3244,7696
18956,-1776,5980,-11486,-708,4196
19794,-1792,58,-17062,-1348,3916
16881,-1776,-5041,-21714,-4460,3280
17079,-1792,-1924,-24842,-4256,-944
2
-32559,-1792,-5584,16390,24328,19220
-32559,-1808,4899,19334,19472,17200
-32559,-1776,3926,27758,20156,8752
-32559,-1776,-17088,31817,11728,-10884
-32559,-1808,-11672,31817,32468,-32768
-32559,-1776,-18703,-4118,-28916,-22400
13235,-1808,23891,-15434,-23152,-22604
13003,-1776,18484,-9190,-17264,-32768
13257,-1776,12890,-17850,-15308,-32768
-16812,-1776,21332,-5654,-26780,-32768
-32558,-1808,-32599,-8426,-25768,-25992
-32558,-1776,6185,5514,-6368,-21028
-32558,-1776,11271,7794,1576,-11944
-32558,-1776,-12992,30250,-10680,-14832
-32558,-1808,-3127,30082,3692,18636
-32558,-1776,-12148,31817,13672,32767
-32558,-1808,-32598,25158,32467,32767
31584,-1808,8475,16002,-10532,-3292
1259,-1808,-32598,-8690,-6648,16744
-32558,-1808,-32598,-10118,-31920,16920
-24212,-1792,8888,-510,-20588,11432
7610,-1760,828,10958,-6196,10804
22488,-1792,5763,-5522,-10580,18096
10027,-1824,10688,-10182,-6188,21940
-5125,-1824,11633,-6626,-3804,21568
1133,-1760,-5,2650,-2964,15296
14296,-1792,-5279,2470,-4264,19920
17280,-1792,2452,3538,-3852,19264
20581,-1760,8788,2450,-9444,11736
17835,-1792,5623,-3226,1272,14860
11527,-1760,-6346,-670,-804,14732
9574,-1744,-5324,682,-6152,11160
2
-32559,-1776,-14164,15598,-27696,-29540
21034,-1792,-26468,-11278,-19552,-15612
12458,-1776,-22815,-9366,-9344,-6776
14532,-1760,-8087,-7602,-1452,1288
20001,-1776,285,-14854,-2968,3744
22743,-1808,5614,-20614,-12200,-11840
16306,-1776,4914,-18966,-19516,-28332
11326,-1808,6287,-17306,-18568,-31576
10407,-1840,18421,-12918,-21920,-32768
-6842,-1776,25617,-10826,-27364,-32768
-32558,-1808,15446,-12986,-20080,-25856
-32558,-1776,9278,-12614,-18804,-16128
-32558,-1792,3311,-3310,-14484,-12056
-32558,-1792,-19839,31817,-1952,-32768
-32558,-1792,-10041,31817,27948,32767
-32558,-1792,-32598,19290,32467,32767
-11696,-1792,-19397,31817,23432,-32768
-32559,-1792,31087,13026,-25568,11400
9209,-1760,32096,-15858,1272,19504
-21834,-1792,-32598,-30782,-18604,4764
-12199,-1792,21059,794,-21236,4196
-10045,-1792,-783,-3494,-3832,17012
6388,-1792,-7699,9818,-5252,18784
21211,-1792,751,2830,-7600,19024
24571,-1792,7183,1866,-140,20568
23458,-1792,5423,1762,2348,15308
24229,-1792,5160,-2626,256,11684
20958,-1824,1171,-6066,-640,12420
15727,-1792,-2306,-5118,-1888,9912
15713,-1792,2688,-8318,-4064,7124
17052,-1728,6358,-8190,-4452,7408
18875,-1792,3403,-7562,-1828,7092
2
-32559,-1808,25245,29814,32468,-28872
12506,-1824,7086,-11474,-32380,-20892
-3531,-1760,-11706,-29774,5256,-7836
14301,-1824,13670,31818,11236,-7592
30304,-1776,5880,-32390,-10508,-13724
-32559,-1808,8909,-18614,-19996,-32768
23932,-1840,27145,-938,-21528,-32768
-8627,-1808,32351,1274,-27756,-32768
-32558,-1776,20620,-890,-18628,-13472
-32558,-1776,763,78,-14704,-14056
-32558,-1776,-11588,13866,-15736,-28352
-25119,-1808,2615,31817,5128,13480
-32558,-1776,6222,31817,29136,32767
-32558,-1776,-32598,31817,32467,32767
19871,-1808,-26328,18470,16392,-32768
30854,-1808,-19179,3598,-6588,14000
-27282,-1776,-9827,-23086,-28708,16304
-20767,-1808,-32599,-3366,-21088,16736
32081,-1808,19477,3618,-176,28392
19917,-1808,-3848,-3638,9792,21268
18914,-1808,-17456,3222,-3836,13192
24470,-1776,-2114,-646,-10844,9676
25485,-1808,5268,-12562,-3644,6524
22242,-1776,-5733,-8842,-5356,4236
20874,-1776,-6831,-4254,-6092,180
22067,-1808,-889,-5730,-6856,-1396
22213,-1776,2341,-11122,-7028,-1580
23980,-1808,2489,-12846,-4048,-5344
19027,-1776,-1666,-18946,-6388,-4824
4336,-1792,-4694,-23690,-13420,-8028
2
-32559,-1808,-582,31817,-3192,-15072
-32559,-1808,1734,31817,32468,-25160
30158,-1776,-21066,3002,32468,-26296
1275,-1808,-730,-25350,-5920,-5172
-8095,-1808,-12420,-22198,-3872,-11536
22560,-1776,-3786,-15018,-29356,-29784
-32559,-1776,3624,-21506,32468,-32768
-15802,-1776,30752,-23678,-29884,-32768
-32558,-1808,10536,-13186,-17740,-17680
-32558,-1808,-6794,-9966,-5884,-15652
-32558,-1776,-3729,7458,1896,-32768
-23180,-1792,8274,31817,7348,8104
-32558,-1792,-9229,13046,13236,9640
-32558,-1776,-32598,31817,16024,32767
-5317,-1776,-31851,-8714,32467,-17236
20830,-1840,-32599,2182,-23612,27960
-19249,-1776,-28911,-26794,-9256,11376
-31876,-1808,-16084,-5994,-27260,9036
-11309,-1808,-1841,1890,-5912,9972
5465,-1808,-6362,846,-212,21204
6438,-1808,1647,-7922,-10044,19788
-780,-1776,9377,-4934,-9864,18180
1689,-1808,5300,-1006,-4836,19824
8415,-1808,7633,-2206,-4976,22216
10695,-1808,11169,-2622,-2156,23956
12673,-1808,4612,2374,2004,18388
18937,-1776,-2540,2386,1008,15948
19882,-1808,425,-1102,-2860,15692
17872,-1776,3322,-314,-920,14448
18575,-1808,4573,-506,-2280,10288
21804,-1776,7254,-5010,-3088,8040
22399,-1776,6715,-6194,-2244,8840
2
-32559,-1776,27020,31817,32468,-32768
29753,-1808,-32598,31818,32468,15144
-3043,-1808,11735,31818,32468,-29188
-2565,-1808,10880,-15746,-23320,-30104
-11903,-1776,-17577,-20178,-7460,-12768
-32558,-1776,13119,-24830,-14744,25892
-32558,-1808,12393,-3994,-1160,-1388
-27290,-1808,-3413,31298,22676,-12436
-25233,-1808,-2174,30430,14556,13368
-32558,-1776,1220,31817,17604,28544
-32558,-1776,-30317,10354,26720,32767
-32558,-1744,-32598,-1722,16672,-6256
17989,-1776,-30596,17262,-22924,10044
-16453,-1792,9864,-2250,-6432,17064
-2484,-1776,-8559,-2998,880,21112
5000,-1792,-1877,-3838,-8860,22696
8692,-1776,9053,-430,-2732,23272
12986,-1808,4852,2010,1840,22032
21064,-1776,-990,4302,1268,17408
22394,-1776,5636,2814,-4,18048
21773,-1808,2516,750,2124,15196
22424,-1808,-745,-890,-1032,9548
23414,-1808,6128,-3242,-3724,7516
21096,-1808,6984,-12494,-2984,7068
15272,-1808,3234,-8658,-2236,5280
13580,-1776,3900,-10842,-4856,1740
12975,-1776,3466,-14210,-5744,3208
11782,-1792,5535,-16554,-6224,2384
10605,-1808,5291,-22182,-5880,532
9548,-1824,1193,-21382,-6120,2848
2
-16244,-1824,16108,-17450,-14536,-13564
-32558,-1792,5226,-6514,-9948,-10604
-32558,-1792,2049,-4458,-10208,-9004
-32558,-1792,-10851,-886,-7504,-4020
-32558,-1824,407,7522,-7484,1932
-32558,-1824,3942,30602,-1940,804
-32558,-1792,1575,31817,21144,27680
-32558,-1792,-32475,21886,25404,32767
-5437,-1824,-12343,-2634,21412,-8076
19924,-1792,-12173,3302,-2048,21512
-7285,-1824,-22291,-18894,-27280,17272
-25684,-1824,13233,-9602,-16880,20372
-4835,-1792,4407,2418,3444,18832
9760,-1856,-7449,-6074,3400,24844
10077,-1792,-3896,-7458,-6300,22324
7901,-1824,11371,-6458,-3556,20640
10839,-1792,4287,-2222,1216,20044
16495,-1792,2364,374,-340,20256
21217,-1792,12946,3726,5788,18184
20990,-1824,2896,482,9460,19252
19615,-1824,-2328,7346,7220,18772
27290,-1792,10281,6538,7980,12216
31488,-1792,6846,-3718,4208,8128
27662,-1808,-1915,-8570,-2992,6716
22743,-1824,1123,-11942,-5160,1548
22467,-1808,2677,-16834,-8940,-1928
19989,-1808,-3258,-19374,-10060,-2984
13921,-1776,-1566,-21826,-12644,-6140
8561,-1776,531,-22878,-15280,-8568
6761,-1776,4581,-18118,-25848,-15500
11012,-1840,-8159,-11486,-19720,-15152
-2216,-1808,-19242,-15986,-12220,-2652
2
-32559,-1792,7344,31817,-14104,-23516
-32559,-1728,-5195,31817,-17804,-32768
-32559,-1728,6420,23410,32468,-32768
16680,-1728,-17893,-2694,-25228,-12176
-4297,-1760,1153,-24302,-2272,4608
6911,-1760,-11291,-11710,18864,8664
16116,-1744,-14245,-22174,16164,8428
22181,-1776,-3480,-17242,-1980,576
27266,-1776,11671,-20870,-12080,-5376
12698,-1712,2387,-29870,-16904,-8344
8488,-1744,-6829,-32470,-18284,-12160
11746,-1712,-2809,-29402,-16096,-16116
8263,-1744,8471,-27694,-14168,-18120
-8373,-1728,12575,-25774,-7324,-17888
-22700,-1728,9282,-19878,-11000,-19488
-29843,-1728,7489,-14266,-12256,-19760
-32558,-1728,4178,-20266,-7440,-5712
-32558,-1760,5242,-12466,-868,-4004
-32558,-1728,-3772,102,-2968,-4404
-32558,-1760,-18332,31234,-3356,-28452
-27392,-1760,-8240,31817,5424,5892
-32558,-1744,-29557,22538,23148,32767
-32558,-1760,-23815,6830,11100,9728
9898,-1744,-6031,-1258,-27584,-8876
-32559,-1776,9686,1890,-15396,14220
29459,-1744,3734,-4398,2112,26104
4898,-1744,-5019,-5914,-3552,23012
-983,-1744,-4470,4170,-7144,17200
11676,-1712,-6555,13134,-4388,12640
24303,-1744,-3310,15654,-6340,11804
30380,-1760,-331,13534,-6588,9208
30583,-1760,4756,8042,-6704,8248
2
-32558,-1792,22487,31817,-16424,-32768
8489,-1744,-12828,31817,31588,32767
-32558,-1744,-26903,16942,32467,32767
-3940,-1728,-12984,16722,-6368,-26900
-32559,-1760,7248,1046,-13116,10744
30610,-1760,-28912,-9182,-1304,25536
-11905,-1728,-13450,-13114,-12968,14560
-7295,-1728,1881,-1034,-7196,11992
-4489,-1792,-2320,-398,-40,22156
-5102,-1760,-8138,7214,3680,19624
7967,-1728,-12059,6818,-3272,9104
23247,-1728,-13118,3010,-4772,13032
24045,-1728,-3720,2966,-6900,15696
21605,-1760,2834,-2302,-7536,12792
21570,-1776,-424,-8754,-4096,7928
18615,-1776,-4993,-8754,-8700,9680
17777,-1744,-2048,-11842,-9540,6296
19834,-1744,2817,-13658,-8912,2884
20924,-1760,-2798,-14410,-8732,-2368
19943,-1792,-3712,-15078,-7352,28
12383,-1760,-8141,-18186,-7896,2720
5317,-1792,-10762,-18214,-9632,-12
3683,-1760,-8942,-18182,-7480,-4560
6119,-1760,-7171,-18090,-4872,-6472
6484,-1744,-6261,-20830,-2568,-3616
2430,-1744,-5693,-24606,-196,-2652
-2196,-1776,-5078,-21822,-2492,-2924
-4495,-1744,-1838,-20986,-1692,-2024
-4655,-1744,-124,-18898,-812,-1744
-3094,-1776,761,-19714,1032,-972
2
16074,-1744,2778,-22586,-12692,-24148
18067,-1728,4341,-25746,-12176,-20288
10365,-1760,22029,32494,-10436,-21620
10355,-1760,24417,31818,-11996,-28620
6045,-1760,12701,31818,-10180,-27948
-8295,-1760,14234,31818,-4908,-24608
-26983,-1760,23186,-24062,-10984,-27884
-32558,-1760,18146,-19514,-4768,-19904
-32558,-1728,13760,-11346,-2616,-17096
-32558,-1792,9981,1166,584,-13252
-32558,-1760,5841,24074,-4452,-26464
-32558,-1760,1758,31817,3380,32767
-32558,-1760,-32598,28174,32467,32767
-23279,-1760,-19053,16098,-18088,-20392
-32559,-1760,25106,3286,-21232,9324
16250,-1760,-8922,-8226,1900,25016
-3922,-1744,-16789,-5606,-20732,19352
-12716,-1728,4871,-110,-10372,16476
195,-1744,3527,6826,-3272,20416
9758,-1744,2209,9778,-2616,21496
15471,-1744,5987,14762,-4276,16352
18823,-1744,10091,16030,252,13880
21233,-1744,2240,10538,3936,11852
24449,-1760,-5127,8910,-672,11012
26157,-1760,2631,5426,-7752,11848
24228,-1760,8650,-6510,-4168,10168
24638,-1760,3271,-8298,-2880,9572
23696,-1760,2655,-11554,-4856,8792
23957,-1760,6,-18238,-4316,4020
27921,-1760,-3406,-18082,-6700,440
30363,-1760,-6138,-20242,-4356,-956
31282,-1760,-8260,-23934,-6652,-3692
2
11693,-1760,-8438,-27918,9332,2660
9503,-1760,-14048,-29462,3824,-2276
17509,-1760,156,-29978,-6436,-4876
25226,-1760,10847,-31266,-6412,-9968
26794,-1776,13928,32618,-10524,-15332
13461,-1808,8719,31818,-9148,-14316
-1292,-1776,350,-28886,-9316,-10744
-7152,-1776,5865,-23498,-18304,-8992
-23087,-1744,14875,-20698,-17928,-7788
-32558,-1776,-32599,-6566,-23120,-15352
-32558,-1744,19470,1642,-9696,-14028
-32558,-1744,3988,15974,-6496,-17144
-32558,-1776,-27480,31817,-4648,-32768
-32558,-1776,-32598,31817,32467,32767
-12699,-1776,-32598,13946,5120,-12600
-32559,-1744,28488,-4606,-24552,13416
5543,-1776,14965,-10470,7588,25872
-20175,-1792,-19721,-14770,3744,20748
-17978,-1760,-10930,4342,-13912,9660
1913,-1760,7234,4050,-13504,20240
3122,-1760,12946,5794,-1096,22032
1695,-1792,-3231,4690,5240,20540
6090,-1760,-14853,11434,1560,16744
12912,-1792,-13021,13538,-1524,14300
14005,-1760,-9559,2634,-3544,15224
14566,-1792,-5218,5834,-5600,15644
16851,-1728,1440,-2426,-6380,14072
17620,-1760,5170,-6838,-4036,11040
21028,-1760,4568,-1662,-3204,8576
19504,-1760,8682,-9758,-4752,9800
14828,-1776,9435,-12846,-3856,9048
11017,-1728,9627,-10126,-5540,7120
2
-32559,-1776,4109,5442,-27136,15460
-32559,-1776,3378,-4926,-164,26256
7637,-1808,-21405,-6350,-3652,27640
-9820,-1744,4520,-854,-18100,17184
-2305,-1776,12401,7334,-8344,9416
8443,-1744,-1014,8786,-2112,10512
11070,-1776,-7377,7410,-2976,12856
10844,-1776,-9258,9998,-3428,12540
8841,-1744,898,5650,-5852,14060
16282,-1776,3240,4070,-4440,11684
20120,-1808,10142,1698,-5684,15160
17242,-1776,18473,-3886,-5032,13460
19528,-1776,11026,-8218,844,7088
21863,-1776,-906,-9038,-1276,8528
21392,-1776,-4054,-12658,-4768,5596
22472,-1776,-5514,-21402,-3104,1316
20723,-1776,-5637,-22730,-6084,2404
12693,-1776,-5418,-25002,-1852,6444
6196,-1776,-2747,-27890,436,4568
4967,-1776,716,-20798,3652,3348
5595,-1776,4549,-19462,6692,2572
13664,-1744,1795,-18554,12444,-2480
19457,-1744,2981,-24122,5624,-3824
16102,-1808,5301,-31270,4400,-1080
3540,-1776,-4191,-32242,7740,3356
-11359,-1776,-13981,-30138,8476,5068
-17001,-1808,-12156,-24750,7336,4996
-12399,-1776,-8686,-21338,9236,3844
-5909,-1776,-6253,-19038,8328,6192
-1388,-1776,-4088,-17934,6296,7836
1278,-1776,-1456,-16242,5832,6252
3208,-1808,808,-15498,3928,5516
2
-27293,-1760,-32598,31817,-6556,-32768
-32558,-1760,-32598,31817,27036,32767
-32558,-1792,-32598,31817,32467,-11708
-32559,-1792,4783,-18774,32468,-32768
-32559,-1792,-32599,3858,1860,32767
976,-1760,-14696,-15082,-4272,30328
-18633,-1760,2759,4130,-15188,18948
7143,-1792,1390,13550,-4784,20908
18275,-1760,-2213,10318,-1548,26200
21425,-1792,-4327,11194,-1616,19680
29751,-1792,-7789,11382,-996,12876
-32559,-1760,-12610,-382,-1652,12368
27976,-1792,-8058,-2706,-4912,12892
21115,-1792,-2226,-878,-5416,7716
21013,-1760,-1632,-4318,-5008,3096
21778,-1792,-3437,-10174,-3072,560
20570,-1760,-1398,-8646,-4908,-500
18213,-1760,3546,-13782,-5640,-2096
16750,-1760,5460,-18970,-6376,-2728
11658,-1760,3398,-19662,-2776,-516
1622,-1792,1356,-24110,-4556,2224
-10489,-1792,-4139,-26198,-1592,3804
-17233,-1792,-3951,-23786,-4244,2192
-12104,-1760,4179,-21010,-3336,976
-6769,-1792,4216,-22854,1716,5764
-4052,-1792,3916,-22406,728,6544
-556,-1760,3298,-21110,1724,5068
-408,-1760,1376,-21622,2896,6616
-6650,-1792,-2827,-22974,4888,8304
-11747,-1792,-5206,-21546,3608,8388
-16312,-1792,-8630,-20814,5584,10420
-17843,-1760,-7982,-18206,3636,10668
2
7515,-1776,9668,26418,12968,5620
-32559,-1808,3328,8190,13716,14892
-32559,-1808,22010,-19030,2724,-8248
-32559,-1808,4952,-26430,10276,-13072
-32559,-1840,-2905,-17386,-12864,-1260
19690,-1776,2551,-20082,-18692,-17520
6400,-1776,2379,-18062,-24872,-26816
9068,-1776,6042,-24486,-24644,-24472
4937,-1776,3339,31818,-23636,-21236
-2370,-1776,3026,32646,-22568,-21588
-12776,-1776,14250,-28474,-23088,-23712
-30494,-1808,14892,-22266,-10940,-14652
-32558,-1760,3666,-22262,708,-5848
-32558,-1792,146,-11106,-800,-5404
-32558,-1808,-4023,11226,1188,-12448
-32558,-1760,6171,31817,-14812,-812
-32558,-1792,-14779,31817,32467,32767
-32558,-1792,-32598,13850,32467,19888
-2514,-1792,-25584,-1394,32468,-30668
-32559,-1824,5247,2838,-24368,1196
18658,-1744,20781,-4106,-2588,24776
-8489,-1808,1255,-6938,-5348,17764
-17959,-1776,-5839,1946,-7840,11492
3959,-1776,-6838,7790,-3704,16420
8491,-1808,-6420,7114,-6804,21480
10788,-1808,-1235,8430,-7868,17672
21902,-1776,-903,13082,-3604,12076
30954,-1808,-2213,9706,-1432,13240
27834,-1808,878,5282,-1752,14228
25357,-1776,2323,7346,-2984,11748
25785,-1808,-509,1794,-3032,9800
25296,-1776,3478,-2090,-3136,10936
2
-32558,-1792,-16589,26894,20280,-3436
-32559,-1792,-6257,23850,5916,4416
-32559,-1792,-19645,-19918,20648,13920
-32559,-1792,-25471,-21246,6216,21732
-32559,-1792,-23447,-22274,-612,17464
-32559,-1792,11710,-31602,-6968,7636
30905,-1792,4852,-30718,7652,2264
8599,-1792,-191,-26318,-3888,-6840
183,-1760,-1857,-22914,-7212,-7888
-20540,-1792,-8658,-16874,-7092,-2996
-32558,-1824,14712,-9790,-26532,-18028
-32558,-1792,28514,9466,32468,-27584
-32558,-1760,-16344,31817,20388,-14748
-32558,-1792,-32598,31817,-8152,32767
17239,-1792,237,31817,-19000,-32768
-32559,-1792,-32599,-10246,-18544,32767
-13079,-1792,-29868,-20910,-2972,16052
10831,-1792,10561,8834,-26200,4092
16003,-1792,9420,3618,-240,16228
23447,-1792,-9892,6342,-3456,21116
13412,-1776,8008,6422,1252,26132
5713,-1824,3271,4838,6584,18560
12498,-1808,-10308,3502,4472,13740
16745,-1808,-12440,-798,-3788,11904
13822,-1808,-5333,-4230,-4824,9688
9701,-1808,-3868,-9094,-3432,8632
8210,-1792,1379,-5682,-4192,6656
5353,-1808,4496,-14418,-1208,5468
922,-1808,2288,-19438,-2512,6240
-4088,-1776,6530,-14106,-5352,6304
-9524,-1776,11222,-17222,-3232,10500
-15880,-1792,13134,-18382,-2440,12048
2
-17205,-1792,-7010,31817,-18208,-3560
-32558,-1792,-32598,31817,32467,32767
16431,-1792,-20640,12386,32468,-32768
-32559,-1792,-32599,726,-16924,15440
14857,-1792,-1565,-5218,-1884,23068
5243,-1792,-5340,-6198,-8940,19316
9150,-1792,-2532,3082,-9088,18328
17481,-1824,1037,5982,-2436,15940
21942,-1824,2918,5590,-1804,16972
16099,-1792,-612,4038,-124,16408
8992,-1792,-7499,5442,-2104,14192
4038,-1792,-9733,-850,-7656,11156
6604,-1824,-3575,-3174,-8704,9196
6376,-1824,3007,-3114,-8524,10392
4027,-1792,6524,-8974,-8608,10248
3323,-1824,10278,-11262,-9280,8048
5446,-1824,16044,-10418,-10364,9424
6812,-1792,19882,-13162,-8276,7744
13164,-1824,18378,-13142,-4032,1664
18587,-1792,14264,-11546,-588,3020
16940,-1824,9103,-14082,852,5668
9575,-1824,-727,-20350,5344,8384
-3348,-1808,-9665,-25326,-952,6476
-12276,-1808,-5066,-22734,-132,7320
-22168,-1808,-1862,-28578,16008,18508
-31595,-1776,-15385,-25562,21064,26524
-24989,-1776,-22455,-17634,18704,23560
-4413,-1808,-2782,-14094,1456,24736
4243,-1808,17502,-17334,7340,21632
6273,-1808,10588,-15854,10388,16560
4985,-1776,264,-12850,7900,13404
2824,-1840,-7048,-9886,7464,12152
2
-6113,-1824,11001,-31070,-26916,-19720
-32558,-1760,14088,-18886,-22068,-27136
-32558,-1792,9338,-6674,-23268,-27024
-32558,-1824,20751,31314,-25380,-28956
-32558,-1856,-26223,31817,32467,32767
-32558,-1824,-32598,31817,32467,32767
5978,-1792,9881,20666,-14632,-32768
11347,-1824,-14037,-10770,6776,23472
-10143,-1824,-26534,-7594,32468,15048
-14205,-1792,16195,-4106,-19756,14468
-9102,-1792,10981,1762,-2084,19472
3479,-1824,691,3034,-3480,19640
9982,-1792,5347,382,-9780,21396
5103,-1792,15100,2190,-4524,21332
4567,-1824,7172,3442,2624,18940
7833,-1824,-6527,4534,1868,16980
13018,-1792,-9372,9226,-1664,14804
12347,-1792,-1391,6366,-4680,16060
8804,-1792,5665,2158,-1308,16956
9666,-1776,2651,5454,356,15380
10219,-1824,-982,-2358,-928,14236
10334,-1808,-2891,-3686,-1968,11168
10982,-1808,-791,-858,-1716,11152
6314,-1808,3080,-7106,-2620,13876
2458,-1808,1978,-10334,-4356,12016
7291,-1776,7786,-7966,-7400,5900
14604,-1808,12720,-13442,-3932,4576
17869,-1808,13027,-16534,-4348,6092
17543,-1808,14472,-17154,-4276,6548
18496,-1808,14294,-16690,-436,5784
22489,-1808,8027,-19214,7384,8320
20151,-1776,13161,-22246,2076,8680
2
2681,-1824,-3002,11122,5608,-8952
26770,-1808,5864,3166,-12720,14144
7449,-1776,-13683,-526,-21176,17464
-3004,-1840,5440,1350,-17948,14928
2756,-1808,4123,5802,-5480,15160
7221,-1808,-8354,9078,-1280,17976
9109,-1776,-11838,10794,-1752,18156
6884,-1792,-9198,10370,-7684,14132
7185,-1840,-8620,6314,-2000,14116
10333,-1808,-11422,11098,-4348,13904
11434,-1808,-2290,2018,-7780,13084
9601,-1808,429,-3670,-6040,10720
6906,-1808,-2982,-2602,-4316,8968
4910,-1808,2254,-9066,-7744,8112
-6288,-1808,3819,-18914,-6364,12524
-11985,-1808,8736,-15890,-9748,8396
-4582,-1808,18445,-17350,-12868,5000
1068,-1808,18214,-15690,-5504,12760
665,-1776,18639,-16422,172,11252
9544,-1776,17618,-17294,3136,6524
13885,-1808,11569,-19366,10488,11864
13846,-1808,9117,-22778,13880,13684
16483,-1808,3590,-24746,8412,8400
20978,-1808,9944,-31494,-496,3628
5826,-1808,11148,31818,6356,21016
-17308,-1840,-9704,31958,11284,22496
-16606,-1808,-16421,-19814,-676,9588
-4608,-1808,-8998,-13546,-2888,7332
668,-1808,-6533,-15118,2660,11404
-2782,-1808,-8532,-14734,3300,11700
-4429,-1840,-6587,-13342,2596,8816
-3706,-1808,-2926,-11354,2288,8404
2
-30457,-1840,9760,-14978,-7408,-6656
-32558,-1824,7629,34,-5984,-7164
-32558,-1824,-8129,31817,4192,-32768
-25574,-1792,-18944,31817,11216,22288
-32558,-1824,-31855,31817,16288,32767
-32558,-1824,-12610,5678,32280,-4560
-32559,-1824,7402,9454,32468,-6952
-32559,-1808,-11076,2234,2956,18200
27344,-1808,-32598,-5950,-11304,27264
-152,-1808,-7564,-6966,-18148,23476
-1251,-1808,12947,3794,-14520,14336
10056,-1808,1359,1290,-5532,18480
12048,-1840,-6607,2842,-6036,19444
8974,-1840,-5655,3666,-8564,14868
7019,-1808,2885,94,-7016,11872
6864,-1840,-1607,1190,124,12436
5480,-1808,-4169,1030,-3432,11256
4211,-1808,-2169,-3538,-6156,9380
3037,-1840,150,-4270,-1476,8244
-1524,-1840,5634,-5270,-3712,9296
-5615,-1776,7308,-10530,-1312,8428
-3349,-1808,7998,-11398,-2084,6728
924,-1776,11330,-15310,-3644,8372
494,-1808,15228,-18314,-1736,11824
409,-1840,16520,-18122,-1140,13808
-2040,-1808,20657,-19658,3800,16252
-7121,-1840,18097,-20534,5156,19348
-8857,-1808,13605,-19654,3308,17320
-2256,-1840,10461,-20090,2416,15520
-4713,-1840,6507,-21598,8264,24088
-15578,-1824,-5734,-21118,6344,23744
-14143,-1824,-6084,-13886,-1384,17576
2
-16878,-1856,-3564,-16282,-14228,21192
-16555,-1856,-377,994,-7996,11604
6600,-1840,-2616,5538,-5476,20516
13609,-1840,-1532,-26,-3412,23084
8605,-1808,3449,-222,-3628,24200
3888,-1840,3364,1862,-3632,22076
6968,-1808,-5200,4294,-916,19696
12288,-1840,-10094,7006,-4060,18812
14424,-1840,-7667,8934,-4916,16072
17604,-1840,-837,5466,-3828,14916
18162,-1840,-4665,4830,-648,14124
17583,-1808,-8984,2414,-3360,10912
18432,-1840,-5958,-1926,-6304,8644
17213,-1808,-1612,-6450,-4560,8824
14540,-1808,2636,-4778,-5484,7696
11894,-1840,3817,-9098,-5284,6604
10648,-1808,2947,-9974,-6232,6288
11122,-1808,4940,-10074,-5852,4256
11360,-1808,4829,-17090,-4788,3112
8356,-1840,5807,-15950,-4564,3792
3743,-1808,9766,-17958,-8496,2544
2294,-1840,14527,-18442,-7384,188
1702,-1808,16937,-16086,-5560,652
-2466,-1808,15806,-15046,-2384,2912
-11185,-1808,10783,-15626,3264,9108
-20650,-1808,-2077,-16766,8088,13416
-18460,-1808,-8061,-14210,4940,12692
-16502,-1792,5481,-16862,10320,23552
-16147,-1824,2151,-17474,19000,25536
-9797,-1824,-3998,-18318,12780,20908
-9804,-1824,1214,-18990,11276,24132
-14902,-1824,-4202,-14986,12680,22236
2
-1609,-1840,-32598,-17958,-18884,27064
-16224,-1824,14036,-5654,-21932,21260
-4487,-1808,15046,1210,-6848,23652
2880,-1808,-3943,710,-528,25000
7006,-1840,-7939,-742,-4516,24900
6602,-1840,1925,2,-6944,26164
6717,-1840,-1659,690,-5280,21784
10818,-1808,-1430,4798,-2200,18652
16960,-1808,1105,5794,-4260,18132
19984,-1840,4450,2554,-3184,15332
15312,-1856,-9254,-1482,68,17804
11561,-1824,-13973,2578,-4736,14760
10618,-1824,-4725,-266,-6316,10396
8637,-1824,6660,-4606,-3564,8580
5314,-1792,5963,-138,-2772,10232
3489,-1824,2568,-6046,-1956,8928
3906,-1824,53,-7942,-2668,5404
4764,-1856,5303,-5414,-5276,5028
3152,-1824,10552,-9882,-5340,7304
2381,-1808,16598,-14562,-4388,7732
3446,-1808,20131,-13446,-916,9924
4131,-1808,19263,-17230,2596,12404
5595,-1808,16013,-17754,4608,13420
14108,-1808,12896,-17014,4416,12556
17159,-1872,9060,-25534,8896,15292
14869,-1840,5262,-30470,5972,14576
8868,-1808,1198,-30066,6748,14956
2381,-1840,-4342,-25774,3484,11872
-493,-1824,-5260,-20554,2284,8340
-829,-1808,-5488,-19806,3428,8652
-2294,-1824,-7991,-19750,3576,9768
-3848,-1808,-9366,-18814,3612,10268
2
-32558,-1808,-32598,31817,29028,32767
-32558,-1840,-32598,13382,32467,-32768
-32559,-1856,-294,17062,32468,24456
24646,-1824,-3906,-18230,-3088,14640
-30239,-1792,-842,31818,-25568,19324
-17271,-1824,20322,4418,-7512,8916
605,-1824,-2828,-3946,924,19500
5312,-1856,-6748,-7606,-6536,20144
-2961,-1824,-5479,-9434,-8580,20800
-7433,-1824,-4189,-6174,-5580,18624
-2240,-1824,-5480,-3662,-6268,18128
5402,-1824,1171,-5494,-9872,15900
4674,-1824,4914,-6974,-7440,18588
832,-1856,1311,-6314,-4704,19304
761,-1792,-1361,-4138,-5368,17316
3785,-1792,450,-2338,-5404,16576
6749,-1808,3108,-1326,-4216,15556
6475,-1808,2563,-850,-3180,15760
7742,-1808,2368,1030,-3664,14952
10207,-1808,-2115,478,-1304,13524
10024,-1808,-4258,-1210,-2940,13780
8102,-1840,2074,-262,-6332,13916
8791,-1808,5600,-3918,-4184,12192
9094,-1840,6366,-3358,-2312,10652
9337,-1840,4158,-6966,-3948,9120
8398,-1808,4640,-10014,-3180,10228
6030,-1840,6098,-10222,-4068,8884
5296,-1808,6982,-12182,-5364,8348
6690,-1808,6919,-15166,-3964,8432
8770,-1840,5378,-15002,-2000,7972
11631,-1840,9002,-16806,-6032,8120
10893,-1840,16445,-19262,-2108,8400
2
-29136,-1840,-19912,28326,1252,6456
-32558,-1824,-32598,31817,32467,32767
-32558,-1824,-4971,-4246,32467,15708
-32559,-1792,-32599,31817,-24052,14936
12287,-1856,-32598,32166,1396,12684
-27107,-1824,-29066,-9878,-31376,7528
-21986,-1824,15007,-1510,-11172,12460
-2077,-1824,3614,230,-2032,17936
7076,-1792,146,-6274,-6368,19324
6176,-1824,4140,-7642,-8284,17220
2093,-1856,-161,-7810,-6616,15764
1022,-1824,-2316,-6542,-7620,15940
1873,-1792,1031,-6378,-6492,16112
1689,-1808,2736,-5830,-6872,16728
5181,-1808,4206,-1378,-4952,15096
4791,-1840,3301,714,-3024,12816
6759,-1840,-4343,246,-1592,13688
8271,-1808,-6284,2378,-3740,13140
10170,-1840,-2404,-354,-5184,11620
10954,-1808,1544,-3794,-4872,12000
9684,-1840,1358,-2326,-4868,11668
7268,-1840,1876,-8174,-5084,10140
7103,-1872,2153,-9214,-5640,8736
7475,-1808,5512,-9334,-6076,10012
4301,-1840,5000,-17906,-5004,11608
2034,-1824,1820,-17578,-6548,10784
6379,-1872,2557,-14238,-9224,7968
5173,-1824,6730,-20454,-5056,12060
1913,-1824,3424,-20798,-5916,11000
-645,-1856,7786,-20126,-8936,9032
2
-9171,-1840,-14732,31817,-12252,7028
-32558,-1856,-24288,31817,26772,32767
-32558,-1840,-32598,-15346,32467,-5224
-32559,-1824,5365,31817,32468,13760
-5364,-1824,-29657,31818,-3448,13800
-32558,-1824,-28709,-5646,32468,13080
-208,-1856,15822,12762,3204,7592
17335,-1824,5057,-8706,1076,17340
4168,-1856,-1425,-14122,-9448,18840
-11710,-1824,-4686,-10446,-9888,18144
-11491,-1856,-3220,-4722,-7948,14480
-1568,-1824,2618,-3886,-6608,15800
777,-1856,2501,-6206,-3792,16252
-3158,-1824,-1343,-7294,-2736,17372
-7149,-1808,-4420,-4914,-3524,16608
-3562,-1840,-5471,-1946,-7440,15532
-3914,-1840,-7720,-2178,-4572,17752
-4964,-1840,-4773,410,-6440,14824
2883,-1840,45,4710,-7384,10668
11102,-1840,-6297,3478,-1208,14860
11801,-1808,-8446,4826,-3756,15892
11311,-1808,-4493,1490,-6716,13604
10784,-1840,-2762,102,-5392,11572
10833,-1776,2099,2,-6504,11220
12176,-1808,4933,-4706,-3188,8592
11219,-1840,3487,-8246,-3352,8416
2110,-1840,2897,-8602,-6676,13084
-3446,-1808,9866,-9954,-8104,10344
-769,-1840,15587,-13298,-5928,7380
-297,-1840,10323,-15170,-2984,11680
-2687,-1840,12558,-15934,-7704,14656
-1958,-1840,21769,-16446,-8716,13960
2
-22365,-1808,14766,-28082,-17048,-10392
-32558,-1840,17828,-16082,-10552,-17440
-32558,-1840,15908,2222,-9436,-16772
-32558,-1824,1168,31462,-2692,-24816
-32558,-1824,-32598,31817,22372,32767
-32558,-1824,-32598,31817,18880,32767
13117,-1856,22592,8598,11824,-29212
21796,-1824,15652,-2294,-4568,20708
12128,-1856,-32598,-6474,-2680,12708
-9392,-1824,-19883,-12022,-27784,9640
-10531,-1856,12651,-3246,-13388,16444
-6151,-1856,5811,-2646,-4956,16728
832,-1824,-3342,-2898,-6324,17352
1193,-1824,-2349,-2886,-6804,20348
1393,-1808,3944,-1086,-8044,18340
4763,-1840,6412,202,-5500,16696
8758,-1808,5007,358,-3796,16460
10314,-1840,3071,358,-3720,16588
11785,-1808,2381,1334,-2148,15064
14001,-1840,-1493,942,-2144,14856
13152,-1840,-2257,-438,-3952,15980
11161,-1808,-797,-434,-5724,14376
12836,-1840,-92,-4510,-2872,13440
12775,-1840,-2454,-5170,-4276,13864
11203,-1808,-945,-5982,-7264,12492
11042,-1808,1944,-11178,-6468,10000
10864,-1872,3501,-9878,-4492,9224
9291,-1840,2827,-11502,-4404,10468
6629,-1840,-105,-15526,-4148,9656
6880,-1824,-3218,-12158,-4804,8808
7476,-1840,-1676,-14422,-4960,8728
6531,-1856,-1129,-17546,-1028,7868
2
-15741,-1856,24238,31817,-11144,-4276
-32558,-1840,-3271,31817,18992,32767
-32558,-1840,-32598,3902,32467,10172
-32559,-1840,-30218,20990,32468,-12076
22382,-1840,-30625,-15406,-15324,25164
-15855,-1808,13960,-24166,-23636,19604
-17559,-1872,12605,1122,-4984,9388
-3716,-1840,-9174,-222,3408,16592
5373,-1840,-12779,-3582,-9476,18544
1406,-1872,-436,-6518,-11168,21068
-3318,-1872,5445,-5094,-7852,16064
-567,-1840,-36,-3902,-4088,15832
3023,-1840,-6542,-3730,-5208,16940
2887,-1808,-3354,-2894,-6916,19008
2923,-1840,1822,-530,-6336,17876
9805,-1840,-2681,2718,-3436,14708
16797,-1824,-4120,3130,-4052,14000
17113,-1792,-1657,1150,-5220,16172
13468,-1824,515,2774,-5356,16040
16010,-1856,1541,1122,-4860,11708
17271,-1824,334,-4290,-4956,12476
15391,-1856,3326,-2502,-8540,12180
13413,-1824,6911,-7090,-4996,10348
12091,-1824,6587,-9910,-3868,8008
9792,-1824,6819,-7970,-5708,8776
5066,-1856,6411,-13678,-3624,9052
2987,-1856,2553,-17034,-4584,6700
3098,-1824,2608,-13658,-4192,8504
285,-1856,6228,-15874,-3356,10012
362,-1840,6102,-19394,-2700,10220
161,-1808,5389,-19670,-3144,9760
3241,-1808,6058,-17402,-2648,10012
2
-32558,-1824,-32598,31817,-13880,10280
-32558,-1824,-32598,31817,32467,32767
-32559,-1824,19542,14050,-31272,11328
20880,-1856,17558,-20890,48,8924
-32558,-1824,-19657,-20454,32468,2928
-25641,-1824,-3066,982,-14572,7676
2627,-1856,13565,102,-6428,18556
6689,-1824,2335,-10886,-2088,23356
-566,-1824,-6509,-9458,-5156,21896
-1293,-1824,-5910,-6386,-7468,19796
-541,-1840,-5616,-6430,-5732,19312
-453,-1840,-4436,-5734,-4988,18508
-686,-1840,-2787,-3722,-5960,18340
3104,-1840,-5559,-1858,-3396,17324
7530,-1872,-10609,-1346,-3704,18196
6597,-1840,-7652,-2302,-6700,18524
5537,-1840,-1669,-562,-6852,15304
8988,-1840,-1847,1634,-1532,13380
11608,-1856,-5700,-3494,-3276,13284
7412,-1824,-4131,-5810,-4564,15108
4677,-1824,1248,-3810,-4100,11896
9603,-1824,-248,-5878,-260,8052
11655,-1824,331,-10198,-1028,9372
9350,-1856,3547,-10530,-4148,8004
9555,-1824,6275,-15994,-2860,4968
10945,-1856,4927,-15702,-1972,3684
11433,-1856,3676,-16122,-2540,2536
11219,-1856,3472,-19682,-4480,1648
11424,-1824,8944,-21694,-4368,272
15908,-1856,15956,-21554,-10564,-5272
26499,-1872,15162,-19062,-12692,-7828
26080,-1840,-2983,-23382,-3140,-1624
2
-32558,-1808,17128,21682,-7044,15208
-32558,-1824,-32598,31817,8956,8772
-12531,-1856,-26955,17978,32467,-32768
-32559,-1824,-32599,-18058,32468,32767
-32558,-1856,-32598,-31326,19676,22616
-32558,-1856,9026,10386,-26292,11592
-1368,-1824,5025,5902,1280,13140
11999,-1856,-1375,2766,-3628,28020
4466,-1840,-3742,-1082,-7460,31264
190,-1840,5792,2306,-10964,27808
10901,-1840,7984,7278,-6268,24396
23083,-1872,2154,7150,-1788,23720
28585,-1840,877,4738,-984,21636
25906,-1840,600,4438,712,20808
20008,-1840,-2684,3818,1116,16112
20812,-1808,-10185,162,-668,11876
20820,-1840,-11373,-214,-2092,11772
17634,-1840,-10834,-3654,-3212,8468
13878,-1872,-9046,-8346,-4164,5508
11446,-1840,-4933,-7218,-4272,4752
10896,-1840,-3985,-8614,-4152,2680
11111,-1840,-6193,-11570,-3936,1228
9805,-1840,-5568,-10734,-6516,708
8762,-1808,-1359,-12674,-6804,-644
7921,-1840,1217,-15082,-6640,-1280
4974,-1792,1868,-14482,-3020,-472
-1550,-1824,-2395,-18702,-460,1624
-9796,-1824,-2906,-19958,-5148,3828
-14892,-1856,156,-18198,-5804,3084
-8513,-1824,5514,-16874,-3424,1652
3786,-1856,5593,-19086,-744,6044
7094,-1824,10113,-23462,-5068,7124
2
-32558,-1824,-32598,31817,24124,32767
-32558,-1856,-32598,12694,32467,8932
-32559,-1824,25396,16198,32468,-3528
24711,-1856,6395,478,1152,28072
-10239,-1872,-23908,-19386,-7360,28352
-20174,-1840,9908,2702,-18904,16480
-6637,-1840,4660,5658,-5524,22980
7022,-1840,1072,4134,-2748,23032
10024,-1872,3988,794,-6608,23288
7664,-1824,3816,142,-2056,22116
7778,-1824,-1927,2414,-3156,20288
9646,-1824,883,2194,-6748,20652
11460,-1856,4062,402,-3988,19348
11857,-1824,-1650,1854,-1740,18612
12933,-1824,-3431,1982,-3756,15844
13327,-1856,879,1994,-3344,16176
14847,-1824,-717,5830,-648,15008
18003,-1856,-4644,2798,-112,12384
18704,-1824,2173,1750,-620,13796
16137,-1824,6403,1830,576,12256
20753,-1856,4919,-202,1712,7296
22467,-1856,4613,-5142,1848,6028
19036,-1824,4284,-10670,156,7692
13493,-1856,4565,-14034,-1940,6564
12836,-1840,4908,-19206,-3060,3816
14333,-1872,3941,-20690,-624,3788
12666,-1872,4863,-23510,-3088,3788
17156,-1840,6914,-24570,-8444,-1676
23410,-1840,13850,-23282,-9968,-4272
22460,-1808,6413,-23354,-7412,-5116
10943,-1840,-4626,-28202,-9852,3384
-9695,-1840,-8582,-30070,-1804,8676
2
-32558,-1840,-32598,31817,32467,32767
-32558,-1856,-32598,12166,32467,-30576
-32559,-1856,21849,15498,32468,7936
-10564,-1792,14397,-9830,20,32767
-32558,-1824,-16118,-12566,-18920,22948
-7205,-1888,-2191,16170,-10624,9784
20315,-1824,-4348,8726,-5640,23068
20108,-1840,-2945,662,-4696,28552
1450,-1840,-588,-4294,-6584,28384
-5872,-1840,-361,2574,-6872,21532
9293,-1840,3935,6990,-7068,19904
17998,-1808,6396,3662,-5408,23548
17615,-1840,5381,2206,-2068,24276
14474,-1840,29,4074,352,22088
18838,-1840,-4897,5906,-2100,17196
25867,-1840,-7967,9226,444,14960
28549,-1840,-5616,6110,-2812,12812
25720,-1840,-2444,-494,-4520,13664
21284,-1840,-1623,202,-4968,11800
20172,-1808,-224,-3970,-5636,7856
19883,-1840,3842,-7654,-5252,6348
19280,-1840,5260,-5494,-4700,5780
18809,-1840,4848,-7730,-3776,3576
19145,-1824,2341,-8666,-3208,1172
19513,-1872,256,-7782,-4048,-44
19050,-1824,466,-10118,-4708,-1116
20106,-1856,831,-13190,-3804,-3008
16017,-1856,-27,-15650,-520,-912
5634,-1824,-1525,-22354,-4128,-396
-2226,-1888,-231,-22394,-4948,-3372
-765,-1824,4729,-20374,-11140,-8652
2749,-1856,8197,-21066,-9336,-5588
2
-32558,-1856,-18273,31817,6208,-32768
-32558,-1840,-32598,31817,32467,32767
-32559,-1872,-32599,-7766,32468,9412
5613,-1840,-32599,-1970,18460,-5720
-26279,-1872,-32598,-23130,-14260,644
-25889,-1840,-15009,950,32468,9136
-9321,-1856,16889,3362,-12424,20992
-4501,-1840,900,-418,-3176,28352
-2679,-1856,-4999,178,-7080,25092
821,-1824,2470,550,-10492,24484
4471,-1856,5141,-634,-6428,24268
7354,-1824,1569,-46,-6116,22536
8604,-1824,-133,34,-5140,22684
11090,-1888,1919,1122,-3600,21644
14189,-1824,1234,1306,-2612,21172
15935,-1840,1505,2030,-1848,19464
16799,-1840,-1964,914,-2108,16592
18651,-1808,-1767,1298,-2172,15152
20776,-1840,-1814,-434,-1960,13384
21424,-1840,33,-5574,-3788,12868
18534,-1840,1602,-5866,-3852,11968
15562,-1840,-898,-5774,-2716,8840
14593,-1856,-2623,-8514,-2792,6256
13371,-1856,-117,-8370,-3732,4412
13148,-1840,2659,-7350,-3552,3648
12550,-1856,2691,-9386,-2476,2540
11941,-1824,1548,-10398,-2480,2128
10363,-1792,1954,-13062,-2644,1876
7543,-1856,4530,-15898,-1640,1448
6133,-1840,7945,-18606,-2544,252
8205,-1840,12139,-19622,-5964,-3160
14019,-1872,24235,-18406,-18632,-7016
2
-32559,-1824,-1994,-19242,-7552,-2956
32260,-1840,-1277,-16754,-7368,-6588
26966,-1840,921,-15334,-12272,-11780
11458,-1840,1326,-15998,-16328,-14088
3248,-1840,-2838,-13226,-17352,-18032
3089,-1904,-1237,-11542,-17008,-18688
462,-1840,-722,-15990,-14164,-14800
-8354,-1840,891,-21298,-12348,-11368
-14958,-1856,1348,-17130,-9868,-11432
-16836,-1824,5424,-9750,-10320,-12212
-19067,-1888,9556,-7038,-11880,-11424
-24852,-1856,20366,-4402,-16772,-19564
-28738,-1856,27668,2622,-16412,-26580
-32558,-1856,9434,11966,-13096,-21128
-32558,-1872,-14213,26366,-6996,-10144
-32558,-1872,-32598,31817,32467,32767
-32558,-1840,-32598,23966,32467,32767
-32559,-1840,24589,19534,-22360,-2060
32143,-1872,-8282,1062,19600,24188
14715,-1856,-32598,-12306,-11680,32767
-11763,-1872,3145,-16582,-21052,30216
-11626,-1824,13138,-2946,-11860,28548
870,-1824,2419,-2202,-6388,28152
6923,-1856,1523,-4334,-6912,28724
8405,-1856,3559,-3818,-4892,26412
10672,-1856,3486,-2098,-1484,23140
13839,-1824,1184,-1422,272,20700
14572,-1856,639,-1726,176,19696
13130,-1856,2067,146,-320,17160
14806,-1840,1662,-1414,1044,13568
15734,-1808,-4057,-4626,2244,13548
13692,-1840,-5031,-3026,-764,13792
2
-32558,-1840,-32598,31817,32467,32767
-32558,-1824,-24591,22846,32467,-32768
-32559,-1824,-32599,13706,-30096,22712
25685,-1824,-18739,-13174,3568,20084
-21551,-1840,-24640,-20666,-32644,26296
-24179,-1840,14124,-2962,-17552,16840
-10917,-1840,3627,6922,-4476,27440
4436,-1840,-1567,3218,-6844,26604
8765,-1840,1633,266,-8064,29092
7283,-1840,7446,78,-7832,25140
12012,-1840,5212,1022,-5076,21856
16814,-1840,-1349,434,-1420,21724
17745,-1840,-4131,-550,-3996,21224
16163,-1872,2775,118,-4564,20716
16820,-1824,6413,1190,-2084,17000
21821,-1856,1722,-178,612,14392
22165,-1856,-3396,-1486,-108,13076
22238,-1824,-1724,-3910,-2244,10772
21457,-1888,1709,-5914,-3136,9632
19960,-1856,4167,-5854,-2984,7208
19824,-1824,774,-8050,-1992,3756
19862,-1856,-2368,-10250,-2396,2328
18482,-1856,-544,-8010,-4140,1332
17449,-1856,5139,-9634,-5072,-464
18039,-1856,6580,-10918,-3984,-2696
18566,-1824,2618,-10646,-3128,-3932
17739,-1856,-3101,-10922,-2600,-5420
13706,-1856,-6129,-15746,-3480,-4880
6583,-1824,-5583,-19022,-7172,-5860
305,-1856,-3368,-18786,-13264,-8000
163,-1840,498,-15646,-20788,-10024
-2577,-1808,-3882,-17726,-13708,-4160
2
13876,-1872,-32598,-9434,-3348,24128
2131,-1824,-2466,-10586,-27824,22148
-1093,-1856,2590,-5098,-8856,26508
401,-1856,-5893,-1502,-8716,28444
5335,-1856,-507,-926,-11204,28280
8781,-1824,8888,546,-7272,28452
15818,-1856,6756,3642,-2444,23264
20477,-1824,5317,2266,-3072,21112
22967,-1856,6515,910,-2256,18528
22718,-1856,5147,-3230,-1828,16532
18927,-1856,3038,-6242,-3768,15400
14877,-1824,3365,-4962,-4716,11836
16028,-1840,3661,-8338,-3028,8440
16928,-1840,4515,-10114,-3268,7760
14648,-1840,4511,-10194,-2464,7828
13199,-1840,2825,-10734,-1832,5348
12614,-1840,2765,-11062,-1584,3164
14620,-1872,-1078,-11570,-2196,1816
15341,-1840,-2272,-13650,-2968,1492
14462,-1840,587,-11486,-3640,720
14192,-1840,-697,-12182,-1236,-740
12495,-1856,-5781,-14034,-584,-64
7847,-1856,-12876,-13858,3352,480
12774,-1888,-12482,-16666,-14384,-14620
28206,-1856,20792,-13894,-23744,-18176
28380,-1856,25173,-21442,480,-8968
4495,-1840,-8685,-22302,-13764,828
-11316,-1840,-1796,-26170,-12236,-4420
-17758,-1840,3603,-29914,-5280,2808
-22493,-1840,-1773,-28978,1328,5408
2
-32558,-1840,-11583,31817,28168,18176
-32558,-1840,-32598,31817,21568,32767
-32558,-1840,-32193,8482,32467,-6528
-32559,-1872,15687,22298,-21664,24260
17322,-1824,-32598,-8538,-1836,18064
-8697,-1824,3344,-11130,32468,24104
-15972,-1856,24829,1166,-14856,19672
3027,-1856,7877,2294,640,25308
12811,-1856,-6787,-2602,-7388,27800
9447,-1856,1464,-4430,-11484,28876
5184,-1856,10735,-1986,-7224,27380
14912,-1856,4375,3706,-2476,19456
24297,-1888,-2190,-506,-944,21200
22057,-1856,-2706,-2678,-5264,19044
18321,-1824,4027,-2130,-4116,17136
15930,-1824,1999,-3922,-1744,13700
14165,-1856,-1473,-5306,-2152,11932
12035,-1856,-2932,-3910,-4712,9596
13270,-1824,-1096,-7530,-3520,5796
15319,-1840,-3736,-9686,-464,5456
14687,-1872,-7156,-7734,-2772,5552
14081,-1840,-7289,-9010,-5020,3892
13974,-1840,-4690,-8954,-4592,1944
14967,-1840,-2821,-8342,-3304,-536
15652,-1840,797,-8358,-3904,-2084
14120,-1840,9326,-9798,-2628,-2636
12097,-1856,11970,-12242,5616,-2784
8361,-1840,610,-15438,7908,-2700
3377,-1840,-8265,-17922,7448,-3676
6817,-1856,-6897,-23378,-2928,-8136
10751,-1872,-8350,-29554,-15860,-8144
12744,-1856,-7664,-23522,-32120,-10044
2
-32558,-1856,2872,31817,-5328,14148
-32558,-1872,-20961,31817,8140,32767
-32558,-1872,-32598,31817,11108,32767
-32558,-1840,-24460,11810,14640,32767
24576,-1840,20916,22722,-25888,18612
21517,-1808,-6813,1286,-8188,18992
2636,-1840,-29274,-8366,-7244,28960
-5753,-1840,2228,-1570,-18576,23876
5325,-1840,11055,2802,-12792,20888
15981,-1856,-1307,366,-7404,24604
16952,-1856,-639,-2534,-8016,25716
12202,-1824,7054,-378,-5420,24156
13766,-1856,4706,3910,-1188,20448
19078,-1824,1320,5094,-356,17764
18372,-1824,-504,4454,-2268,15956
17614,-1856,5341,4978,-2856,12984
19202,-1840,3128,1594,-1456,10496
19939,-1840,1761,-1722,-1940,8980
18765,-1872,7548,-62,-3660,5504
19841,-1872,12773,-4926,160,2528
20811,-1872,8902,-3958,3496,1176
21948,-1872,4228,-5414,2088,-52
22068,-1856,4020,-9246,1812,-640
18257,-1872,1955,-15218,3028,-1432
13313,-1856,773,-21102,5528,-2144
7197,-1840,1927,-27802,252,-3384
4932,-1856,5512,-29074,-5296,-5792
900,-1840,6956,31818,-13752,-3692
-12854,-1824,4506,31818,-3532,9328
-23793,-1856,-713,-28654,5540,13968
-17906,-1856,-14243,-21566,16020,8420
-3034,-1856,-20521,-23326,8524,7016
2
-32558,-1856,-32598,31817,-9792,-2184
-32558,-1856,-32598,31817,32467,32767
-32558,-1856,-32598,-6918,32467,7600
28114,-1872,10345,27266,-31828,23108
11553,-1872,-24712,-4386,-8224,19364
-17748,-1872,1329,-14714,-25672,20564
-15794,-1840,14579,1414,-7324,15596
-1584,-1840,598,-174,-2228,21328
4995,-1856,-4744,-3994,-7916,19304
438,-1840,-1932,-6090,-11584,22076
-4446,-1888,1592,-5306,-9240,21628
-1441,-1840,267,-1370,-6844,17832
4601,-1856,2622,-1494,-6476,20380
6908,-1856,8510,-2054,-5020,21464
9446,-1856,7771,-506,-3688,21224
13775,-1824,3626,-798,-3876,22272
16630,-1856,6196,-854,-3088,20844
18067,-1856,7974,-1770,-1016,19632
16986,-1856,935,-1866,-184,17580
18026,-1824,-1634,-2178,-708,14556
18894,-1856,-1315,-6026,-1948,12200
15029,-1856,-903,-7898,-3192,12136
11182,-1872,-1385,-5374,-2628,9956
11167,-1840,-3878,-9470,-3112,7832
10371,-1872,-1782,-8582,-3652,8208
8828,-1872,-259,-7066,-3908,6360
12212,-1840,286,-8634,-2316,2752
15722,-1840,1087,-8830,-1652,972
16409,-1872,2289,-8278,816,1072
14987,-1872,-1991,-9310,5032,1004
13511,-1840,-4927,-12002,2560,-1152
13781,-1856,-84,-14842,776,-2428
2
-32558,-1856,-18049,18658,-3764,-3952
-32558,-1856,-32598,31817,6628,32767
-32558,-1840,-21824,4338,32467,32767
-32559,-1840,29624,11410,-9440,28212
11561,-1840,-32598,-11310,3560,18692
-21886,-1808,-10701,-15482,-29864,16220
-19592,-1840,3523,-1534,-12544,17732
-5622,-1872,3150,-3410,-6688,25164
2208,-1840,2568,-4862,-5132,26104
21,-1872,957,-6234,-6860,28816
1982,-1840,919,-2570,-7320,24620
10713,-1840,-837,322,-5604,23176
16158,-1840,2744,-1366,-4820,21796
17160,-1840,6342,-1886,-2292,20960
17093,-1840,8275,-142,-808,17748
16478,-1872,3668,-3246,-1436,14032
17090,-1840,4019,-4754,-1672,13404
16482,-1840,1979,-5970,-1476,12104
15447,-1840,2649,-8726,-1876,10168
12445,-1872,2861,-9734,-3100,9436
9926,-1840,360,-10594,-2316,8032
8755,-1872,-2532,-11342,-1344,6396
7146,-1872,-4683,-8942,-2792,5824
9491,-1840,-12282,-11502,-808,4512
9729,-1840,-14360,-12030,-3624,3500
8327,-1840,-7298,-13186,-5700,1844
9180,-1872,-3733,-16366,-2736,-268
7584,-1824,-4198,-16854,-1704,328
3587,-1872,-3941,-16522,-3744,-728
318,-1856,1691,-18510,-7084,-632
-380,-1840,10727,-18962,-9696,-1844
6718,-1856,18204,-17614,-14020,-5840
2
-32558,-1888,-10467,31817,-6576,1348
-32558,-1840,-32598,31817,29196,32767
18220,-1872,-29480,27662,24936,-5412
27215,-1872,26140,-186,-16604,26476
-10827,-1872,-23944,-24938,-12676,27384
-31919,-1840,-10702,-8162,-18996,23420
-7680,-1840,4409,3814,-8456,24460
13268,-1872,8218,-6046,-6272,24092
9817,-1904,3655,-9882,-6936,23184
1514,-1840,-547,-9414,-6668,22476
2700,-1856,-7035,-4406,-1364,19172
9447,-1856,-2807,-3574,-4168,17288
11883,-1888,7564,-5030,-2316,16600
10916,-1888,8899,-6534,172,14944
9763,-1856,-2509,-7286,860,14884
6913,-1856,-9351,-7738,-1272,14676
4566,-1824,-5182,-6686,-2160,13120
6652,-1840,357,-5462,-1988,11404
7555,-1872,190,-7278,-3044,11788
5692,-1872,-1164,-8298,-2408,12584
3018,-1872,-215,-4638,-2044,10624
6972,-1872,2169,-5202,-3296,7888
9804,-1872,5225,-7334,-3668,9428
12208,-1840,3573,-7038,-588,9264
13345,-1856,5081,-9426,-1396,8336
13417,-1840,8426,-9718,-3816,8280
10828,-1888,5334,-10942,-3980,8680
10670,-1856,3243,-15210,-2464,5332
15522,-1824,3558,-13578,-3908,1532
17625,-1824,7404,-14598,-5820,2528
17527,-1856,7750,-17686,-1756,1764
17533,-1856,5688,-18574,-1776,-408
2
-32558,-1888,-20734,4786,-6096,-11424
-32558,-1840,-32598,31817,-14992,32767
-32558,-1872,-32598,14770,32467,32767
-32559,-1840,-32599,15466,-20260,24188
-9317,-1840,-32598,-21642,19876,3708
-32558,-1872,4982,-14290,32468,23036
-14240,-1840,-32599,2446,-28592,12876
11449,-1872,16659,5782,5556,19216
12730,-1872,-1150,-7194,-4820,21396
-1015,-1872,3725,-8842,-10704,22576
-9071,-1840,2323,-6198,-4480,19916
-4918,-1824,-4663,-1390,-3540,18648
3355,-1872,1094,-470,-5032,19828
8667,-1856,11133,-922,-5864,19972
10422,-1872,10827,-814,-3668,18576
12549,-1856,8889,-1806,-3020,18148
15466,-1872,8495,-1258,-2836,18340
20136,-1888,6418,842,-2024,16808
19936,-1840,905,-2826,616,17760
14579,-1856,-713,-4374,-816,17104
12357,-1856,1102,-2178,-1444,13620
14442,-1856,3337,-5402,-4820,11600
13354,-1856,2778,-7282,-1436,11940
12656,-1824,-522,-7814,-3244,10360
12593,-1888,1300,-10582,-4776,8524
11961,-1824,5928,-9666,-5108,9228
10200,-1888,4170,-10934,-3060,8924
9561,-1824,4313,-10770,-2268,7796
11159,-1856,3506,-11314,-2416,6288
12766,-1856,4819,-14886,-4176,4920
15641,-1824,3277,-14194,-1708,2776
19303,-1888,1078,-13606,-3780,-488
2
-32558,-1872,-32598,31817,32467,32767
-32558,-1856,-32087,19498,32467,-32768
-32559,-1856,-32599,-6998,32468,32767
893,-1888,-11149,-9926,-12492,6020
-26265,-1824,-24329,-19438,-18720,23120
-24023,-1856,11528,2750,-21044,12108
-5391,-1888,9568,5482,-3324,16980
14449,-1888,-6350,2066,-3892,15780
13974,-1856,-7706,-2770,-7912,23192
3840,-1888,5387,-3602,-6044,22640
-1982,-1856,8612,-378,-3260,20688
2983,-1856,3924,1850,-4068,18116
11316,-1872,4120,1142,-6452,19576
11714,-1872,7843,-362,-4776,21692
10519,-1872,8543,-278,-2072,21156
13618,-1872,2539,2106,-1464,19664
16317,-1872,-1852,1430,-528,19608
16147,-1872,-1284,446,-644,17920
15126,-1840,-185,-762,-1292,17208
13095,-1856,-1165,-958,-1000,15492
12371,-1840,-2016,-1374,-2552,12980
10819,-1856,-145,-4014,-3724,12116
8693,-1856,3227,-7902,-5448,10760
7924,-1888,2324,-7746,-4416,10616
7680,-1824,-1874,-11858,-3236,9336
6258,-1856,-2317,-10754,-3992,8276
6358,-1856,643,-8614,-5876,7040
7538,-1856,3095,-10686,-4596,5988
9442,-1856,4822,-11258,-2172,3944
11148,-1856,4304,-12102,96,4828
11319,-1856,2246,-13982,-3452,5144
11432,-1856,3310,-15310,-1176,6060
2
-32558,-1872,20008,12402,-4548,-13300
-32558,-1856,16768,18514,-9708,-11160
-32558,-1856,8009,31817,-1268,-21052
-32558,-1888,-23557,31817,31604,32767
-19500,-1888,-13825,11430,-23644,-32768
-32559,-1872,-13362,5490,-15104,9248
23198,-1872,6276,3426,-8296,32767
-13773,-1872,-4179,-12122,-17148,27992
-15184,-1840,-1089,5966,-13148,19424
334,-1872,2052,6278,-4056,30912
10378,-1872,-5826,5982,-4380,28860
14097,-1856,-842,2862,-10196,24696
15008,-1856,4938,2206,-7756,20668
16794,-1856,4136,1382,-4764,20216
17978,-1888,5529,390,-4556,20088
17631,-1856,9198,594,-2296,22020
16735,-1888,-491,186,1364,20272
19424,-1856,-5698,-602,-1376,16964
19115,-1856,-1406,-1042,-2276,16504
15990,-1872,1133,114,-304,14584
14350,-1872,-3876,-2430,216,11812
13731,-1872,-5941,-4494,-2236,10544
12952,-1840,-1195,-3498,-2644,9408
13490,-1872,2280,-6942,-2228,7832
13191,-1856,467,-7694,-1664,7312
12406,-1888,-1648,-7554,-1972,5780
11891,-1888,251,-10726,-1700,5444
12544,-1856,1618,-10750,-2480,2864
13910,-1856,-353,-11862,524,1812
11998,-1888,-5640,-15670,1212,2064
6942,-1856,-5465,-17474,424,2128
1212,-1856,-1320,-18510,-556,2144
2
-30388,-1872,2666,-23406,-8264,-11916
-32558,-1856,5355,-7958,-10444,-19688
-32558,-1856,27304,8506,-11980,-20176
-32558,-1888,2313,11522,-1384,-11028
-32558,-1888,3296,31817,-5940,-3996
-32558,-1856,-29473,31817,15348,32380
-32558,-1856,-32598,13110,29036,32767
-32559,-1840,432,-1298,-10408,27212
13169,-1872,3165,-6770,108,29804
-8575,-1840,-2504,-6746,-8572,21900
-9102,-1872,-2383,1030,-9216,17588
7033,-1872,1335,1446,-4908,18856
11707,-1872,-2145,-2142,-5256,21756
5748,-1872,-104,-2382,-6784,21692
7048,-1840,6686,1066,-6736,18724
12228,-1840,6202,714,-2152,22104
14643,-1888,4803,862,-3612,21956
17511,-1872,5167,110,-2232,19596
17629,-1856,-1412,-250,1688,20344
17935,-1856,-6479,274,-76,17400
21196,-1856,-5420,-1834,-1240,14936
20271,-1856,-3074,-2558,-3180,15432
18213,-1888,830,-2066,-3396,12168
18615,-1856,1300,-5994,-2144,8236
17818,-1856,723,-8854,-2628,7844
10266,-1888,2337,-11222,-2896,3980
10891,-1888,545,-12706,-2060,1036
12779,-1856,-1281,-17350,-1688,468
2
-3430,-1856,-14790,-18482,7412,21072
-26559,-1872,-6784,-9234,-25536,14452
-9872,-1904,8814,9854,-3880,16608
6264,-1872,-3668,1754,-4804,23088
10527,-1872,-5786,-974,-8588,20936
1998,-1840,-15,-6318,-10644,23660
-7375,-1872,2337,-4822,-7316,22108
-6203,-1872,-378,-1238,-5932,19708
2766,-1872,438,-534,-6984,18160
5405,-1872,-2638,-2274,-2372,19452
4533,-1872,-3648,-2930,-3828,19480
2154,-1840,673,-2978,-4860,18696
4066,-1840,5419,-1890,-6048,18068
7276,-1856,5458,-1886,-3812,19276
9123,-1888,1412,-1834,-3304,20328
11071,-1888,3059,-1422,-4576,19208
12541,-1856,4213,-1418,-2124,19848
14080,-1856,-402,458,-1600,19208
16084,-1856,-391,1042,-3940,15764
17889,-1888,1495,-4566,-3024,16068
14216,-1888,-3209,-3034,-996,16760
12315,-1840,-6930,-1866,-5272,13336
14691,-1872,-3103,-6062,-6876,10548
13269,-1872,-1642,-5666,-5224,11720
10724,-1840,-1897,-4446,-5144,10816
8024,-1856,3412,-8694,-7784,8984
7016,-1872,4092,-9962,-5000,8440
7077,-1888,-2723,-9018,-3324,6940
7901,-1856,-3896,-12114,-3548,5344
7010,-1888,461,-14194,-6244,4648
6281,-1856,1142,-11230,-1232,4740
5002,-1856,-3843,-12026,2432,6240
2
-32558,-1888,-10121,25690,-11868,-16112
-32558,-1856,7674,31817,-7528,32767
-32558,-1888,-9728,27306,32467,32767
-32559,-1856,-32599,16226,9436,21976
7146,-1888,-32598,-10702,7440,14252
-25791,-1856,-11801,-10806,32468,25420
-17841,-1872,29745,766,-6876,20384
-2252,-1872,10197,5394,3632,26076
5814,-1872,-5963,-1582,100,26520
6466,-1840,-6435,-2186,-7584,24408
4099,-1840,2553,-3610,-6180,22396
3026,-1904,2522,-3310,-3376,21648
4721,-1872,1520,-2442,-3712,19436
7604,-1872,4680,-2034,-3656,19356
9036,-1840,-500,-1858,-624,18780
10745,-1872,-4191,-2722,-3680,19336
10761,-1856,1978,-2538,-3392,19312
10661,-1872,4118,-1634,-824,18956
12154,-1888,-1176,-2270,-936,17356
13143,-1840,-1371,-3642,-1612,18128
12441,-1856,573,-1402,92,18488
13821,-1872,-934,-3558,-1680,14400
14251,-1888,-7,-6138,-2212,13176
14222,-1856,640,-4610,-1772,12400
14479,-1856,2041,-8274,-3400,10944
10670,-1856,3777,-9102,-2416,10432
8179,-1856,2508,-6514,-464,9924
7465,-1856,-1831,-10126,-1132,7912
7427,-1888,549,-11918,-3356,5696
7399,-1856,2229,-8970,-1188,5576
8116,-1888,-1429,-14110,-2308,4160
9523,-1856,-2334,-15174,-2544,2104
2
-32558,-1872,-25216,24910,6756,32212
-32558,-1872,-32598,31817,32467,32767
8328,-1856,20394,12506,-8824,-8504
23044,-1872,24835,3710,31116,24060
-5015,-1888,-25119,-18718,-20376,24116
-23512,-1856,1554,-8530,-15080,18468
-9464,-1888,1033,1714,-5228,17880
7925,-1888,-3652,-4270,-5088,20612
7449,-1856,-2534,-7790,-7768,22544
-2328,-1888,-789,-8642,-6388,22472
-4445,-1856,-5442,-4998,-5288,18700
-1317,-1856,-8275,-3770,-6380,19684
1808,-1856,-2911,-2878,-6524,18324
7077,-1856,5215,-2082,-9088,16456
7904,-1840,5238,-4226,-7168,18196
5168,-1840,1827,-5010,-5936,18892
5576,-1840,2715,-3122,-6740,17256
8680,-1872,4148,-2282,-5276,18096
11023,-1808,2383,-882,-4436,18720
14274,-1840,3067,-66,-4860,15712
16486,-1840,4651,-1866,-3608,15676
16371,-1872,3252,-202,-1576,15032
16916,-1872,3539,-3890,-5060,12024
15588,-1872,4766,-6790,-2668,12804
12774,-1856,797,-4494,-2960,12200
11692,-1840,651,-8090,-5884,8012
12739,-1856,6827,-10150,-5780,7876
10640,-1840,1407,-9194,-3108,10132
8040,-1856,-4659,-12258,-4392,8132
8382,-1856,200,-11998,-7276,5308
10431,-1888,6596,-10666,-5660,4848
10628,-1856,1372,-11450,344,5144
2
-27249,-1856,22290,-9610,-24116,-28476
-32558,-1888,18112,-4550,-12868,-31616
-32558,-1856,24462,9278,-19792,-32240
-32558,-1856,-32599,25634,-17656,-24692
-32558,-1856,-32599,31817,11224,32767
-32558,-1824,-32598,31817,32467,32767
-5817,-1856,-7008,22006,14280,-32768
29379,-1856,-32599,12030,-12180,32767
14075,-1856,-19694,-9022,16480,25412
-10873,-1856,-5938,-15314,32468,19908
-19590,-1856,11695,-3458,-2072,24216
-15255,-1856,-7073,2726,1596,23412
-2922,-1840,-8776,2334,-5268,23280
3431,-1872,-2594,1442,-7432,25200
4353,-1840,1501,-218,-4616,24408
4377,-1840,-665,358,-3316,22740
7435,-1808,-5332,1486,-4472,21064
10589,-1840,-1331,494,-5560,22076
10946,-1872,2588,-162,-3224,23168
10246,-1840,-3038,1210,-872,21692
11888,-1840,-5719,2278,-4712,19532
15866,-1888,-43,2454,-3348,18120
18986,-1872,1296,2254,-1248,16280
18854,-1872,-954,-266,-1796,13916
18486,-1872,-2057,-1294,-1080,12032
17468,-1840,285,-2626,-3152,10600
16945,-1840,1213,-5118,-4524,7620
19374,-1872,1954,-7478,-2312,5816
19956,-1856,-298,-5034,-1900,4796
17878,-1856,3222,-6350,-2468,4308
13808,-1824,4756,-7338,-1228,4472
10240,-1824,1830,-7214,3008,3892
2
-32558,-1872,-32598,31817,8600,32767
-32558,-1856,-31477,22814,-2428,32767
2413,-1856,-32599,13358,-9516,5276
18153,-1856,8790,4618,10912,25788
13147,-1888,-26210,-7206,-7444,25216
-1768,-1856,-10050,-12398,-19068,26884
-8800,-1840,2201,-4014,-9780,21720
-1729,-1872,-3952,-226,-4760,21568
5543,-1840,-3477,-1046,-6352,23316
6470,-1840,-28,-1930,-5592,23076
6387,-1872,1037,-1542,-4776,19072
8111,-1872,-2161,-1502,-3540,18508
9098,-1872,-2490,-1426,-4172,19144
10738,-1856,-4370,-946,-4528,17516
12032,-1856,-4290,-1826,-4052,15928
11847,-1888,-5576,-766,-2040,17000
10210,-1856,-5754,-278,-4140,15448
12649,-1888,-1529,-1386,-3728,12520
15756,-1824,-1882,-150,-1884,11616
16628,-1856,-5412,-5406,-4248,10636
13531,-1856,-3967,-7126,-4948,12900
10402,-1856,-2002,-4726,-5336,11496
8495,-1824,-1873,-9146,-3996,10640
7044,-1888,-3870,-7918,-4132,8716
10866,-1824,-2573,-7242,-6776,5560
13838,-1872,-1418,-12778,-4560,5816
12888,-1840,-1117,-12742,-3268,4052
13010,-1872,-879,-14638,-3320,1800
8807,-1872,671,-17242,-2956,4568
2985,-1840,1270,-18202,-4468,1656
9130,-1856,8273,-15766,-14080,-7460
25110,-1840,23311,-13746,-10784,-7624
2
-32558,-1840,-32598,31817,-1944,26964
-32558,-1872,-32598,31817,10228,32767
18825,-1808,-32599,28910,-17224,-32156
8792,-1872,19214,3378,-14060,12696
-20291,-1872,-32598,-18086,3376,32767
-24701,-1872,328,1574,32468,8644
-1609,-1856,21974,5878,-2844,16828
17861,-1856,-6156,3662,-2356,24456
11549,-1856,-8557,-6874,-10400,23212
-5009,-1824,4558,-5370,-12396,23616
-16030,-1824,4806,-1602,-5080,16840
-9547,-1856,-3127,2978,-7212,13096
2943,-1856,999,722,-9308,15552
5340,-1872,6189,-1534,-7020,17928
301,-1872,-1554,-2354,-3292,18576
-1017,-1872,-7770,-854,-7404,17560
2768,-1856,-2298,-770,-9044,16804
3958,-1840,1995,-1454,-5340,19380
3276,-1856,2432,42,-5832,20476
6738,-1856,6324,1090,-8040,19896
11205,-1856,4631,1594,-3220,21764
15968,-1888,833,3230,-3836,20612
19365,-1856,2540,3558,-5280,19980
19947,-1856,3685,3490,-4628,18404
19832,-1856,2747,5318,-2568,15392
22788,-1840,357,2686,-2976,11588
24072,-1872,-2007,826,-3492,9696
23069,-1872,894,1594,-5592,7512
21694,-1872,-583,-4850,-2272,7416
18444,-1872,-1813,-5550,-3628,5316
16794,-1888,-81,-4154,-2544,3624
13787,-1856,-318,-5446,-1940,4712
2
