-5715,-1632,-12694,16358,28024,6084
-4766,-1600,-32599,31817,32467,-15992
-10976,-1632,-20741,26898,32467,-5856
-7934,-1632,-11611,28778,6308,-2012
769,-1616,14363,21150,5420,3272
6319,-1616,21978,23298,9672,1292
2388,-1616,27704,21254,11772,4528
-3571,-1616,18313,10006,9364,4316
-2782,-1616,9734,946,10296,8388
-3980,-1648,3766,-14854,14816,13612
5211,-1632,1384,-28606,5968,4636
12571,-1600,16631,-22370,20188,5316
5001,-1632,15653,-20542,26976,3808
919,-1600,-3085,-13318,24480,1296
-127,-1584,-13128,-9286,24116,892
-1478,-1616,-7987,-6626,15432,356
-931,-1616,1527,-3778,13836,-744
878,-1616,6757,-1286,15444,-1280
3949,-1616,5453,550,15484,-2804
5725,-1632,569,-282,16648,-1240
4584,-1632,-2052,-666,16444,-472
2549,-1616,-4154,-646,16012,796
2643,-1632,-5726,-78,15012,628
3320,-1616,-4106,-710,14644,1420
3490,-1616,79,-210,14916,960
3495,-1616,775,-730,16168,192
3238,-1632,-2119,-1178,17132,132
1969,-1600,-3862,-1902,17036,164
131,-1632,-3864,-2742,16960,512
-1265,-1600,-2069,-2646,17168,856
-258,-1648,-854,-1402,17312,264
1256,-1616,-989,-1074,17788,968
0
14033,-1616,28265,31817,6428,9260
8592,-1600,3468,31817,32467,-4436
2860,-1600,-1760,4250,14428,-4524
-14431,-1600,22493,12866,8308,7236
-22265,-1584,18891,25326,13404,2760
-20584,-1616,12926,28654,6932,1528
-20994,-1616,-1488,20530,11792,6496
-21590,-1584,-17448,9618,11780,7184
-18651,-1584,-26087,-7202,16764,13380
-5582,-1600,-30551,-21586,14776,10448
8395,-1600,-5824,-17242,11376,9488
10411,-1600,26903,-17254,17712,6952
5955,-1632,23238,-14762,24028,8300
6887,-1632,-876,-12706,23484,3304
10542,-1616,-5579,-13310,18508,3176
6805,-1616,1999,-12386,16048,3476
-74,-1616,7837,-10542,16196,3280
-4565,-1616,3696,-7822,18012,2972
-5035,-1632,-5432,-4366,18616,2884
-3509,-1632,-7023,-2742,17184,2964
-2910,-1600,-2258,-2686,16748,3980
-2165,-1584,332,-878,17672,2940
127,-1616,1728,1190,16096,2116
1609,-1616,2186,1538,14256,2136
805,-1616,2708,1262,12908,3284
-2130,-1616,2516,554,13380,4536
-5305,-1600,1440,-1218,13960,5152
-7095,-1568,3073,-2186,13524,5364
-6723,-1600,559,-1390,18056,2976
-2218,-1600,-1882,-1126,17868,1584
1185,-1600,-424,-2682,16536,2516
592,-1616,2895,-2850,16424,2496
0
15389,-1600,7628,29746,-1548,8180
13567,-1600,22969,31817,11920,444
14030,-1584,22348,29018,32467,2760
1481,-1616,31707,5182,11744,5520
-12453,-1616,21245,16078,19740,4880
-18434,-1616,-3654,15658,14660,6596
-22241,-1648,-4435,18162,10620,4084
-24817,-1616,-3148,14378,10788,5024
-28900,-1600,-8943,4990,14864,12248
-18812,-1600,-25179,-2294,14684,8320
126,-1600,-5083,-13226,10692,3576
9889,-1600,18106,-17090,12924,3572
9935,-1632,20993,-20486,17792,3748
7142,-1616,4063,-14938,22828,2116
2526,-1584,670,-12570,20460,4328
-7495,-1584,11667,-12198,18836,10592
-10590,-1584,10976,-7782,21892,7156
-4857,-1600,-9086,-3450,21368,5880
-1741,-1600,-11305,-2146,17516,4800
256,-1600,-4146,190,17100,2248
5334,-1632,-734,2122,18892,988
7389,-1584,-3507,498,17532,3724
5605,-1584,-4952,1690,16144,2280
6687,-1616,-1268,2634,14600,1548
4717,-1616,2433,1274,13864,3044
381,-1600,750,534,13748,3072
-965,-1600,418,670,13432,1900
-645,-1600,1580,-246,13620,1796
-600,-1600,189,-1042,15036,1548
-640,-1600,-1918,-1306,15492,1196
-12445,-1584,-9226,31818,-18988,9564
10247,-1600,26053,-25470,-7440,12928
16182,-1616,-32599,-2366,-10812,9844
-32559,-1584,16016,31817,30032,-4932
24375,-1616,-32598,31817,32467,-11912
-3142,-1584,27105,11410,8844,-19776
-22814,-1616,-12297,27874,26448,1080
-11332,-1616,-19214,29010,324,-344
-9357,-1616,17299,16822,2488,4140
-12511,-1600,-121,12522,12040,8244
-10764,-1600,-21767,4414,6692,6576
2052,-1632,-5329,-12582,1148,7060
8776,-1632,12909,-24562,8424,4836
3464,-1600,12121,-22410,13072,14440
624,-1616,10345,-22522,12524,7248
6827,-1616,17315,-15126,14572,1796
4426,-1616,14637,-15150,22164,5324
-1542,-1616,3234,-10090,21956,4280
-956,-1584,-5741,-5614,20280,3176
1169,-1616,-5106,-4946,18444,3328
982,-1600,1036,-3202,17276,3032
1629,-1600,-195,-506,19044,1412
3423,-1600,-4650,102,16236,104
3859,-1584,-3162,-658,14644,992
2283,-1584,-1739,-1254,15128,1948
542,-1648,-5168,-1838,15376,2340
-813,-1616,-3982,-2098,13568,2824
-1090,-1616,1900,-1778,14628,2704
-616,-1584,2503,-1606,15952,2492
-369,-1616,46,-1802,16084,2556
-592,-1616,-887,-2018,15780,2500
-1211,-1616,-365,-2066,15884,2184
0
21080,-1600,19828,31817,-10324,-8280
-10353,-1600,-32599,31817,32467,-5928
-5979,-1632,8973,27334,32467,5236
-15356,-1632,-28054,31817,5936,-1488
-11946,-1616,13988,27726,584,10108
-20736,-1616,1133,4202,6760,17072
-11122,-1616,-17919,-11426,1928,12500
-7795,-1616,-5233,-31066,9540,20132
-4385,-1616,9486,-21318,9932,18540
4628,-1584,21399,-12466,20428,2000
10364,-1600,14853,-10710,28080,412
2004,-1600,-4429,-9014,28168,1364
-3810,-1568,-8643,-5534,21240,-108
-2350,-1600,1858,-4426,16020,492
1407,-1600,1409,-4422,18160,940
3843,-1584,-7006,-4006,16676,992
4578,-1584,-6382,-3110,14384,1316
3150,-1584,1147,-1218,14156,1564
2369,-1616,6003,794,15804,1348
1980,-1616,6887,1370,15612,1736
180,-1632,7117,958,15876,2980
-1434,-1600,2727,1058,16176,3232
-854,-1600,607,786,14524,2912
-1412,-1584,-867,-758,14836,3712
-4503,-1616,-6542,-1318,16520,2364
-2349,-1616,-5489,314,15800,700
509,-1584,-1318,-330,16188,984
1244,-1584,-96,-546,17544,1104
1344,-1616,-320,-790,16512,936
1893,-1600,111,-1134,15992,1396
2005,-1568,566,-1202,15780,1916
1980,-1600,665,-614,16008,2004
0
21331,-1584,17687,31817,4820,8048
11359,-1616,1621,31817,18080,-16460
-14241,-1616,24359,19822,25144,12908
-20028,-1616,-9425,31110,4592,12248
-11104,-1600,-2579,22302,-4056,6352
-19538,-1600,13253,6710,1060,10112
-23761,-1568,9962,8110,7600,4820
-10522,-1600,-6241,1086,13872,740
-4723,-1568,-12074,-8690,14828,9988
-1456,-1616,82,-20446,13448,2148
5898,-1616,24427,-6678,15780,-612
3453,-1584,21462,-13138,25252,3112
1279,-1584,1317,-10482,23180,2172
2460,-1616,-3927,-9862,18424,-4
3688,-1584,-3082,-9534,20668,2112
2274,-1616,-2616,-8674,18608,2292
-539,-1568,899,-8114,16940,3568
-840,-1632,5475,-4582,16260,2140
3041,-1568,4407,-1306,17160,1144
5313,-1600,-2995,938,17612,-104
3962,-1568,-5661,590,16028,-420
-922,-1616,-4834,82,16628,-8
-4742,-1584,-5917,838,16720,-256
-5035,-1584,-6018,470,14900,-52
-3844,-1584,-3427,-46,14044,488
-2865,-1600,-630,-694,13960,1220
-2649,-1600,1410,-1290,13964,1192
-3033,-1568,2908,-1942,14088,1220
-4241,-1584,3150,-2006,14704,1580
-4707,-1600,3143,-1282,15440,1644
-4826,-1584,2616,-914,16652,2484
-4681,-1584,1771,-494,16892,2588
0
15142,-1616,19790,31817,-8596,4652
18124,-1616,-32599,31817,17892,-18388
2636,-1584,14183,16006,32467,3848
-32558,-1584,-32598,22582,-2120,-1300
-31007,-1600,-17942,31817,-20848,-10876
-25763,-1568,26681,9150,2444,12160
-17230,-1600,-6667,4342,15240,5612
-7084,-1600,-23039,-10982,15356,16712
-937,-1568,-8041,-27334,11988,14480
9081,-1584,14040,-12198,12600,7452
16116,-1584,24807,-15846,20316,3052
10680,-1616,4035,-11866,28056,2364
3182,-1600,-11843,-7658,24260,468
1878,-1632,-3679,-6794,16800,1672
390,-1600,3666,-5398,16892,2216
1557,-1584,3009,-3570,16088,968
2827,-1616,-379,-3094,15476,700
1633,-1584,-899,-830,15780,808
-487,-1616,639,1726,16576,208
-1270,-1600,823,1586,15856,468
-1744,-1600,-1120,1298,16080,1712
-3008,-1568,-1197,478,15144,3028
-3964,-1568,258,38,15140,3636
-3235,-1584,1907,70,15868,2920
-1117,-1616,1178,-162,16740,1992
563,-1584,-1507,-590,17536,1792
1013,-1600,-2040,-594,16472,1504
1188,-1600,-701,-926,16152,1212
1183,-1600,-700,-626,16108,908
1231,-1568,-1286,-1102,15280,828
1346,-1584,-2306,-662,15860,932
605,-1616,-3139,-974,15300,1416
0
-10637,-1584,1461,19682,18696,13976
-20645,-1616,-17720,24506,88,5412
-16792,-1616,12265,18874,-1764,4632
-21896,-1568,10391,7702,4228,6988
-22920,-1632,-6628,-2758,5172,12008
-15625,-1600,6228,-14270,2588,10828
146,-1600,16969,-18666,9888,6028
52,-1584,16204,-15410,19236,14228
-4819,-1616,5179,-14514,19972,10096
-1268,-1584,115,-5870,20820,3652
6562,-1584,-767,-3286,27172,2680
6685,-1584,-4611,-8426,24432,3612
5118,-1568,-2664,-5650,21080,2420
5444,-1568,-1733,-4034,20088,1532
5865,-1568,-3449,-4050,17120,2140
4640,-1600,-1711,-2918,15076,1828
3155,-1584,2615,-706,14628,1504
4783,-1616,-2137,1654,17168,-160
5677,-1616,669,1522,11692,1332
5230,-1584,5503,2122,15528,3344
528,-1616,-661,446,16404,6632
-5226,-1584,556,-526,12932,6368
-5167,-1584,6036,1030,14740,4364
-1870,-1568,1576,1082,17976,4032
539,-1600,-3536,190,17728,3780
1281,-1600,-3000,194,17384,3292
1463,-1600,-1304,-526,16212,3008
1325,-1568,-307,-634,16156,2684
1397,-1584,359,-1122,15816,2360
1722,-1552,-2387,-978,16504,2220
1137,-1584,-4964,-1282,16180,2748
405,-1616,-3570,-690,15544,2564
0
-458,-1584,-32599,31817,10972,7908
-32558,-1584,-32599,31817,4096,3928
20314,-1584,-7863,17590,32467,-9956
1050,-1616,-32598,19234,6948,-4000
11751,-1616,-8807,30666,-6064,1264
-3415,-1584,23939,17030,4304,7912
-16439,-1600,3433,-14394,11320,11440
-7992,-1600,5892,-18794,12092,7060
-4956,-1600,14176,-14906,25100,12344
593,-1584,9860,-11830,25612,7100
6673,-1584,-4772,-7730,29684,3832
6322,-1616,-7213,-8770,22060,3932
3164,-1616,1407,-7306,18096,3400
1015,-1584,8810,-6334,18384,2752
-713,-1568,209,-4846,20628,2148
-318,-1568,-8840,-2150,18208,1128
1983,-1568,-8020,146,15476,-28
3153,-1584,-2742,770,15724,1024
1104,-1600,392,1066,15500,1868
-1309,-1616,2028,1262,14756,3192
-2682,-1584,2964,1542,14704,3696
-1225,-1584,3104,1934,14652,3264
3342,-1584,3723,1658,14900,3276
4851,-1584,1287,98,16628,4296
3531,-1616,-3894,-646,16648,4280
1409,-1568,-5151,-930,15376,3808
228,-1632,1375,-126,15468,2480
311,-1568,4078,-250,16840,2076
608,-1600,1067,-722,17364,1732
1134,-1568,-2838,-1158,16668,1604
0
-1015,-1600,-32598,-20654,17792,5356
14317,-1568,-29276,-26474,2928,6572
15520,-1584,-5427,-31758,-2176,4892
12597,-1584,-14028,-18718,940,5512
12073,-1584,1932,5202,-6700,-40
19410,-1584,-32599,31817,-6832,1192
7132,-1584,-32599,31817,15596,-16572
-12791,-1616,-8165,2890,32467,8340
-8374,-1568,-32598,25882,5900,8100
-4127,-1584,-19442,30506,-468,1988
-12813,-1568,7392,15814,-6784,7904
-24675,-1584,12505,20878,6644,3856
-20762,-1568,-9303,12966,10284,3840
-17820,-1584,-8598,-8650,9232,11572
-12293,-1584,7085,-24346,9976,6648
-7513,-1584,11634,-22066,18708,14444
-2476,-1584,-1458,-17714,18972,13492
7121,-1600,1040,-9958,18076,7744
10317,-1600,4222,-6838,21892,4860
5814,-1600,-333,-4882,21396,3408
874,-1600,-1520,-2858,18676,1048
-1385,-1584,948,-2130,17244,804
-1998,-1584,2759,-1602,17120,1360
-1717,-1584,3209,-210,17660,1536
-725,-1584,2846,770,17228,1360
199,-1616,-21,802,17180,1440
439,-1600,-4545,1346,17532,2752
302,-1568,-6643,1162,15688,3640
-134,-1568,-4792,1422,15104,4388
-1093,-1568,-176,1110,14608,4948
-1784,-1600,2603,1414,15396,4584
-1913,-1568,2555,1270,15932,4316
0
-19254,-1552,-11038,-10022,-30712,-11176
8856,-1632,31607,18062,-21692,-25668
9518,-1568,-32599,31817,17148,-4032
-18428,-1600,29374,31817,32467,-32768
-9647,-1600,-709,-218,13616,5160
5952,-1552,2525,31817,1756,-10016
11705,-1600,19332,21142,2888,3408
-5737,-1584,20870,12638,4296,7516
-13052,-1584,-3764,5346,7324,5276
-12703,-1584,-9931,-4738,11328,9964
-8008,-1584,-8973,-20270,13200,7648
178,-1584,9387,-18094,14936,8292
-1678,-1584,14356,-19102,22840,9724
-2129,-1584,8384,-10934,24668,4140
1388,-1600,-2395,-8506,23564,1764
2372,-1584,-5125,-7690,20824,2004
846,-1568,-1362,-5722,17808,2060
-1315,-1600,304,-4762,17648,1476
-1070,-1568,-2449,-3850,18488,844
274,-1568,-5657,-2754,16676,1460
-17,-1600,-7407,202,17596,1124
-560,-1584,-6517,518,15732,828
69,-1616,-3188,830,13908,1164
1053,-1584,-546,1050,14800,2236
1366,-1584,196,842,14788,2588
718,-1616,1253,438,14460,2680
374,-1584,2807,678,15324,2708
431,-1584,2055,406,16472,3268
1054,-1568,-251,566,17156,2664
1943,-1568,-2014,62,16568,2264
2298,-1600,-2012,-326,15748,2172
0
6633,-1616,-32599,31817,-25136,9888
-32559,-1584,31254,31817,32467,-32768
-12052,-1584,24676,-20366,26480,15492
-28512,-1584,-32598,29234,5264,3960
-21486,-1584,-19664,31817,-13348,-11128
-18988,-1600,28933,23870,-4644,8120
-16283,-1600,-5863,15806,18632,10468
-18317,-1568,-12748,1742,380,6416
-21020,-1600,11322,-21238,12004,12024
-8110,-1552,9437,-18526,15160,9604
2635,-1584,6896,-19414,21784,13840
7566,-1552,-5385,-17358,21076,11176
8932,-1584,6349,-14750,18764,6924
7136,-1552,11845,-9890,21960,1948
6707,-1584,-3502,-4250,22732,-1448
5414,-1584,-10793,-2458,18336,-1420
1045,-1600,-4864,-2582,14692,36
-2872,-1568,-1704,-866,15172,1968
-4327,-1568,-149,-158,14756,2724
-1656,-1600,2857,234,14856,2640
3232,-1584,5098,1402,15312,1300
4757,-1584,3446,422,15712,1852
2524,-1552,-268,-978,14876,2504
692,-1584,-1306,-694,13760,2220
-835,-1552,-188,-582,15612,3148
-2367,-1568,-333,122,16372,2528
-2301,-1600,112,550,16876,2108
-1957,-1568,-115,-166,17012,2640
-1648,-1584,1246,-630,15892,2244
-442,-1584,2183,-714,16580,2320
226,-1584,1146,-1278,16288,1936
717,-1584,-43,-1314,16108,1844
0
-23660,-1568,-5010,18,-24928,2628
23929,-1568,-32599,31817,-4612,-14324
6131,-1568,-32599,31817,-2004,-32768
-32559,-1584,-24747,-26306,32467,32767
-20472,-1600,-32599,2238,-18912,-6976
-32558,-1552,-32598,31817,32467,19288
-63,-1584,-8934,31750,-17152,20592
-11483,-1552,-10842,6246,7572,18172
-5690,-1552,-17731,590,416,11572
3111,-1552,-2013,-15510,3748,14936
6352,-1568,-4980,-32670,9660,10068
4042,-1568,4866,-23850,10324,17772
-3318,-1568,16315,-15658,13028,15560
-115,-1600,17820,-8310,20268,7164
6320,-1568,6120,-6158,25096,3408
7608,-1584,-2166,-4442,22036,1028
5722,-1584,-7324,-3274,18636,1812
1947,-1584,-3608,-3094,16180,2468
-740,-1584,2179,-1430,16048,2760
-1463,-1568,2061,442,16468,4268
1488,-1600,111,1846,14080,2032
5549,-1600,3188,1146,13964,2236
162,-1584,2814,-462,15224,3304
-172,-1568,1954,-402,15976,3048
840,-1568,-841,-806,15864,2364
257,-1568,-1699,-1062,15552,2552
-1202,-1568,-881,-1418,15444,2360
-2381,-1584,-1059,-1678,15640,2664
-2962,-1584,-610,-1490,15488,2628
-3055,-1552,515,-1498,16076,2936
0
26989,-1568,9349,28338,4148,21140
7524,-1536,-24300,31817,19364,3864
18196,-1568,17672,31817,13100,-32768
-14829,-1584,7742,-14354,32467,-5332
-19393,-1536,-29975,31817,160,1692
-5161,-1552,-1708,31817,-3684,-10520
-16340,-1584,12919,10270,-296,11452
-20750,-1584,-5059,4734,10068,6824
-13277,-1552,-12916,-10402,10756,11264
-2928,-1552,-8531,-17462,12484,10052
938,-1584,4310,-13554,13508,8812
1219,-1552,17487,-14366,17632,8512
4452,-1568,14419,-6554,23108,4476
8694,-1536,3583,-2406,25712,2604
8182,-1568,-2510,-4394,22784,1668
4286,-1568,-497,-4766,19432,1820
1262,-1600,1595,-3182,17616,1780
683,-1568,3451,-1834,15672,1044
1485,-1584,927,-154,16548,848
1310,-1584,-2235,582,16760,1024
403,-1552,-3722,1042,15992,1700
-626,-1584,-3792,1454,15912,2668
-672,-1584,-1472,1462,14512,2872
-64,-1568,989,1266,15364,3516
-157,-1568,141,1782,16360,3420
-261,-1568,-1920,1086,16200,3308
-548,-1552,-2315,826,16188,3424
-838,-1584,-2463,614,16532,2952
-1358,-1584,-3746,502,16820,3012
-1896,-1584,-2996,470,16560,3136
-1366,-1552,-1656,198,15448,3148
-737,-1552,-971,506,15624,3244
0
23567,-1584,-24834,31817,15504,15876
16975,-1536,-32598,31817,32467,-4852
14345,-1536,27421,30030,12088,-11180
-22265,-1568,27654,13674,12760,10156
-32558,-1568,-27298,31817,18292,2368
-14785,-1584,-6798,23886,-6576,3168
-14742,-1552,15946,-3174,8832,10564
-8619,-1552,-4341,-20278,19348,8680
1865,-1552,-12594,-15658,15924,10480
9818,-1568,15414,-14282,17804,5188
12416,-1568,26710,-16154,24884,2912
4169,-1536,8640,-8010,28328,2040
-408,-1552,-8198,-4222,24788,584
-1304,-1552,-3606,-3998,16836,2056
-2168,-1584,-1117,-2742,15348,2400
-1078,-1552,-1762,-1214,14108,1136
144,-1568,-1807,182,14460,1080
295,-1568,-1613,526,14400,872
-260,-1536,-876,1146,14944,1348
-1472,-1568,614,1422,15112,1568
-2147,-1552,1015,1210,15700,2264
-3200,-1552,-109,782,16040,2596
-3175,-1552,-641,1086,16540,2256
-1899,-1552,-399,806,16644,2388
-1281,-1568,-2346,90,17000,2656
-1251,-1536,-2723,74,16044,2512
-1106,-1568,-692,182,16068,2208
-227,-1552,-85,306,16244,2028
859,-1584,-825,230,15708,1704
1127,-1520,-1027,142,15548,1768
953,-1552,-609,170,15388,1876
994,-1568,141,430,15620,1704
0
-32559,-1536,-25031,6454,1212,6460
10980,-1568,-29012,31817,11652,13388
-5790,-1552,-32599,31817,-276,-9852
-13,-1552,-32599,26518,32467,1772
-21137,-1520,8875,9682,13252,7592
-26564,-1552,-19812,28306,13624,2848
-23403,-1584,1243,19774,3504,6912
-28212,-1584,7613,7494,10032,9256
-22219,-1568,-11259,770,12900,5644
-12242,-1552,-14143,-16582,17516,8136
-3229,-1568,1314,-16942,14152,10232
-4728,-1536,16159,-19758,22740,12660
459,-1536,12446,-10290,22792,8992
6024,-1552,-2188,-6906,24344,5908
6661,-1552,-10792,-6234,20092,2976
4249,-1584,-8006,-3382,15888,1092
1821,-1552,-1861,-1238,14240,520
663,-1568,760,166,15660,-4
1659,-1568,808,1094,14540,-884
2512,-1536,-995,894,15112,-484
1031,-1568,-1446,266,14224,400
-1382,-1584,930,-234,13952,1244
-2965,-1584,2769,-322,14604,2156
-3087,-1552,4095,142,16068,3276
-1878,-1584,4746,-414,16044,3152
299,-1552,2018,-198,17252,3012
1936,-1536,-1355,-654,16968,2788
2513,-1568,-1372,-638,16540,2540
2182,-1536,-636,-610,16524,2004
934,-1568,-1521,-850,16864,1540
726,-1600,-2047,-862,16612,812
303,-1552,-2386,-722,16776,812
0
-3862,-1568,-17701,16646,-948,8908
4958,-1536,-32599,31817,15164,-14616
17940,-1568,8720,28310,32467,-8636
-15152,-1552,-8683,24118,8572,1788
-14196,-1536,-10560,30814,6380,1140
-13990,-1552,5454,13818,-1732,7108
-22736,-1584,2603,8778,4444,8200
-23074,-1552,-4243,3254,6240,5160
-11507,-1552,-3366,-7170,7576,2156
-7410,-1552,-1297,-15710,12724,7204
-9005,-1552,6793,-16934,13100,7156
-4735,-1552,15998,-12378,17860,4952
3556,-1536,4022,-7778,23648,4128
5292,-1552,-6948,-6230,21824,3664
167,-1568,-989,-6298,17852,3924
-3225,-1536,5587,-3358,18012,2692
-1428,-1568,-1792,-182,20012,1464
1277,-1568,-9960,510,18112,708
1763,-1552,-6246,782,16120,708
561,-1552,-636,1134,16752,1128
-832,-1584,-31,1282,17504,1264
-1104,-1584,-2968,1390,17056,1640
-826,-1552,-3829,1486,16132,2516
-731,-1552,-2650,1250,15340,3328
-100,-1536,-1377,862,14712,2964
2090,-1568,-1083,998,15840,2800
3062,-1536,-1939,-266,15760,3544
2476,-1568,-1900,-378,15532,3120
1540,-1584,337,-254,16124,2524
1291,-1536,927,-230,16652,2364
913,-1552,515,66,17100,1988
3,-1584,222,-678,16696,2284
0
7610,-1552,-32599,31817,-3140,8436
-28668,-1520,-32599,31817,9184,19728
-15995,-1552,-3876,11526,31828,9996
-23661,-1536,-13904,31817,6876,-1552
-13232,-1536,-17570,24626,2764,5392
-13965,-1568,4031,6622,-1984,4808
-12384,-1536,4825,4198,8632,4728
-6193,-1536,-4455,-8206,13692,7444
1515,-1536,-1599,-19298,11724,4056
1672,-1536,16950,-17410,19936,10004
406,-1536,12213,-12046,24716,6316
6951,-1520,-5376,-7258,24444,3168
8331,-1552,-13297,-6582,21328,3376
4107,-1520,-4830,-6342,17364,3204
215,-1520,8754,-1650,16452,1616
1486,-1520,12169,942,18460,-1148
3782,-1552,2562,1806,18968,-1096
3874,-1536,-1122,1462,15336,-552
2121,-1536,460,894,14556,1020
-449,-1536,422,646,14812,1520
-2081,-1600,-794,1142,15184,1684
-1358,-1536,-1473,1754,15172,1448
-416,-1568,-1071,1398,16312,2184
-1221,-1568,-5344,806,17344,1584
706,-1552,-4883,1422,15456,716
1655,-1536,-1061,730,16260,1256
461,-1552,-882,226,16772,1504
10,-1520,-1119,182,15884,956
440,-1552,-402,-74,15504,1040
239,-1552,450,54,15912,1264
-171,-1552,1239,58,16016,1128
-261,-1552,1331,50,16036,980
0
-6326,-1536,-32598,31817,32467,28992
-24202,-1536,-32599,31817,-12032,-22152
-32558,-1568,-32599,-4786,32467,23208
-32049,-1520,-32598,31742,22044,5488
-22410,-1536,-12596,24974,-23220,556
-32558,-1520,31350,-2582,836,5536
-31958,-1552,4592,5174,10720,996
-15253,-1552,-16248,-9722,12316,6764
-2867,-1520,143,-20838,16140,4452
3668,-1568,7739,-7306,23188,6480
2442,-1536,6730,-7558,29424,4880
5881,-1536,-3934,-1070,28764,1168
10505,-1600,-11446,-1154,25688,1084
-199,-1536,5521,-914,16568,1364
417,-1520,6193,-366,16976,584
2117,-1552,1021,1654,18624,-252
3550,-1552,-2808,1658,16776,-364
3913,-1520,-3043,1966,16676,32
2639,-1520,-3859,1342,16184,352
1494,-1552,-3569,1662,15792,540
475,-1552,-2164,1302,15364,828
-16,-1552,-652,1546,15072,968
440,-1568,-634,1994,15376,912
926,-1536,-1322,2178,15444,1160
1143,-1536,-1895,1538,15484,1412
851,-1536,-1453,1326,15104,1464
303,-1552,-521,1034,15284,1668
-49,-1520,-154,794,15700,1804
-153,-1520,-468,762,16008,1708
95,-1520,-554,806,16404,1688
0
-32559,-1552,-32598,24426,-17400,11356
-11530,-1552,-3663,31817,32467,32767
-73,-1520,-32599,31817,32467,-9440
-16393,-1568,9694,5246,25544,10624
-32558,-1536,-21046,22058,9296,6316
-32558,-1568,6932,19970,4872,6516
-32558,-1552,-32599,2950,-4472,8508
-24627,-1568,19173,-14258,13484,9004
-17866,-1552,-15296,-23830,23192,14748
-11176,-1520,-7771,-11070,10136,12204
4898,-1520,21647,-6242,16476,5308
14419,-1520,19702,-4898,26832,4264
10290,-1520,-13005,-3842,28076,5160
3840,-1568,-12685,-2266,18780,3764
501,-1536,6029,-666,15920,2648
2330,-1536,5719,-210,20468,976
4282,-1536,-5628,130,19420,1136
3391,-1536,-4378,282,15464,1384
1470,-1504,2606,594,15360,636
586,-1552,1789,1390,17088,676
148,-1552,-1920,1302,15452,624
-563,-1520,-1668,1938,15036,1272
-981,-1552,-2268,1638,14728,1636
503,-1552,-7367,2266,15392,2096
962,-1536,-9011,2302,14424,2952
-358,-1536,-2646,2062,13644,3536
-2009,-1536,4973,1838,14704,3032
-2547,-1536,5592,1982,16440,2916
1393,-1552,-4512,1482,17208,2396
2576,-1552,-8261,826,16464,3120
0
11782,-1520,30512,-22174,-6980,12608
25234,-1536,-32599,-9290,-948,8432
-32559,-1552,28164,13826,4380,5148
-32559,-1520,15168,31817,12712,-9656
28819,-1520,-32599,31817,31132,-32768
-15766,-1552,-11335,6506,32467,-4912
-32558,-1552,-32598,26598,2480,-9360
-29449,-1504,-997,27826,-3084,-4296
-31063,-1536,286,12722,1380,4648
-23718,-1504,-22526,10794,5756,2860
-13656,-1568,-31139,-6086,6688,10408
-7311,-1536,-20314,-30910,16284,13460
1745,-1520,24935,-13302,25952,9152
4898,-1520,-607,-5854,27692,4336
9279,-1520,-13527,-4254,20728,2148
6864,-1520,-4959,-5622,15212,2140
3012,-1520,190,-3602,15208,1232
1104,-1552,152,-1538,15036,908
884,-1568,-951,-1070,14348,532
1079,-1568,2,-614,13912,604
631,-1504,605,550,14968,740
-365,-1536,287,474,15164,1224
-464,-1536,459,94,14964,1388
22,-1552,791,66,15332,1800
603,-1568,-2657,218,17092,1892
120,-1520,-4024,-686,16124,2728
-451,-1520,309,-250,15932,2708
-238,-1520,810,182,17348,2616
476,-1488,-1016,-246,17452,2692
1020,-1552,-1792,-366,17552,2448
0
-32559,-1520,557,31817,8524,-6388
-9329,-1520,-22432,31817,56,-6820
-22480,-1520,25875,12122,7612,1204
-3170,-1552,825,31817,8980,-424
5717,-1520,-5403,27122,-2360,-832
-2982,-1488,11168,16058,-2004,5812
-10207,-1488,3670,9534,17148,3480
-3366,-1520,-19827,482,13892,9824
-5465,-1504,-3982,-24546,16188,10056
-6972,-1504,15916,-24050,17052,4852
-14929,-1536,21220,-18802,24792,8952
-8293,-1536,2683,-7870,25216,4444
-1366,-1488,-8654,-6114,23484,5184
218,-1536,-9103,-3766,16700,3360
-571,-1488,-6173,-2530,14444,1944
366,-1536,-1697,-1322,12876,820
1236,-1552,-468,-822,13888,1540
972,-1552,2988,430,13824,904
932,-1520,7300,594,14964,-752
1986,-1488,3998,1554,18524,20
312,-1552,4762,-374,13744,1468
-806,-1536,12724,1250,15472,1424
-586,-1536,4450,1586,19008,1724
339,-1536,-3273,2018,17072,1536
1522,-1504,-2419,1178,16456,1896
1041,-1536,-2879,486,16192,1652
-39,-1536,-1270,118,15828,1284
-772,-1504,-366,642,16588,620
-903,-1536,-386,858,16352,312
-1903,-1520,3283,950,15900,48
-2888,-1520,7146,1430,16344,-304
-1384,-1552,2883,1590,16876,-876
0
5086,-1536,-4432,31817,-12908,28228
-18954,-1504,-32599,31817,15244,5880
-619,-1536,-32599,14478,32467,-2788
-11377,-1536,-12873,23682,9344,10880
-9339,-1536,-9787,31817,160,-5112
-11816,-1504,28350,6306,-6584,12876
-22542,-1504,10511,4246,9724,8128
-14392,-1488,-8102,-2778,10080,7688
-9709,-1504,3419,-30250,12056,12768
-4475,-1520,12348,-22270,14092,12220
-1192,-1520,21298,-19838,21284,9016
-1850,-1520,6675,-12850,26272,8376
1721,-1488,-8018,-6614,21332,5340
4270,-1520,-6742,-4630,18368,5132
2069,-1504,-2092,-3794,16420,4576
1099,-1504,-274,-970,16608,2204
947,-1504,544,1190,15780,1504
806,-1552,-551,1174,15964,2128
412,-1520,-26,458,14820,3012
286,-1520,1507,234,14840,3080
629,-1520,-364,70,15276,3960
807,-1520,-934,-174,15168,4268
508,-1536,880,-426,15436,4008
266,-1536,906,-470,16488,3424
273,-1504,-724,-10,17012,2920
-476,-1536,245,-350,17140,2940
-1172,-1520,570,-602,16816,2816
-793,-1504,-610,-426,16904,2792
-80,-1520,-1193,-570,15800,2712
686,-1520,253,-666,15344,2880
0
28059,-1488,16096,-13758,-7612,1568
-32559,-1536,22711,-7070,-3904,540
-32559,-1504,-32598,13494,7156,5484
-32558,-1536,-32598,31817,21652,2976
-32558,-1536,-32599,31817,-7636,-32768
7243,-1520,-32598,24198,32467,32767
-14493,-1504,-32598,31817,-11004,-13048
-19973,-1488,-32599,11234,-9760,7716
-25689,-1552,-32599,1354,9792,13312
-18438,-1488,-4418,-9782,9752,11056
-10311,-1520,-283,-26286,12556,15964
-801,-1488,6563,-21970,13268,17020
1498,-1536,7550,-13778,20308,10052
1977,-1504,8552,-7534,22120,7364
2104,-1504,-7598,230,29184,3508
4371,-1504,-16105,126,21704,1396
3338,-1504,-6040,-2490,16120,2328
1335,-1488,1419,-1606,16056,1264
374,-1504,1715,-362,16268,472
-325,-1520,272,266,16312,644
-966,-1520,1340,642,15404,952
-596,-1520,1455,2130,16188,780
-485,-1520,-443,1586,15820,1516
-749,-1504,-473,1094,14572,2272
-1813,-1504,2153,910,14232,3172
-2936,-1504,4227,998,15108,3400
-2758,-1520,4632,1378,15552,3068
-1584,-1488,3570,1506,16856,2792
52,-1520,-826,1354,17636,2808
326,-1488,-3073,998,17008,2816
-20,-1520,-2518,590,16164,3048
-167,-1552,-1261,430,15948,3040
0
24137,-1520,-20378,31817,19576,13984
-16871,-1520,-17275,31817,32467,-4344
-3498,-1488,-32599,31817,23984,-28060
-4720,-1488,-13138,23702,16972,7664
-8963,-1456,-24065,24750,-9464,-596
-23579,-1472,17413,5762,-5096,6968
-25400,-1504,27229,6254,7660,11144
-16791,-1504,4670,-5486,15096,10932
-9378,-1504,8765,-16102,17380,10080
2576,-1488,17967,-8422,19328,4992
5525,-1504,2363,-12802,26636,4276
1712,-1520,-4226,-9510,22356,4912
-1492,-1488,-4163,-5326,21216,4552
-1641,-1520,-6104,-2886,20240,3880
-639,-1488,-5422,-2998,17284,3776
-484,-1488,-5003,-1734,15460,3572
1302,-1488,-4785,-538,15012,2532
2156,-1488,-6123,-450,15044,2912
2035,-1520,-4239,386,13620,2692
2027,-1488,1223,1282,13844,1992
1825,-1488,3729,534,15096,1640
1262,-1504,1777,-158,14964,1416
800,-1536,367,-466,14676,1432
369,-1472,-573,-326,15428,1984
-318,-1504,-992,-638,15804,2720
-838,-1472,717,-730,15396,2996
-861,-1536,1621,-770,16224,3064
-587,-1504,258,-842,16972,2896
-402,-1504,-479,-1158,16716,2860
-348,-1504,-165,-1038,16676,2840
-93,-1488,60,-610,17052,2896
334,-1456,10,-598,16968,2660
0
-1107,-1488,-21282,21266,-1440,14836
-27709,-1488,30935,31817,7248,15124
7728,-1504,-32599,31817,32467,-5460
-25031,-1504,-29212,14814,2248,-2468
-28875,-1504,-12274,31817,10392,780
-20730,-1472,-32599,11334,-13816,20128
-29299,-1456,22065,3966,11608,10368
-17173,-1488,170,-770,10636,8604
-6393,-1456,3492,-27714,15272,10224
-5917,-1488,4373,-19574,19808,15404
-3919,-1488,1895,-12614,24064,7440
6770,-1520,-6537,-7402,23248,4672
9596,-1488,-17715,-6734,20948,3992
4378,-1520,-10185,-3646,16352,4368
1114,-1520,3963,-2150,14112,2576
1893,-1504,7578,-1038,15624,776
3708,-1472,1350,394,16664,504
4178,-1504,-1674,1198,15920,684
3740,-1488,143,678,15756,928
2714,-1504,991,770,15648,1088
2376,-1520,951,614,15288,1468
2033,-1488,1731,606,15464,1420
1479,-1520,1313,-142,15384,1956
582,-1488,918,-226,15756,2124
-170,-1520,791,-814,15664,1972
-726,-1488,131,-438,16556,1604
-1216,-1472,-245,-290,16576,1768
-1375,-1472,-1175,-486,16336,1672
-987,-1504,-2424,-142,16668,1744
-906,-1504,-3195,-494,15988,2076
-456,-1536,-2032,-734,15360,1864
-68,-1504,-683,-802,15628,2000
0
15033,-1504,10103,31817,-2404,8500
-9803,-1504,12993,31817,31220,-23068
-2312,-1504,23198,30594,32467,-28792
-4604,-1488,-30323,6890,984,-12392
-3194,-1536,-2922,31817,12972,-6788
-2433,-1488,-947,22682,-624,13684
-18314,-1488,-6057,13330,5420,8388
-11335,-1520,-6491,-1114,6692,12508
9657,-1520,11034,-22534,13824,11380
7836,-1504,4816,-18306,16900,6912
2776,-1504,-752,-10310,21120,3128
1619,-1504,-633,-3442,20372,28
2112,-1504,-5134,-4590,19284,52
2146,-1504,-5113,-4514,15016,-764
922,-1472,-110,-3818,13656,-696
-872,-1488,5449,-2834,13140,-464
-1949,-1520,9203,-2702,14584,-340
-2823,-1488,7189,-274,17552,-84
-2353,-1520,3205,1342,17016,124
-1629,-1488,2512,482,16288,1192
-1859,-1488,4296,-262,15672,2044
-3159,-1504,5590,-902,16376,2652
-4041,-1504,4099,-1150,16820,2940
-4424,-1472,226,-934,18212,3420
-4141,-1520,-2225,-954,17692,3240
-2591,-1456,-1896,-702,16516,2792
-385,-1520,-1548,-1058,16288,2024
1203,-1488,-2003,-1658,15764,1576
2076,-1472,-2439,-1794,15060,952
2538,-1536,-2022,-1610,15276,576
0
586,-1488,26336,31817,-3748,12636
-124,-1520,11141,31817,32467,-32768
547,-1520,31869,-9218,32467,32767
-28344,-1488,-6954,5866,-10764,-2260
-31434,-1472,-4213,31817,20940,-3900
-15385,-1472,-1223,17318,-8056,14612
-20806,-1504,395,10526,8312,8276
-12686,-1472,-12249,2998,9832,6076
-7136,-1472,-6373,-12066,14112,12820
-1832,-1472,766,-17486,15364,9284
4100,-1472,9856,-15094,15104,4748
2807,-1520,10178,-16642,20864,10188
-72,-1472,2047,-11638,22268,8024
2483,-1488,-876,-9062,21236,6036
5278,-1504,-7368,-6226,20168,3856
6158,-1488,-6360,-4434,16836,1788
4011,-1488,-2156,-1670,18064,1256
1073,-1520,-1274,542,18764,700
1277,-1520,-1836,2306,17632,-472
2747,-1520,-1370,2770,16612,228
1858,-1456,-575,1498,15736,1268
184,-1520,188,454,14860,1724
-1262,-1488,-22,582,15192,2236
-1963,-1504,-254,326,14532,2868
-2240,-1504,155,458,14844,2884
-2320,-1504,341,662,15928,3344
-1735,-1504,-635,566,15996,3312
-611,-1504,-1437,6,16048,3128
314,-1504,-585,-146,15648,2888
1542,-1520,-2338,-86,16840,2480
4455,-1520,-15333,-534,18580,2676
5361,-1456,-23824,-1170,16172,3388
0
26436,-1472,-32598,31817,7308,23588
-32558,-1488,-10673,31817,32467,-1292
-25847,-1456,-32599,31817,32540,-32768
-27003,-1456,-32599,-25046,32467,18232
-21114,-1488,-32598,31817,10980,2316
-13038,-1488,-11184,31817,-19156,776
-32437,-1456,18074,5274,7612,14372
-28548,-1488,-11709,110,6636,4484
-15332,-1488,-13835,-9346,11948,12636
-12737,-1488,-1588,-21914,15972,10036
-13399,-1472,11581,-17022,16440,11944
-13544,-1504,17024,-15234,25740,10688
-2056,-1472,-6446,-5222,27544,7116
6339,-1504,-19303,-4090,21496,5112
7002,-1472,-8020,-5210,14964,4072
4270,-1472,3946,-4066,13996,2856
3634,-1472,6596,-1794,15852,1448
5514,-1504,1964,-1166,17460,904
7461,-1456,-3479,138,16092,156
7088,-1456,-1958,98,15060,276
3530,-1488,1071,-978,14964,964
-211,-1488,2663,-1354,14492,588
-2229,-1520,2514,-1542,15320,1132
-3524,-1488,949,-990,15484,1608
-4133,-1488,-551,-718,16020,2240
-4302,-1488,-721,-230,16328,2380
-3216,-1488,593,-266,16516,2380
-2327,-1456,-99,-586,17020,2692
-1689,-1504,-932,-466,16792,2896
-1058,-1504,-202,-570,16780,3236
443,-1472,-264,-126,16684,2900
1848,-1504,-1073,-46,16724,2704
0
14799,-1472,13202,31818,-4192,1752
26916,-1472,-30648,-26698,3028,5464
25375,-1472,-32598,-14810,-4816,13216
-9167,-1488,-32598,7846,-6116,27384
-30254,-1488,-32599,31817,10888,32767
-32559,-1488,-32599,31817,32467,-32768
-14215,-1456,-32599,-31958,32467,32767
-32270,-1488,-25735,18006,12308,7440
-27220,-1488,-20721,31817,9408,-6064
-32558,-1456,20019,7706,-8372,15876
-32558,-1472,8146,7694,6672,1820
-16497,-1472,-229,-2022,3152,1896
-7528,-1472,10138,-17130,14408,9088
-8903,-1504,11624,-20162,18064,11196
-5692,-1456,14446,-16194,22940,7400
4108,-1488,2324,-6570,28044,4120
5254,-1488,-11784,-7646,26152,7312
2155,-1488,-6110,-5250,19592,6076
593,-1488,2645,-574,17744,4732
1839,-1456,1853,-158,17708,3232
3104,-1488,-3338,-918,16636,1780
2614,-1488,-3017,-454,15300,2080
805,-1456,-2227,358,15724,2388
-2726,-1504,-6879,1182,17444,2392
-2847,-1472,-8223,1570,14252,348
2262,-1472,-546,1734,11864,184
4636,-1440,3719,834,15844,2928
2326,-1472,-701,30,16092,3044
2096,-1472,1439,514,15620,2756
1736,-1504,2534,242,16144,3180
2199,-1440,2876,694,15784,2548
2227,-1488,4330,722,16724,2920
0
-2204,-1472,-21189,31817,-1444,-1188
-20154,-1456,-32599,31817,-14680,-31616
-2739,-1488,20890,-2494,32467,24784
-15203,-1488,-32598,29678,776,-1672
-10847,-1456,8242,31817,-14124,-1752
-21376,-1472,26052,8390,4512,8564
-25006,-1472,-2713,8858,11252,7396
-13895,-1440,-10353,-4842,8744,6868
-8167,-1504,1627,-18374,19924,18104
-8646,-1472,7848,-16002,20980,18668
1156,-1456,10407,-14574,26252,12016
6547,-1488,2303,-10798,28140,6140
4063,-1456,-4319,-5682,27224,468
-1680,-1456,-8265,-3466,22896,-404
-5076,-1456,-6186,-2090,17044,224
-3669,-1488,-1834,-710,14740,580
-1162,-1472,-140,-478,13040,1000
1871,-1472,928,994,13740,592
2796,-1440,1289,90,13644,392
2466,-1472,337,1258,14576,896
1135,-1456,1975,1022,14440,932
130,-1472,5766,834,14636,1048
-2379,-1456,11255,1298,16028,1356
-2871,-1456,11437,1486,17776,260
-509,-1488,27,990,18876,544
648,-1424,-6172,-42,16528,1924
616,-1488,-4736,-410,15408,2512
408,-1488,-1420,-406,15376,1944
1518,-1488,-1152,-2,16312,1200
3014,-1488,-2739,-30,16728,268
3892,-1472,-3943,-238,16764,88
4307,-1472,-4536,-662,15880,228
0
2988,-1440,-32599,-22286,-12580,1376
30897,-1472,-32599,-4370,-2740,-5432
-32559,-1472,-7814,28870,5284,-336
20556,-1456,-32598,31817,16972,-10372
-15894,-1456,10398,31817,3856,-32768
-15360,-1456,21452,4162,21588,25120
-23667,-1472,-32598,31817,6268,-1080
-19983,-1456,7769,16930,-5276,14940
-23520,-1456,7517,-7614,13216,16220
-13244,-1456,-14161,-8030,16024,17404
1992,-1456,1604,-17758,13732,15428
10177,-1440,13466,-23258,18008,11728
8129,-1472,11371,-14378,21468,6240
3727,-1440,8609,-7298,25136,992
3151,-1440,-10812,-422,28568,-1596
4984,-1440,-19284,-3294,20692,-940
5910,-1472,-10024,-3206,14948,460
5232,-1440,-41,-1950,14888,1180
2907,-1472,5568,-2226,14616,1444
1641,-1456,7043,-2410,15976,1072
1866,-1472,3700,-462,16864,488
2730,-1456,-2131,1290,18172,1328
1847,-1488,-6470,446,16288,2328
-489,-1456,-3644,454,14588,3500
-2340,-1424,1668,710,14216,3836
-2737,-1456,3175,-82,14480,3760
-674,-1488,2615,-862,13772,1944
2597,-1488,1015,-1238,15576,2348
969,-1456,-258,-1870,16392,3372
-1702,-1440,-4708,-1582,17124,1984
0
-32559,-1440,22373,-6710,-8340,6972
-32559,-1456,12471,29886,-2288,19252
2070,-1456,-31522,31817,32467,-8888
-18057,-1456,-3030,31817,26868,-26936
-26991,-1456,-22127,-1174,10012,-2900
-12722,-1456,-11837,31817,17700,4124
-1376,-1488,16811,21998,-7544,8124
-20795,-1456,23901,7386,7132,11096
-24575,-1488,-1983,2326,10600,7304
-19137,-1472,-8558,-16054,13776,13192
-8273,-1456,-2751,-19454,8964,8180
183,-1440,13600,-15894,16000,9916
-1601,-1424,16734,-13382,20772,8648
-893,-1440,7941,-4654,23744,3248
2108,-1424,-5264,-2434,23688,1240
2322,-1456,-10198,-3406,20316,1632
-268,-1456,-3088,-3458,16800,1872
-2415,-1456,5197,-2366,16936,1688
-2393,-1456,6724,-862,17632,736
-657,-1456,6805,-254,16684,-404
1911,-1440,5623,978,18072,-1204
2488,-1472,1057,1014,17560,-1064
852,-1472,-2109,374,16020,-64
-616,-1472,-2263,618,14600,296
-247,-1440,-3230,266,14424,1480
1179,-1440,-4851,-454,13696,1552
3242,-1472,-4495,-890,13456,1252
4800,-1440,-2777,-1194,13688,1280
4662,-1440,-777,-1862,13652,948
4293,-1456,128,-1366,15036,12
5119,-1456,-2158,-518,16632,-80
4578,-1488,305,658,15984,-632
0
-2379,-1456,30354,31817,-6740,11520
-28635,-1440,-32598,24078,10308,11388
-12298,-1440,-10959,31817,-4316,-2652
-7971,-1440,18820,-4782,1888,17344
-9105,-1440,-3281,-7270,14652,14256
-12043,-1440,651,-16882,15724,11604
-7788,-1456,7522,-14934,18244,13096
-2866,-1472,3231,-6610,25008,7168
6057,-1424,-2242,-246,23512,3704
7033,-1456,-6105,-262,20280,2708
6046,-1456,-631,-1926,17992,1720
4738,-1424,970,-3382,15588,644
5973,-1424,1382,-2486,14800,-232
5470,-1456,517,-2850,15932,868
3208,-1456,60,-2494,16696,1348
1380,-1488,1261,-1354,16180,1504
1409,-1408,3624,-122,15756,1456
650,-1440,4258,-914,16180,2280
-1972,-1440,2946,-1302,16220,3024
-4437,-1472,2249,-1642,15088,3088
-6104,-1472,705,-882,15792,3796
-6739,-1440,-1298,-458,15980,3992
-5279,-1440,-3051,418,16436,3660
-2701,-1472,-3079,282,15392,3272
-776,-1440,-2519,-314,15100,3808
-966,-1456,-3009,-722,14676,3764
-1870,-1488,-689,-658,14272,3320
-2344,-1488,1032,-766,14672,3168
-2280,-1488,839,-1010,15240,2960
-2263,-1424,1127,-1074,15644,2912
0
28840,-1456,-10114,-6490,3248,2568
-32559,-1456,-18810,6506,-1508,5152
-32559,-1424,-19311,31817,-6796,24516
-13036,-1440,-32599,31817,22452,1744
-21260,-1440,-32599,21058,10092,-4184
-19062,-1472,-32598,31817,32467,10448
-32558,-1440,-8832,31146,-14768,17616
-27135,-1472,-32599,-466,-2392,15624
-25523,-1440,11501,-21694,13468,17876
-12339,-1472,3918,-31382,16944,17592
-4040,-1456,11527,-19198,9148,10536
4195,-1456,14028,-13562,16852,7660
2116,-1456,4382,-9674,22772,7360
-878,-1456,-8733,-1038,26176,3376
-483,-1456,-13482,682,22964,780
-178,-1424,-6451,-2050,16320,1860
-749,-1456,2756,-1542,16188,1412
338,-1424,1955,310,17116,1172
1965,-1440,-2082,42,16132,912
3166,-1440,-2579,658,15604,528
4353,-1440,-1379,2054,16040,632
3992,-1440,-1908,1478,15884,2020
2162,-1440,-767,562,14444,2656
-224,-1440,3015,-10,14576,3476
-2105,-1424,3622,274,15608,3724
-1328,-1440,2075,1046,15676,2516
853,-1456,-29,698,16724,2680
1537,-1424,-2441,658,17424,2936
922,-1456,-3155,22,16068,2892
624,-1424,-1629,58,15608,2268
760,-1424,-271,66,16044,2156
1024,-1424,467,-434,15344,1936
0
12741,-1472,4583,31817,14528,-32768
-32558,-1424,-32599,7174,25208,-6204
-27175,-1456,-32598,31817,4476,-10436
-27126,-1456,-7593,15314,-12588,9716
-32558,-1456,2408,13462,312,5520
-30192,-1456,9518,3662,2580,10676
-22988,-1408,13271,-19970,14916,20688
-10743,-1440,19326,-10358,14508,20592
4741,-1408,19697,-14718,20668,13036
10272,-1424,8811,-13910,27400,11968
12043,-1472,687,-5606,25080,6860
10673,-1440,-2775,-626,24872,2944
7605,-1424,-6140,130,23252,572
4622,-1424,-5934,-1170,17712,132
3028,-1456,-1951,-1006,14616,12
1080,-1456,-1085,-174,14792,320
-196,-1424,-861,266,14372,-172
-111,-1408,1527,1050,14608,-412
681,-1440,3963,1326,13976,-116
741,-1440,521,1706,15968,304
2135,-1440,-379,578,14324,608
3198,-1440,1549,-414,14124,1332
2748,-1440,2763,-530,15164,1344
1319,-1408,3180,-774,16012,1444
-409,-1456,2569,-814,16624,1332
-987,-1456,3214,-638,16784,540
-178,-1424,2484,522,18644,-172
691,-1424,107,94,17956,-700
2091,-1456,-1445,46,17708,-328
2573,-1440,-2839,-166,16516,52
2629,-1440,-3158,-350,15860,652
2113,-1440,-2634,-838,15336,748
0
-13588,-1456,-32598,-18978,-1360,11196
-1414,-1424,6162,-26834,32740,3672
-32559,-1424,16145,-5134,-624,-12308
-32559,-1456,28190,9206,1020,4072
798,-1424,-32598,31817,32467,6228
-13236,-1424,-32599,30638,32467,-32768
-20685,-1440,-20912,23434,32467,32767
-7486,-1408,-24221,25246,-13380,-12168
-9619,-1472,20265,9182,5612,7564
-10314,-1440,-877,2998,4848,11644
-10202,-1408,-3712,-8022,7712,16208
-2480,-1408,5166,-15234,8080,11192
6060,-1440,19959,-12498,14228,10232
-1316,-1408,18258,-12742,24700,12828
-5205,-1456,1464,-8622,24348,6568
1941,-1424,-6247,-6818,20904,772
5896,-1424,-2088,-6598,18828,1284
3597,-1440,2765,-7606,16916,2176
-542,-1424,5555,-5966,17316,2260
-3482,-1424,2121,-3770,18076,2312
-5624,-1456,-4368,-1410,18436,2120
-3460,-1456,-6927,734,16128,520
1153,-1456,-5034,1518,15600,572
3286,-1408,-2971,1158,15836,2104
1613,-1440,-1356,774,15176,3108
-1054,-1440,85,542,14640,3468
-2448,-1440,705,1230,15352,3400
-2296,-1440,741,1434,15800,3424
-1500,-1440,-505,1106,15808,3268
-744,-1456,-674,726,15344,3288
-439,-1440,68,426,15712,3156
-15,-1424,613,170,15928,3020
0
-32559,-1440,-20960,2306,-1264,8320
16637,-1408,-6463,31817,-5100,18756
-21038,-1408,-32599,31817,-12148,-32768
3059,-1456,-32598,1434,32467,29580
-32558,-1424,-8985,31817,-13772,-4644
-32558,-1424,-32599,12174,2936,29436
-32558,-1424,3408,13354,8332,12076
-18323,-1424,-14296,1142,4292,16436
-9675,-1456,5336,31818,13796,18176
5559,-1440,17967,-14310,10572,15828
13172,-1440,8781,-15846,15296,13084
11723,-1440,3908,-17846,18592,11316
9432,-1472,-852,-8014,21120,3104
12692,-1440,-3997,-594,24276,-1572
9192,-1424,-4603,-4258,21352,-2692
4789,-1456,-456,-3618,18088,-3368
1719,-1424,1800,-2642,15692,-3216
2113,-1424,-499,-2298,15560,-3032
3177,-1424,-3147,-1510,14956,-2936
2505,-1424,-4796,-1002,15988,-120
2483,-1440,-6994,94,15508,-196
4959,-1440,-7786,-578,15588,1384
5112,-1440,-5537,-1242,15236,1856
1583,-1440,1256,-2902,14156,2560
-1798,-1424,5164,-2082,14892,1620
-3576,-1424,4016,-1346,16184,1176
-3714,-1424,851,-490,17352,644
-2722,-1440,-3117,-406,16856,1116
-1807,-1440,-4470,-546,16152,1400
-1498,-1408,-2910,-1498,14844,1532
-1008,-1440,426,-1550,14580,1888
-1185,-1424,1707,-1602,15972,1636
0
4930,-1440,9273,31818,-4372,14320
23083,-1440,-7870,-23518,6432,12144
-32559,-1408,-29127,-8066,-18624,684
22028,-1440,-4936,31817,7032,25244
2989,-1424,18330,31817,32467,-32768
3941,-1424,5575,8814,32467,12380
-24177,-1456,-3217,23542,2964,4144
-10894,-1456,-471,31817,-4792,-876
-12417,-1424,6492,15746,3172,9988
-17849,-1440,-1035,11662,3100,8536
-15461,-1440,-3748,-2954,5476,10868
-8469,-1440,-218,-18498,8560,11300
-3870,-1440,17013,-14654,12292,12868
-2678,-1424,20345,-14174,19508,7832
-6472,-1440,7147,-16074,25808,12228
-7127,-1424,-3702,-8158,23284,8608
2708,-1424,-1264,-3454,18468,5048
6615,-1424,-1365,-5458,17364,4008
4352,-1456,-1958,-5186,16160,2132
1286,-1456,-2201,-3086,16460,1588
-72,-1408,-3408,-286,17016,1092
1161,-1408,-2732,530,16612,1040
3119,-1408,-290,1046,16156,904
3822,-1440,-1296,1510,16932,920
6335,-1408,-2694,926,15332,1200
6664,-1424,-7363,-666,16028,3460
3331,-1424,-7444,-922,13760,4372
-848,-1424,1454,-786,12912,4868
-4180,-1424,8615,-626,14396,4584
-8180,-1424,18193,-230,14820,3176
-9466,-1456,21104,178,16916,1156
-6965,-1424,13592,462,17976,224
0
-32559,-1424,31111,13742,-5004,-5908
-32559,-1424,-32598,31817,27364,5968
-23494,-1424,-32599,31817,6844,-32768
-13631,-1456,-32599,31817,32467,-32768
-9298,-1424,-32598,26786,16564,-3312
-3559,-1440,14380,23922,-20208,13136
-14332,-1440,31930,15778,11680,10132
-17651,-1408,-146,8134,10300,8492
-16574,-1424,1,-1870,6752,11300
-9535,-1440,14087,-17682,15744,9472
-1508,-1424,6181,-14626,19616,7720
-6930,-1392,4366,-13502,23704,13552
-13478,-1424,5097,-9906,23460,11840
-893,-1456,-824,-4646,24368,6320
9206,-1424,-11699,-3838,20716,4552
8221,-1392,-2345,-3886,15004,2436
4178,-1456,1590,-1438,18980,56
3500,-1424,-9360,930,19124,728
2655,-1440,-16731,3126,17012,1848
1248,-1440,-13435,1934,11620,1024
2994,-1440,-630,1398,10136,1192
3935,-1440,4250,898,13884,2932
919,-1440,3515,-374,14104,3696
-3503,-1456,6496,-166,14648,3664
-4809,-1424,10473,498,14640,2252
-2184,-1424,11158,1342,16720,1504
-82,-1424,7198,494,17740,1856
-57,-1440,2942,-350,17308,1712
230,-1408,2520,-1262,15776,1820
676,-1440,706,-870,17704,2484
172,-1408,-1902,-926,17392,2272
764,-1408,-2527,-610,16096,1728
0
-32559,-1424,-22333,-29458,1520,7236
-32559,-1440,-32598,-28622,-5412,9068
17176,-1440,-32598,-4518,-13336,15188
-6694,-1440,31310,31817,-12820,32292
10310,-1440,-32599,31817,32467,-32768
-8161,-1408,1625,-2274,32467,9204
-28590,-1440,2870,31817,7904,8932
-23488,-1408,2940,24514,-692,9004
-29995,-1424,10548,11250,5260,9760
-25589,-1456,419,10022,6424,5868
-13101,-1456,-3731,-2166,10684,6128
-11398,-1392,1272,-21446,15948,9892
-2707,-1456,8224,-9786,14816,4620
-1281,-1392,7279,-15214,22248,10464
-1488,-1424,4022,-10266,19012,5824
1001,-1440,2733,-8314,18756,4108
-1733,-1408,165,-8942,18244,4312
-4431,-1440,1569,-6410,15772,3204
-3508,-1440,1073,-3650,16164,2180
-1115,-1440,-3857,-1754,16996,1496
373,-1456,-4378,-810,16460,1576
1044,-1440,-1334,682,15504,1332
3376,-1392,1094,2598,14576,-728
3825,-1456,-1687,1514,15168,-268
1780,-1456,-2093,402,13412,228
-1762,-1424,3184,-1962,13676,1804
-3145,-1392,5442,-1358,15840,1996
-2652,-1456,-263,-1582,18676,1868
-2700,-1440,-6026,-2018,18700,2480
-1474,-1408,-4155,-526,17288,1620
498,-1440,-1106,-382,17744,1900
207,-1408,-1344,-162,17628,1680
0
29755,-1456,-32599,31817,20620,26324
21431,-1440,-4653,31817,22932,-26880
-11537,-1440,18548,6614,32467,6028
-17560,-1440,-5256,29318,12096,10516
-10464,-1408,-992,30322,-6924,8436
-20653,-1440,9636,12818,1024,5764
-26663,-1376,-4630,12466,5960,4704
-18739,-1408,-2738,2218,2576,3548
-13970,-1392,6382,-17958,11568,6408
-14455,-1424,9744,-16298,15388,11172
-4994,-1456,11649,-11158,14868,7068
1444,-1392,10552,-14998,21228,9160
755,-1424,4673,-11126,20996,6600
2381,-1424,2410,-6614,21324,4652
3021,-1456,2402,-4774,19976,2160
2591,-1424,114,-2410,19748,1160
1087,-1424,-1046,-282,18600,528
25,-1424,-250,250,17304,576
327,-1440,207,1130,16260,-48
621,-1408,-413,742,15236,296
-397,-1424,656,714,13752,112
-2209,-1408,2968,358,13572,772
-3445,-1440,3614,798,15036,736
-3349,-1440,1783,270,15492,892
-1358,-1392,454,586,15828,1196
-183,-1392,508,26,16460,1668
-567,-1424,-491,-326,16892,1040
1297,-1424,1299,490,16588,80
687,-1392,136,-1622,17676,1016
-1304,-1424,-2363,-1390,17160,608
-1927,-1392,-3266,-1062,17200,212
-1977,-1408,-3782,-778,17268,420
0
-32559,-1408,21778,10330,-2652,424
-32559,-1408,-10351,31817,23376,13048
-32559,-1408,-22709,31817,17272,-32768
-29439,-1440,24989,-3054,15360,-724
-20006,-1424,-32598,31817,18536,2668
-5951,-1424,-30627,29014,-25260,2192
-9370,-1456,9882,3066,-2064,3028
-5804,-1424,6256,-4818,3072,1560
-9256,-1424,7372,-22726,9308,11060
-13891,-1424,3119,-26390,10152,11648
-9342,-1424,17449,-16434,13508,6256
-9366,-1392,26842,-8786,23660,8600
-10929,-1424,15821,-1538,29544,5152
-139,-1424,3308,2722,26080,-1748
5688,-1392,-9248,-1702,23504,1008
3742,-1392,-11278,-2370,17552,1652
-1678,-1440,-2069,2910,18644,2704
-648,-1392,-3976,5034,17624,2160
1690,-1440,-4781,4990,15132,2292
1594,-1408,-3733,2846,13448,2788
1280,-1440,-927,2466,12168,1844
2496,-1440,438,2298,14372,2180
2275,-1408,-1860,1722,15408,2236
2064,-1440,-2902,1866,15400,2088
2058,-1440,-1270,1994,15564,1928
2844,-1440,554,2066,16044,1768
2822,-1392,904,1574,16308,1788
1473,-1440,725,1630,16452,1920
399,-1424,538,1074,16092,1996
513,-1424,613,1162,15684,2080
0
-28293,-1440,-32599,-5390,-5736,4144
-19540,-1408,7883,31817,10080,-752
-6353,-1392,-8517,17738,-76,4908
-5618,-1424,-12215,18438,5424,1956
-9233,-1392,1009,4966,2796,7816
-7947,-1424,11091,-9514,12936,7104
-1815,-1424,8988,-14514,18772,7704
-249,-1424,5373,-15578,18880,6304
-1982,-1408,11950,-14950,21832,8184
-644,-1440,-101,-10190,25780,5512
1409,-1408,-13115,-6834,23048,2608
3008,-1440,-8887,-3846,18960,1176
1371,-1408,-2383,-1410,17816,20
614,-1456,-2025,1478,18336,-1196
1468,-1440,-2933,2458,17204,-484
2684,-1424,-2497,2798,14940,-88
2818,-1392,-1732,2214,13632,196
1907,-1424,-1076,682,11900,308
937,-1424,1290,-1674,11068,696
671,-1424,4068,-1390,11116,1516
2235,-1424,5865,1250,15540,1260
2094,-1424,-590,618,18280,1560
1396,-1424,-2742,798,17148,440
971,-1392,1169,466,17156,1140
-600,-1424,1181,102,17712,664
-1965,-1424,61,94,17240,312
-2715,-1440,67,174,17024,740
-2711,-1440,76,730,17124,744
-2412,-1440,-1554,1014,16780,1088
-1440,-1440,-1723,1386,16052,752
-603,-1440,-710,934,15432,916
95,-1408,-852,834,14952,1008
0
11274,-1424,-1851,31817,304,32767
-10169,-1392,-32599,31817,20048,-32768
-8766,-1424,16871,-394,32467,23260
-22938,-1408,-25245,31817,5016,-2368
-15929,-1408,10724,23926,-11728,5112
-31346,-1472,27507,7862,4148,6872
-23190,-1408,-1405,14174,14552,3268
-13317,-1440,-2019,-1438,9656,11336
-9393,-1408,7726,-17158,17680,6312
-6696,-1392,12344,-11006,21932,9848
-3219,-1424,8495,-9654,23084,8168
3785,-1456,158,-7250,21600,3908
4906,-1424,-5353,-8238,21352,3084
-147,-1424,-5402,-7034,18284,1740
-2210,-1424,-961,-3562,16568,664
-546,-1440,-5145,-1418,16548,436
1167,-1408,-10347,-378,16728,868
1019,-1440,-7036,846,15148,1040
-543,-1408,807,870,14672,1224
-1575,-1408,2849,1634,15180,984
-512,-1392,-189,1578,14940,384
421,-1392,-1072,666,14516,1280
172,-1424,1062,518,14556,1696
422,-1424,42,386,16560,1512
-468,-1424,-579,402,16820,1236
-386,-1424,-1508,358,16892,1084
-715,-1424,-1963,286,17048,1480
-1346,-1408,-1198,330,16512,1468
-805,-1440,-690,878,16720,1088
-268,-1408,-742,702,16488,1504
0
32666,-1424,-25815,-18018,5884,6492
-32559,-1456,-32598,-8414,-7196,13156
1919,-1424,-14300,27314,-3428,29828
-17352,-1424,-32599,31817,4228,-17208
26329,-1408,18471,12646,32467,-7152
-24674,-1440,-9569,24834,6244,-2276
-15980,-1376,15104,23814,-8628,4584
-22105,-1440,17076,2918,1080,5704
-21395,-1440,-1892,9842,4820,4480
-13569,-1408,1083,-2762,5872,4620
-6628,-1456,5689,-16794,12808,3164
-3108,-1408,6585,-8014,16872,3992
-2048,-1392,6437,-9954,18168,4660
1856,-1392,4733,-9182,18932,2220
4542,-1456,-5973,-6362,23204,1208
140,-1392,-9332,-6182,21276,2428
-1895,-1392,-539,-3618,19124,1616
543,-1424,3385,-1878,20000,336
2220,-1424,-1622,-1390,20588,888
2256,-1440,-4307,-246,18520,684
1759,-1408,-3700,786,17544,560
583,-1376,-3227,734,16532,624
-427,-1440,-3221,858,15560,456
-919,-1424,-3308,786,14600,408
-1168,-1392,-2735,798,14112,872
-482,-1424,-830,722,13608,800
571,-1424,1480,662,13956,960
561,-1456,1216,830,15564,568
557,-1408,296,366,16260,668
312,-1408,-650,2,16384,716
742,-1408,-294,618,16140,700
983,-1424,-355,126,17208,1356
0
17220,-1408,-32599,31817,-5240,4932
2586,-1424,-14972,31817,32467,-32768
-30514,-1408,-32598,742,32467,10868
-12184,-1424,16881,31817,-6120,728
2991,-1408,32630,25678,13252,7268
-6497,-1424,12682,14782,11032,8436
-18448,-1440,12363,11070,5176,6792
-20851,-1408,10209,2222,9784,8592
-11804,-1424,-2493,-13398,16424,9360
-3359,-1392,-568,-17790,14020,8852
-1233,-1424,5644,-15606,17280,8120
-6192,-1424,5494,-17162,21304,9980
-4498,-1424,2402,-9214,17572,5064
2930,-1424,-5307,-5010,19948,3492
5019,-1392,-7869,-5554,16376,2196
3499,-1424,-2576,-4778,13864,372
2302,-1424,574,-2218,14796,-776
1869,-1408,-2036,-326,15628,-648
821,-1408,-3059,-698,14812,320
-1011,-1376,-996,-834,13360,920
-2049,-1408,2486,-582,13628,504
-542,-1440,3570,-742,13508,544
996,-1376,4423,-582,15772,1908
784,-1408,2771,-366,18028,2364
454,-1408,438,38,18312,1440
898,-1392,763,-202,17800,984
1229,-1424,1520,-958,17256,1072
951,-1392,355,-794,17276,820
112,-1424,-537,-1374,16144,504
-348,-1424,-1274,-1018,15636,208
-697,-1424,-2382,-690,15212,24
-1490,-1424,-767,-594,14808,36
0
6546,-1392,-32599,31817,-4156,12372
-32558,-1424,14212,31817,7020,7288
-15924,-1408,-5739,31817,-5272,-760
-20921,-1408,11651,18,-5348,8072
-19407,-1440,-3169,6402,5980,7288
-11423,-1440,-2241,-5914,3516,6804
-7329,-1424,2168,-25934,11732,9208
698,-1408,8245,-14014,9556,10520
-154,-1392,11740,-18538,13676,9812
87,-1424,14429,-12102,16752,5268
-285,-1392,8596,-5778,22536,3540
111,-1424,-211,-3294,23900,1240
1251,-1424,-4475,-4238,21268,1124
1287,-1392,-3145,-2706,19016,656
720,-1424,-551,-2170,18336,348
794,-1408,-1537,-1178,17796,308
1521,-1440,-3580,-554,17468,900
1447,-1440,-5595,722,16572,1024
2138,-1440,-5685,870,15300,684
2972,-1408,-4846,182,14172,924
1974,-1408,-3610,222,14376,1532
474,-1408,-1980,-310,13560,1972
-537,-1424,121,-206,14304,1700
-380,-1424,1038,-394,15160,1432
-401,-1392,1713,-226,15972,1068
-1056,-1392,2326,-366,16576,1356
-1464,-1424,2528,-430,16668,1144
-582,-1392,2691,-234,16476,996
284,-1456,2938,-874,16152,1176
351,-1440,2048,-890,16064,992
0
27153,-1392,24,31817,10480,20188
12272,-1424,-32599,31817,6356,-25164
2227,-1424,-32599,24274,25572,-8680
-13974,-1392,-994,21402,18368,-3244
-12111,-1424,-32598,31817,1304,-4552
-19786,-1392,-14727,12910,-12608,8520
-32558,-1408,6166,11666,4000,4980
-27493,-1408,2768,-918,9016,6496
-19849,-1408,10452,-25042,18980,11492
-10635,-1408,19193,-7002,17868,11796
-1024,-1424,14801,-11806,24856,9564
-1082,-1376,2012,-10554,25232,9540
-1566,-1392,-1410,-6662,22196,7440
-2112,-1392,5397,-2298,19572,5232
218,-1424,-1836,546,22600,2184
1823,-1392,-12269,-842,18588,1728
1178,-1392,-10408,-318,15256,2176
539,-1392,-5099,342,14524,2040
1384,-1392,-2350,1030,14656,1500
2174,-1408,123,1078,14692,1544
2643,-1408,232,1198,14480,1108
3627,-1376,-1677,742,14148,784
5051,-1408,-2440,-130,13828,1040
4447,-1376,-477,-1298,13676,2056
2032,-1392,3087,-634,14688,2508
-155,-1424,5036,-206,16632,2336
-831,-1392,3561,482,18488,1868
-696,-1424,471,786,19192,1940
-777,-1424,-806,166,17896,2432
-826,-1392,-854,-162,17100,2672
-737,-1424,-1260,-418,16304,2688
-515,-1376,-1115,-778,15436,2564
0
-14429,-1424,32421,31817,24624,-16852
-30025,-1392,-32599,-9546,32467,1040
-24128,-1424,-32598,31817,22196,1820
-13471,-1392,-2975,31817,-21804,-6300
-32558,-1392,32250,4878,4460,8288
-29741,-1392,-4980,1694,15108,7312
-13015,-1392,-16711,-10074,9372,12396
-7527,-1392,5132,-22542,11656,14040
-4657,-1392,19184,-15558,14172,10644
633,-1424,14954,-13958,17600,7676
3443,-1424,4106,-9714,19016,6192
5672,-1408,733,-4914,18192,3692
5080,-1376,1212,-3318,19132,2048
3408,-1408,-2114,-3514,19452,692
2964,-1376,-5028,-1754,18512,-248
2357,-1408,-4011,-1062,17412,-404
1093,-1408,-991,-650,17264,12
726,-1408,-288,-186,16388,-56
1352,-1392,-2256,562,15784,-292
3226,-1376,-2983,622,14428,-316
3723,-1392,-3136,318,14936,392
2073,-1408,-708,-430,14248,984
-341,-1392,2460,-758,14960,1744
-1309,-1392,3865,-722,15796,1820
-1417,-1392,2791,-658,16684,1788
-1177,-1424,968,-434,16992,1940
-222,-1392,-858,-270,16856,1472
1028,-1392,-2221,-226,16656,1028
1855,-1392,-2602,-470,16728,896
2017,-1392,-2536,-554,16244,644
2214,-1392,-1680,-630,16036,392
2363,-1424,-402,-482,15628,164
0
-27931,-1408,-16704,15698,13552,5328
-32558,-1376,-21017,31817,7052,124
-25971,-1408,-32599,10238,-8204,5452
-26286,-1424,27764,3490,10644,9552
-21597,-1408,-908,-5738,18208,11360
-10668,-1392,-4174,-11246,9552,5412
-5341,-1376,19759,-14886,19276,11968
2070,-1392,17594,-7634,23384,4528
12175,-1424,900,-6254,24032,796
12173,-1392,-10429,-6950,21220,2148
-8628,-1424,5344,-2254,15484,484
-4688,-1408,3863,1154,18324,-1992
633,-1408,-1689,414,18188,-1188
1453,-1376,-4297,494,17060,192
750,-1408,-4004,1206,15936,236
965,-1408,-2559,1554,14716,-224
2190,-1408,-2068,1806,14464,-396
2570,-1440,-3075,1442,13840,12
190,-1392,-1213,314,13776,2108
-3662,-1392,4422,-22,14860,3596
-5070,-1424,7075,526,16564,3984
-3364,-1392,3469,1066,18664,3900
1884,-1392,-1528,1294,18320,2552
7363,-1408,-3471,1226,17620,2168
9856,-1408,-4446,690,17116,1396
10928,-1408,-2920,106,16128,600
10752,-1408,-227,-390,15940,152
8752,-1376,367,-1010,16060,-252
5867,-1392,168,-1278,15640,-520
3354,-1408,-81,-1170,15092,-1200
0
-32559,-1360,-21565,3006,-1800,11840
23273,-1360,-32598,31817,8768,31968
-20666,-1392,23437,31817,20424,-13940
28911,-1392,-32599,22234,32467,-32768
-32558,-1392,-8642,-7242,12268,-4168
-31579,-1424,-11708,31817,3904,-7780
-18126,-1360,17404,18322,1236,11160
-28808,-1376,4666,7374,10904,7992
-25603,-1408,-15506,6814,10224,7644
-12261,-1408,-19587,-2182,12608,9688
-1935,-1376,-25923,-14366,17800,13588
1215,-1408,-25025,-14362,13668,17964
3736,-1392,-6693,-8942,12128,14304
8401,-1392,16083,-6434,16156,9824
12765,-1424,16862,-6006,21304,4972
14240,-1392,6594,-4818,22232,2172
10986,-1424,562,-3502,19384,2304
5191,-1376,5141,-2330,17420,2100
1415,-1408,10163,-1326,17520,1364
1037,-1408,5812,-690,18340,600
3243,-1376,-6910,42,19752,436
7059,-1392,-25981,914,18164,2152
5443,-1392,-21720,-1662,10100,4480
-676,-1392,-3347,-1182,10696,6648
-5930,-1392,12014,-574,11712,6180
-6233,-1392,13119,466,15308,4852
-3952,-1376,5486,434,16540,4644
-2177,-1376,2024,194,15296,4668
-1162,-1408,2543,-38,15180,4600
-1002,-1376,2732,-454,14940,4416
-678,-1376,3829,-134,15540,3812
-357,-1424,2894,306,16880,3288
0
