-32559,-1696,-6699,8990,12348,31700
-32559,-1712,-20249,8922,5580,24236
-32559,-1696,-12034,4438,2408,17684
-32559,-1712,10602,4870,1240,13352
-32559,-1712,13586,5782,1740,-1080
-32559,-1664,1019,3742,7712,-704
-32559,-1712,-30642,2786,1500,-4712
-32559,-1712,-26503,-1306,-4080,-7832
-32559,-1712,-21996,-2702,-3840,-9048
-32559,-1712,-23620,-3446,440,-6336
-32559,-1696,-27797,-2706,-1136,-15256
31043,-1712,-6441,-3190,-6704,-14180
29773,-1712,-4122,-1194,-1216,-14716
25528,-1728,-17798,2598,-544,-15472
23485,-1712,-15919,202,-1696,-18288
20578,-1696,-14176,-2050,-2388,-21028
14715,-1696,-13968,-1306,-2696,-21524
10251,-1712,-9977,-2174,-2328,-23760
7941,-1696,-6058,-2546,-1612,-22692
5795,-1744,-4127,-2466,-720,-21024
1474,-1680,-5978,-2082,232,-20572
-1374,-1728,-4649,-1906,572,-19328
-2434,-1680,-3006,-1546,896,-18084
-3107,-1728,-1639,-1918,216,-16088
-2891,-1680,-241,-1294,1220,-14280
-2876,-1712,-1372,-826,1124,-14772
-2181,-1696,-497,-994,1300,-14480
-2271,-1712,-488,-1222,1336,-13892
-1379,-1696,-203,-1294,1284,-13844
-680,-1696,595,-1342,1424,-13852
-573,-1712,408,-1754,1276,-13996
-719,-1696,352,-1934,1512,-14020
3
-32559,-1744,-19149,8054,14688,-556
-32559,-1712,-32598,6546,2524,-3484
-32559,-1728,-32598,3330,-2608,-6832
-32559,-1712,-28918,2042,-5316,-11552
-32559,-1696,3049,4922,-2336,-17356
-32559,-1696,18745,5334,-5764,-21484
28008,-1712,-16873,-8402,-2372,-11376
22439,-1728,-4821,-2962,-7600,-14924
10807,-1728,-9986,7498,-6840,-17440
14606,-1712,-17296,3362,-5668,-19876
13549,-1696,-15554,674,-7180,-21144
10403,-1712,-10020,-1518,-8140,-19896
7858,-1680,-6585,-434,-7412,-21808
5273,-1696,-8851,-202,-5216,-20228
1702,-1680,-7427,-642,-4460,-19156
637,-1728,-5249,-514,-2620,-18136
358,-1696,-3672,-154,-1588,-17112
209,-1712,-2422,-458,-1156,-15948
447,-1696,-1532,-426,-1036,-15528
33,-1712,-786,-10,-1084,-15156
-192,-1712,-177,194,-936,-14808
-409,-1696,-868,154,-576,-14420
-438,-1712,-1008,-106,-1072,-14508
229,-1712,638,502,-904,-14112
240,-1696,592,122,-1164,-14356
422,-1712,846,138,-796,-14412
689,-1728,741,134,-848,-14432
360,-1696,-132,102,-844,-14640
230,-1712,-654,10,-1080,-14840
-10,-1696,432,-1250,-2796,-14320
-591,-1712,-376,-218,-976,-14192
-1208,-1680,-1316,94,-1020,-14724
3
-32559,-1696,-14350,13506,20508,32767
-32559,-1712,-32046,11590,6772,24548
-32559,-1680,-17957,14030,248,6476
-32559,-1664,19984,9938,1288,2724
-32559,-1712,25375,19418,12268,-3468
-32559,-1712,-27259,7926,4828,-5700
-32559,-1696,-30971,5370,-5280,-10300
-32559,-1680,-19027,6282,-5516,-16924
-32559,-1696,-10295,3902,-4704,-10584
19842,-1696,-19968,-1650,-10332,-18580
15614,-1680,-9771,2106,-2496,-15560
13016,-1728,-4075,5630,-6944,-18856
16420,-1712,-9072,1866,-4728,-16640
19954,-1696,-10722,550,-7656,-16676
19407,-1696,-11035,2546,-6112,-16208
14115,-1744,-15296,-626,-4392,-18040
13489,-1696,-8481,1210,-5760,-20460
11662,-1696,-213,1126,-5260,-21160
9034,-1712,-772,3358,-4040,-22040
5321,-1728,-3021,2458,-2348,-19232
2068,-1712,-3439,3150,-1712,-17472
-1073,-1728,-2641,3162,-1840,-16964
-3022,-1696,-3565,2502,-2116,-15756
-2627,-1712,-2689,2350,-2604,-15352
-1315,-1712,-3,2530,-2420,-15024
-662,-1696,312,2534,-1764,-14892
-1650,-1680,-1148,3002,-640,-15596
-1698,-1696,-83,2018,-1092,-14008
-1726,-1712,-1532,2122,-948,-14468
-1416,-1712,-676,2178,-720,-14196
-1229,-1728,-1106,1770,-800,-14276
-1135,-1712,-2132,1410,-1084,-14108
3
-32559,-1744,4716,20078,3544,32767
-32559,-1728,8542,13378,9436,32767
-32559,-1712,-28743,8134,11308,32767
-32559,-1712,-29675,7682,5380,14104
-32559,-1712,7770,9318,-480,952
-32559,-1712,-32599,13606,3440,-8452
-32559,-1696,27718,4366,13540,-5696
-32559,-1712,-14596,9478,2704,-7068
-32559,-1680,-32598,9114,-1340,-11776
-32559,-1712,-32598,16534,-2636,-19908
-32559,-1712,-32598,18362,-7868,-32744
9569,-1728,-18178,-710,-5232,-22124
12643,-1712,-446,-410,-4252,-14596
3845,-1680,-11077,5698,-616,-19092
15213,-1712,-901,6650,964,-23404
31744,-1744,-8908,2146,-3232,-18284
19911,-1728,-6853,1618,-5152,-20900
4388,-1712,-3725,1790,-1760,-20440
4897,-1712,-3506,3254,64,-13624
-1170,-1712,-6623,5134,656,-18264
111,-1712,-7338,1946,624,-18052
1584,-1696,-425,2914,424,-19196
979,-1712,-52,3254,104,-15920
-793,-1712,-2281,3578,196,-15208
-1799,-1680,-1957,3550,472,-14364
-1195,-1712,-1308,3714,448,-14296
-788,-1696,-1514,3194,692,-13712
-594,-1712,-1298,3370,488,-14008
-123,-1712,-363,3302,308,-13876
-825,-1728,-1677,3618,472,-13956
-1623,-1712,-2979,4918,140,-14312
-4878,-1696,-7586,5582,412,-13960
3
-32559,-1760,20830,10930,1536,600
-32559,-1760,29590,11246,11264,-11732
-32559,-1712,-32598,4394,10972,652
-32559,-1728,-32598,7890,-708,-11960
-32559,-1760,-25367,8746,-2084,-21080
-32559,-1744,4584,8170,-1128,-21436
-32559,-1728,-7278,-6362,-1128,-9376
-32559,-1712,10531,378,-3344,-10324
20045,-1744,1638,11170,-9692,-18116
16962,-1696,-9413,9774,-4648,-17788
18401,-1712,-10812,6750,-6508,-19544
13111,-1712,-6800,5546,-7032,-21972
7740,-1696,-2488,4818,-6556,-20780
4326,-1712,-4996,4478,-5464,-20184
2399,-1744,-8007,5310,-1124,-17376
-662,-1728,-3974,3166,-2340,-17260
-2249,-1712,-2304,4082,-2088,-16480
-2752,-1712,-1594,3490,-1520,-15232
-1831,-1760,-2298,3338,-1432,-14672
-1551,-1712,-1295,3394,-1296,-14208
-1556,-1744,-785,3306,-1100,-13740
-1369,-1728,-818,3074,-1172,-13596
-607,-1744,-1000,3326,-1136,-13660
-574,-1712,-1553,3194,-1140,-13616
-679,-1728,-937,3302,-1080,-13968
-743,-1712,-1315,3174,-1036,-13896
-639,-1712,-1504,3234,-1040,-14080
-381,-1696,-979,3322,-956,-14588
-336,-1744,-984,2974,-840,-14468
-486,-1744,-578,2942,-928,-14364
-377,-1728,-186,2902,-908,-14624
-516,-1712,-567,2994,-920,-14496
3
-32559,-1728,17307,17706,13732,32767
-32559,-1712,7422,5298,18936,32767
-32559,-1744,-21212,6002,9592,26404
-32559,-1728,-13547,7002,3372,9844
-32559,-1776,7965,8774,3640,3400
-32559,-1696,12336,7398,6468,-6068
-32559,-1712,121,4550,6436,1568
-32559,-1696,-11873,6490,348,-8424
-32559,-1728,-17867,4042,1292,-8436
-32559,-1712,-32598,7342,-2524,-14072
-32559,-1728,-32598,10014,-400,-15052
-32559,-1712,-29796,4998,-4264,-21068
16245,-1712,1472,5330,-1412,-16372
17412,-1728,-12233,7386,904,-17000
9732,-1744,-7006,9158,768,-21644
20644,-1728,995,7466,-2104,-21572
15809,-1728,-2706,3234,-3176,-18388
5005,-1744,-4908,4238,-2848,-19420
1509,-1728,-8570,7466,1988,-20276
2048,-1744,-5328,5166,828,-18180
182,-1696,-5635,3670,-280,-16920
2134,-1728,906,4418,624,-16688
1138,-1712,-1124,4538,792,-15236
-661,-1696,-2758,4026,696,-14724
-1322,-1712,-1753,4290,716,-14556
-863,-1712,-1087,4210,840,-14144
-531,-1696,-1663,4198,1500,-13788
142,-1776,-711,4406,1184,-14260
-251,-1696,-696,4158,1616,-13820
-741,-1728,-1131,4006,1400,-13996
-823,-1712,-1115,4042,1508,-14020
-831,-1696,-512,3922,1416,-14044
3
-32559,-1712,5765,12406,2364,1064
-32559,-1712,31942,9294,6504,-6448
-32559,-1696,16633,3930,6824,-1564
-32559,-1744,-745,7938,-472,-11716
-32559,-1728,-14229,7390,-1488,-13248
-32559,-1744,-32598,11954,-4076,-14608
-32559,-1712,-32598,15962,-2656,-24272
14364,-1760,-10748,2082,-14864,-21088
6660,-1712,-17829,5450,124,-16976
5283,-1728,-20111,6286,-948,-18372
11668,-1728,-2571,8402,-5328,-22696
21485,-1744,1120,3362,-2160,-18076
12465,-1728,-5213,2650,-3712,-18620
6936,-1712,-1857,2758,-4244,-19644
2886,-1712,-11219,5706,2856,-15824
1975,-1760,-8114,4138,-904,-18504
986,-1680,-1807,2670,-1968,-14392
1461,-1728,-2599,2810,376,-15780
295,-1696,-3254,3034,-532,-16068
-535,-1744,-1052,3834,-308,-16112
-1358,-1728,-673,3902,380,-14992
-2149,-1728,-1172,3326,568,-14380
-1829,-1712,-2354,3538,2300,-14080
-2268,-1744,-1607,3186,832,-14620
-2010,-1760,-924,3238,676,-14124
-1747,-1744,-993,3202,804,-14156
-1246,-1696,-769,3118,700,-13808
-1309,-1712,-1184,2882,1032,-14556
-967,-1680,-1104,2906,1088,-14084
-778,-1728,-692,2830,800,-13924
-686,-1744,-744,2902,888,-14380
-567,-1696,-628,2526,536,-14428
3
21161,-1680,80,26426,13188,32767
-32559,-1728,5702,18706,10428,32767
-32559,-1744,-18532,11106,13964,32767
-32559,-1712,-32598,11566,8164,17624
-32559,-1728,-18132,9862,-4552,-628
-32559,-1712,-32599,19978,3612,-6840
-32559,-1728,17097,6846,21648,-13624
-32559,-1712,-32598,4938,3124,-2408
-32559,-1744,-32598,10830,2536,-17404
-32559,-1728,-18854,20606,-5780,-32768
-32559,-1744,-21145,7062,-16696,-26676
13326,-1712,-8237,-606,3656,-27852
8801,-1728,-24221,7258,-5148,-21404
2293,-1712,-8490,9966,-3116,-18144
17887,-1744,3647,3066,-76,-15280
22187,-1696,-10012,890,-1604,-15384
23181,-1712,-5812,3430,-3984,-21112
11810,-1744,-1404,2042,-1620,-17876
7983,-1728,-6568,3182,-944,-18188
5586,-1712,-3008,3662,4,-17676
6124,-1728,-3170,3354,656,-16944
6635,-1696,-290,4102,460,-16932
3937,-1712,-1788,3758,720,-15976
1442,-1712,-3421,4942,468,-16732
-466,-1728,-6149,4086,628,-13696
-1401,-1712,-1347,4770,400,-16384
-1870,-1728,-1833,4430,644,-15004
-1554,-1728,-214,4630,880,-15196
-1294,-1744,108,4594,1304,-14556
-1889,-1744,-573,4238,936,-14192
-2221,-1712,-677,3990,1428,-14148
-1888,-1680,-540,3834,1332,-14000
3
-32559,-1696,6553,25014,7160,32767
-32559,-1712,618,13138,16064,32767
-32559,-1696,-32598,10014,13220,23540
-32559,-1728,-17863,10278,-928,1644
-32559,-1744,27363,11838,-1444,-3120
-32559,-1712,-32599,8386,8696,-15816
-32559,-1728,-12712,2526,7688,2636
-32559,-1744,-32598,7882,-256,-6688
-32559,-1696,-32479,7886,-2984,-14872
-32559,-1680,-18024,8410,-4484,-18624
-32559,-1712,-22223,6474,-2984,-16280
-32559,-1728,-5349,2818,-7948,-18316
18109,-1680,-10992,9158,-2628,-17960
13760,-1712,-13744,9602,-2860,-21264
16523,-1728,-3780,6310,-2756,-20492
12221,-1712,-7167,3782,-4544,-18680
6118,-1728,-5197,2682,-4660,-20356
3041,-1728,-4235,3798,-3776,-19920
2092,-1712,-4838,3442,-2652,-18680
-254,-1728,-4342,2738,-1600,-17280
-847,-1712,-2317,3046,-984,-16308
-887,-1744,-2555,3062,-856,-15456
-1357,-1696,-3551,4818,5244,-17224
-1248,-1712,-2564,3462,-684,-16632
-765,-1696,-1110,3066,-596,-14940
-734,-1696,-1086,2998,-216,-14816
-189,-1712,-479,2714,-176,-14272
-28,-1712,-599,2738,-312,-14580
-408,-1744,-644,2942,-188,-14580
-398,-1680,-676,2878,-124,-14536
-332,-1728,-616,2586,-100,-14540
-222,-1728,-168,2590,-196,-14600
3
-32559,-1712,12185,3158,8096,-4020
-32559,-1728,-8963,5094,5720,-1888
-32559,-1696,-23800,7510,-2588,-11396
-32559,-1664,-29021,4726,-3112,-9784
-32559,-1728,-27990,10570,-5048,-15296
-32559,-1712,-32598,14766,-7104,-23132
23361,-1712,-12065,-2114,-13880,-24932
13642,-1728,-6394,1878,-3012,-17680
5364,-1712,-18182,9646,-4216,-21308
11966,-1728,-3452,6058,-2348,-21988
18636,-1728,694,3706,-3884,-20196
6903,-1744,-5249,-62,-3552,-19116
1567,-1712,-4844,2410,-4236,-18540
-725,-1680,-3691,3322,-5460,-17560
-1633,-1680,-5718,974,-1056,-13380
-2187,-1696,-4791,922,-1076,-15116
-63,-1712,-50,2610,-1196,-16836
364,-1680,-2017,2198,-664,-14304
-819,-1712,-2405,2026,-1040,-14308
-607,-1680,-1527,2602,-640,-14508
-161,-1696,-1484,2230,-132,-14268
-168,-1712,-939,1750,-92,-14024
299,-1696,-1725,1958,512,-14156
1008,-1680,-1709,1974,-16,-14396
632,-1696,-1759,2066,212,-14404
256,-1728,-2101,2286,2108,-15084
393,-1712,-2111,2110,-112,-14880
521,-1696,-2121,1946,504,-14220
625,-1712,-1651,2286,424,-14732
388,-1696,-801,2190,276,-14856
43,-1680,-1189,2334,440,-14712
3
-32559,-1744,-15266,11478,-4944,-18644
28362,-1760,-11485,11250,-8136,-24948
21750,-1744,-446,11690,-9424,-20956
11965,-1744,-11421,10834,-7516,-26076
4527,-1760,-6669,7374,-10600,-23640
-2237,-1744,-5054,4162,-8556,-20532
-5644,-1712,-5986,4082,-7760,-19460
-6779,-1760,-6353,3238,-5072,-17236
-7324,-1744,-6682,2850,-3128,-15932
-6375,-1744,-2253,2550,-1724,-14620
-4768,-1728,-1451,2362,-1160,-13740
-3629,-1712,-2206,1730,-908,-13024
-3951,-1744,-3081,1178,-820,-12404
-2947,-1728,-2465,1606,-1844,-12716
-1097,-1712,-1704,2206,-1448,-14384
1201,-1744,1088,1498,-1604,-14128
1103,-1728,216,1186,-1628,-13732
196,-1744,-1626,1398,-1580,-14788
329,-1744,-1270,1774,-1360,-14952
-362,-1728,-739,1446,-1320,-15080
-1014,-1744,-583,1142,-1268,-14704
-1058,-1744,-1326,1226,-1444,-14812
-465,-1744,-614,1390,-1356,-14824
-516,-1712,-321,1142,-1328,-14644
-1034,-1760,-904,1086,-1180,-14332
-1369,-1744,-1564,1162,-1128,-14480
-1178,-1744,-1801,1178,-1136,-14708
-916,-1728,-1250,970,-1052,-14672
-940,-1744,-1121,954,-1144,-14428
-939,-1760,-1533,870,-1128,-14564
-1202,-1744,-1552,894,-872,-14408
-1121,-1744,-1188,1038,-616,-14624
3
-32559,-1744,-10441,9970,21532,32767
-32559,-1728,-23189,9606,6344,11328
-32559,-1760,1310,8370,-1188,5376
-32559,-1744,-31193,4494,-2012,-7288
-32559,-1744,-32598,6522,-3952,-13284
-32559,-1712,-32598,11654,-4900,-22664
-32559,-1728,-32598,-3338,-4148,-5848
22486,-1712,-1867,-5538,-1844,-12040
15333,-1744,-13355,5354,-1128,-17824
8302,-1760,-21509,9594,-1920,-17960
24268,-1744,2252,7498,-3548,-21484
28994,-1728,5,9446,-1380,-21260
12791,-1744,-11868,1502,-5132,-16992
-2397,-1744,-3720,5474,-6200,-31536
-46,-1760,-5893,4258,-3224,-19892
416,-1712,-2840,4406,-2220,-19048
757,-1728,-5858,2254,-688,-17436
1648,-1760,1357,3566,-612,-17012
-658,-1712,-2259,4050,236,-15884
-2262,-1760,-1466,3182,-1728,-15788
-2114,-1744,-966,3566,-184,-14732
-1690,-1712,-860,3030,220,-14096
-925,-1728,-199,3186,216,-13996
-542,-1744,489,3438,336,-14260
-682,-1680,320,3106,376,-13888
-640,-1760,-594,2942,508,-13672
-142,-1712,-576,2974,96,-14076
174,-1728,-221,2866,192,-14172
272,-1760,-513,2746,580,-14064
160,-1744,-1114,2898,428,-14308
3
-32559,-1712,-9850,5574,9736,-3512
-32559,-1728,-32598,12666,1368,-7260
-32559,-1776,-32598,21498,-3980,-28048
-32559,-1744,-21127,26634,-14284,-32768
-32559,-1760,-32598,-9738,-8944,6036
20297,-1744,7828,-1394,816,-13720
4194,-1728,-7224,13718,-3416,-16828
1529,-1728,-7153,12758,4856,-28100
17409,-1712,-3090,3430,-3108,-21596
11109,-1728,-2842,8078,-3604,-32768
-3169,-1712,-5304,2362,-8028,-27636
-700,-1712,-700,4658,-2680,-19376
-2329,-1792,-1283,3394,-596,-18132
-2419,-1744,-3482,3458,148,-16032
-661,-1728,-2345,2614,612,-14740
1061,-1728,-3189,3402,872,-12464
-541,-1744,-1110,4150,624,-14692
-1209,-1728,855,3498,732,-14220
-1116,-1744,404,3122,920,-14048
-499,-1744,-355,3154,304,-14060
387,-1744,1120,3670,1280,-14064
-131,-1728,1032,3374,1196,-14556
-771,-1744,420,2874,1196,-14036
-901,-1728,27,3358,492,-14744
-880,-1728,-556,3070,924,-14084
-819,-1712,-600,2802,848,-13632
-721,-1728,-772,2970,548,-13856
-446,-1744,-479,3614,672,-14456
-392,-1744,81,3206,660,-14120
-694,-1728,-551,3042,616,-13688
-57,-1744,-427,3222,856,-14216
-29,-1776,-458,3054,996,-14108
3
-32559,-1728,13002,28242,2568,32767
-32559,-1712,-7035,16102,16896,32767
-32559,-1712,-31692,16478,9816,16752
-32559,-1744,-8181,12634,-2704,6172
-32559,-1744,-32599,26058,-320,-9688
-32559,-1728,-18207,6250,27988,-11612
-32559,-1712,-32598,7842,4656,-14156
-32559,-1744,-32598,12202,5540,-29268
-32559,-1744,20044,18622,-18192,-32768
-32559,-1712,10647,31818,14044,32476
25350,-1728,-2349,-9878,436,-11360
1071,-1744,-11555,9382,-1552,-9020
3333,-1712,5583,11974,6968,-26832
28065,-1728,-1092,4118,1524,-23068
-32559,-1712,-17029,8158,1056,-22588
13349,-1728,5555,-2898,-3972,-18728
3234,-1744,-7184,2650,-380,-18504
2747,-1744,-2510,2942,1972,-19296
-1620,-1728,-6824,4942,2416,-17944
1336,-1744,132,2130,2180,-15660
3963,-1728,-39,3438,2388,-15496
1705,-1760,-786,4450,2244,-15148
-153,-1744,426,4370,1364,-15356
-824,-1760,901,4422,1536,-14972
-267,-1696,-22,4258,1672,-14172
-422,-1712,-932,4270,2548,-14560
-557,-1728,151,4270,1892,-13756
-199,-1712,57,4246,1876,-14032
-121,-1712,-1065,4018,1800,-13748
-176,-1728,-880,4002,1916,-13608
-199,-1712,-1179,4122,1928,-13508
212,-1760,-768,4178,1968,-13784
3
-32559,-1712,12980,19950,10952,32767
-32559,-1712,13004,8098,20016,32767
-32559,-1728,-31473,6298,14804,30808
-32559,-1744,-32598,9370,3460,9512
-32559,-1728,-15028,11370,532,2268
-32559,-1680,25352,12742,4088,-6712
-32559,-1712,-2084,1926,6408,2644
-32559,-1696,-18600,5322,64,-5948
-32559,-1712,-23689,3722,-2236,-10476
-32559,-1728,-26576,5578,-2480,-12312
-32559,-1728,-32598,8010,-800,-17348
28546,-1712,-24406,734,-6424,-19884
17305,-1728,-1392,7150,-936,-24404
18018,-1712,-6821,7414,-896,-19856
16174,-1744,-11118,7070,952,-19984
25346,-1728,-3331,5442,2460,-17088
18193,-1728,-7345,4482,460,-18696
6707,-1712,-10496,3766,-556,-18544
5685,-1728,-4709,6338,428,-20916
5205,-1680,1100,5302,1164,-19092
3319,-1744,-915,3090,1024,-16568
1741,-1728,-2602,3970,908,-16828
868,-1744,-2000,4746,880,-16448
-536,-1712,-1017,4902,1056,-15444
-2019,-1728,-624,4662,1172,-14780
-2206,-1712,-1404,4422,1420,-14016
-1069,-1744,-984,4630,1248,-14200
-497,-1696,-131,4482,1360,-13652
-408,-1712,-1,4274,1676,-13412
-22,-1728,-530,4430,1764,-13644
232,-1760,-656,4494,1760,-13716
160,-1712,22,4530,1760,-13736
3
-32559,-1696,10045,19658,11920,32767
-32559,-1680,-13375,11190,13940,32767
-32559,-1744,-32598,10930,7368,24068
-32559,-1728,-32521,12462,1648,4028
-32559,-1712,2642,11406,-288,-2724
-32559,-1696,26770,7962,4240,-8896
-32559,-1696,-13283,1354,8416,5024
-32559,-1712,-32598,3194,1388,-3744
-32559,-1728,-32598,4814,-392,-14568
-32559,-1712,-13898,5758,-4624,-22688
-32559,-1712,-26877,230,1744,-14760
-32559,-1696,-15903,3734,-8452,-22872
21489,-1680,-2294,6710,-2372,-23204
20917,-1728,-6354,7690,-1632,-19080
13965,-1696,-14459,4330,-2784,-19752
14802,-1712,-4822,4134,-2968,-20136
9369,-1744,-13039,4614,1648,-15736
5903,-1728,-8548,2714,-800,-19428
5321,-1744,-1642,3282,-1252,-17832
4131,-1728,-2300,2906,136,-16616
2825,-1696,-3803,2650,532,-15248
3000,-1680,-609,3662,104,-16092
2637,-1696,-301,3494,664,-15032
1716,-1696,-1804,3426,432,-14792
2707,-1680,-1228,4418,876,-13416
1053,-1728,-713,4570,80,-14624
179,-1712,-2337,4102,1004,-14308
206,-1712,-2934,3890,960,-14092
1031,-1728,-545,4366,796,-14480
880,-1712,-1011,4466,1512,-14616
474,-1664,-492,3990,1360,-14480
-129,-1696,-626,4094,1548,-14644
3
32366,-1712,1600,24434,8756,32767
-32559,-1696,6538,14338,15448,32767
-32559,-1728,6984,10506,1788,-576
-32559,-1696,-32599,15282,1688,-13148
-32559,-1712,-5987,3138,9256,-2168
-32559,-1744,-32598,6206,-1928,-9340
-32559,-1728,-32598,5034,-3908,-14476
-32559,-1712,-22855,9110,-4936,-20024
-32559,-1728,-32598,11958,-2868,-32768
-32559,-1744,-10172,-5174,-9296,-15436
15385,-1712,-9282,5814,1944,-19156
13208,-1728,-16336,8518,-804,-19400
5870,-1680,-4884,9282,-464,-23024
16635,-1696,-6109,5342,364,-18708
10963,-1712,-14570,4010,2340,-19560
7021,-1712,-6929,4930,648,-19288
2730,-1728,-3047,4914,544,-19796
1006,-1712,-2802,3754,1904,-17268
969,-1744,-1160,3822,2048,-16796
-408,-1696,-1722,4202,1800,-16032
-2125,-1680,-1690,3874,1376,-15336
-3228,-1728,-2294,4122,1540,-14508
-3086,-1696,-2374,4446,1828,-14344
-1817,-1712,-727,4582,1904,-14264
-1176,-1728,-17,4062,2076,-14116
-1001,-1712,303,3786,1988,-13768
-630,-1712,105,3774,2040,-13948
-704,-1664,613,3474,1812,-13764
-1136,-1680,-176,3494,1920,-13620
-950,-1760,-872,3462,2060,-13740
3
-32559,-1696,8148,22354,-3112,208
-32559,-1712,-32599,27006,17968,-9180
-32559,-1696,-32598,5682,11616,1792
-32559,-1696,-32598,17666,8244,-23968
-32559,-1712,-16729,24030,-6784,-32768
-32559,-1696,4128,31818,3660,22308
16773,-1696,1283,1990,12968,-11472
12405,-1712,-12336,2914,6712,-23548
-10825,-1680,17059,11810,4264,-32768
32185,-1712,7324,8506,1436,-19668
-32559,-1712,-24881,6574,2588,-22516
24669,-1664,12050,1570,-4960,-12328
-1178,-1712,-10990,5214,1848,-17328
4218,-1712,-7797,1770,2524,-12708
-2404,-1696,-6795,6578,1860,-18132
2269,-1712,266,3754,2640,-15488
3692,-1696,-3590,5110,2284,-15588
1194,-1712,-1238,5022,1988,-15920
-1025,-1712,-1074,4890,1820,-15036
-2013,-1664,32,4746,2060,-14576
-1205,-1680,-518,5070,2332,-14356
-311,-1696,-216,4810,2136,-14132
-829,-1680,373,4894,2348,-13868
-1108,-1680,1097,4610,2360,-13668
-1079,-1728,-305,4566,2696,-13728
-710,-1680,-356,4294,2344,-13552
-701,-1728,-152,4378,2396,-13404
-436,-1680,-342,4706,2420,-13720
-536,-1712,-531,4542,2428,-13640
-845,-1696,-1024,4562,2604,-13600
-725,-1712,-1289,4358,2352,-13632
3
30528,-1696,-623,23206,7184,32767
-32559,-1712,5808,16318,14672,32767
-32559,-1696,-23660,17122,14160,26336
-32559,-1664,-32598,15186,8884,9440
-32559,-1712,-12843,12790,-192,2360
-32559,-1712,-32598,2610,1112,-5916
-32559,-1696,-32598,8678,-2092,-15732
-32559,-1680,-21538,16094,-9636,-32768
-32559,-1680,-12448,-5826,-11624,-11148
-32559,-1696,3410,-3774,5112,-9048
29055,-1680,-14845,8162,-4148,-6424
10090,-1680,-16962,16950,1164,-31004
31624,-1696,13803,12038,3096,-20544
29476,-1680,-12368,12106,1860,-28600
24620,-1680,-4613,7810,-6888,-18916
7329,-1696,311,8238,1580,-19280
1884,-1712,-2798,6158,728,-18116
281,-1680,-9066,7554,444,-18164
-798,-1696,-2074,6202,1120,-16640
-250,-1680,-2025,6990,2336,-16180
-1752,-1712,-2417,6838,1624,-15692
-3158,-1728,-108,6910,1216,-15092
-4741,-1712,-896,6458,1744,-14088
-4767,-1728,-837,6302,1768,-13760
-4081,-1664,-592,6318,1792,-13640
-3992,-1680,-384,5822,2012,-13144
-3694,-1696,-516,5646,2156,-12720
-2979,-1680,-748,5494,2200,-12908
-2437,-1648,-861,5542,2256,-13140
-2298,-1696,-976,5326,2376,-13188
3
-32559,-1696,-30754,7294,3436,-8176
-32559,-1664,-32598,7238,-3468,-16164
-32559,-1712,-19221,2602,-5532,-18880
-32559,-1696,1637,7854,-3456,-18604
-32559,-1712,-32598,-1202,2224,-15364
23041,-1680,8149,1838,-13664,-28500
12027,-1696,-26315,8650,3632,-21792
5938,-1712,-14396,11330,2960,-20500
19805,-1696,2113,8870,2628,-20840
19261,-1696,-11955,5506,1344,-18108
15700,-1680,-9571,6138,240,-18620
5443,-1680,-1011,5550,364,-19636
-352,-1696,-6888,4858,3012,-17536
-1762,-1680,-4648,5070,2336,-17480
2620,-1728,1281,4946,3212,-16196
949,-1680,-1362,4658,2584,-16040
-2345,-1680,-970,4010,2704,-15068
-3533,-1664,-428,4658,2680,-15076
-2937,-1712,-738,4542,2976,-14588
-2709,-1680,-671,4258,2708,-14124
-3397,-1696,216,4206,2568,-14388
-3231,-1648,961,4278,3100,-14160
-3073,-1664,75,3334,2964,-13544
-2516,-1664,409,3426,2528,-14152
-2369,-1680,1441,3186,2748,-13720
-2801,-1696,460,2806,2976,-13472
-2910,-1680,-1021,2694,2328,-13392
-1884,-1680,-482,3134,2356,-13852
-1149,-1696,-646,2998,2296,-13516
-1061,-1680,-477,2998,2400,-13588
-1069,-1680,-678,3114,2692,-13592
-1046,-1728,-1425,2982,2608,-13760
3
-32559,-1696,-32195,18514,2560,-31360
15973,-1680,-13316,3502,-2772,-26944
5237,-1712,-6416,4866,-6572,-24452
5803,-1696,-8007,2310,-1032,-23328
8111,-1712,-10448,2334,280,-21476
1873,-1744,-3656,3046,2576,-22612
2174,-1696,-254,4654,1428,-18988
37,-1712,-3183,3734,2384,-16952
-2327,-1696,-2080,3762,1736,-15972
-2335,-1696,319,3578,1852,-14904
-2088,-1680,792,3306,2048,-13812
-1216,-1696,39,3514,2440,-13320
-767,-1696,71,4050,2676,-13216
-840,-1680,265,3794,2592,-13468
-893,-1696,-88,3686,2936,-13316
-491,-1680,-789,3294,2796,-13592
369,-1712,-600,3426,2208,-14192
890,-1664,932,3442,2252,-14192
162,-1712,799,3282,2516,-13976
-5,-1712,-52,3226,2548,-14208
198,-1696,-179,3486,2272,-14412
35,-1712,-86,3366,2084,-13932
-74,-1696,-357,3642,2016,-14348
-200,-1696,-452,3622,2140,-14132
-471,-1712,-361,3290,2072,-14084
-195,-1664,-1099,3502,2144,-13680
84,-1680,-837,3410,1936,-13912
-103,-1696,-212,3782,2192,-14020
248,-1696,219,3930,2176,-14016
-344,-1712,-765,3574,2132,-13704
-215,-1696,-1032,3662,2332,-13928
328,-1680,-168,3514,2184,-14112
3
-32559,-1664,-27784,7814,2168,-26180
20744,-1664,7390,594,-4088,-18612
2669,-1712,5415,2134,-1868,-25692
4185,-1696,-7549,5810,3480,-23748
-5333,-1680,-6645,8870,1660,-19952
-1808,-1680,4290,5362,3876,-14868
200,-1664,-3496,5766,3100,-15280
-3080,-1680,-2080,5326,2600,-14836
-4675,-1696,-704,5198,3124,-14292
-4609,-1696,261,5178,3044,-13540
-2843,-1680,767,5654,3260,-13252
-1886,-1664,-115,5326,3224,-13064
-2127,-1680,106,5130,2832,-12820
-2200,-1696,966,5202,3112,-12996
-2077,-1664,500,4838,3264,-12804
-1577,-1680,79,4518,3056,-13088
-1111,-1648,-53,4426,3160,-13252
-1089,-1696,155,4526,3112,-13784
-1515,-1680,153,4238,3272,-13376
-1512,-1696,-31,4274,3136,-13916
-1204,-1680,-553,4118,3056,-13584
-1235,-1680,-624,3962,2808,-13760
-1111,-1664,25,4250,2808,-13936
-1123,-1680,256,4054,2832,-13872
-1284,-1696,-75,4082,2920,-13480
-1422,-1680,-201,3954,2788,-13780
-1402,-1680,-443,3798,2848,-13720
-1206,-1664,-105,3806,2784,-13884
-1007,-1680,-621,3814,2732,-13736
-889,-1696,-618,3638,2672,-13700
-600,-1680,-556,3406,2800,-13516
-110,-1680,-479,3694,2760,-13720
3
-32559,-1664,-32598,17706,11532,-32768
-32559,-1664,14347,-4658,-5100,-2476
11227,-1712,3112,7222,3552,-25928
3057,-1680,-8410,5930,948,-23864
7483,-1696,-6685,9754,-2436,-28436
7427,-1648,-1044,-1274,-5828,-17452
2554,-1680,-1561,802,-3016,-18536
2102,-1664,449,3462,-960,-18124
-2800,-1680,-4728,3974,1108,-16372
-2520,-1696,2113,3462,472,-14540
-1315,-1696,-124,4338,1084,-14324
-1738,-1680,-1106,3934,252,-13880
-2323,-1664,-3935,3978,272,-13180
-2062,-1680,-2217,4066,232,-13740
-668,-1696,-1160,3438,576,-13384
-28,-1696,-221,3414,1028,-13632
789,-1680,545,3566,1304,-13748
622,-1680,236,3362,1464,-13528
278,-1680,302,3438,1208,-13752
151,-1680,-311,3470,1392,-13916
42,-1696,-864,3010,1084,-13840
586,-1712,-806,3410,1120,-14144
1144,-1680,19,3566,984,-14204
600,-1664,-348,3438,1036,-14180
682,-1680,-759,3834,996,-14172
554,-1696,-911,3722,876,-14048
163,-1664,-638,3706,860,-14400
382,-1648,-973,3970,1124,-14356
292,-1664,-1550,3762,1024,-14432
-79,-1712,-1448,3770,1244,-14240
-229,-1648,-1676,3966,1072,-14368
-120,-1696,-977,4006,1264,-14384
3
-32559,-1680,-26422,15298,3812,1112
-32559,-1680,5157,15862,2764,-324
-32559,-1680,-32599,18834,5112,-10040
-32559,-1664,7778,3938,9580,1960
-32559,-1680,-24071,10598,780,-11168
-32559,-1664,-29435,7034,1900,-11716
-32559,-1680,-32598,15382,-5044,-22860
-32559,-1680,-32598,16042,1616,-32768
-32559,-1696,8970,12102,-12148,-32768
2720,-1648,-28945,9250,5292,-24440
3651,-1664,-8027,10290,-4108,-24660
322,-1712,13643,9346,-3268,-25652
13715,-1680,-11253,7130,-2740,-23220
8935,-1696,-6405,2366,-4252,-20924
3780,-1680,772,2866,-1472,-17088
2416,-1664,-795,4270,-960,-16972
297,-1696,-3207,5154,368,-14284
2146,-1648,-996,4938,768,-13704
1960,-1696,-2179,4626,1340,-12888
1805,-1696,-1712,5482,1408,-13428
1203,-1680,-893,5418,1460,-13284
797,-1712,-2098,4810,1392,-12684
1209,-1664,-3325,4962,1640,-13092
2696,-1680,-1034,5598,1828,-13868
2682,-1696,-843,5682,1980,-14168
1089,-1680,-1823,5430,2068,-13976
61,-1712,-2487,5394,2060,-14360
212,-1696,-1672,5442,2036,-14452
71,-1712,-994,5362,1696,-14616
-734,-1664,-1269,5226,1644,-14640
-974,-1680,-1648,5074,1956,-13780
-686,-1680,-1243,5342,1204,-14056
3
18767,-1696,-440,31754,304,32767
-32559,-1712,20408,16154,20164,32767
-32559,-1696,-29219,16274,16932,32767
-32559,-1664,-29118,17858,8288,9520
-32559,-1680,4808,18698,3856,3700
-32559,-1664,15217,19646,20960,-10860
-32559,-1648,-32598,6450,7948,-3276
-32559,-1680,-32598,9030,5972,-16740
-32559,-1664,-28243,13150,5220,-32488
-32559,-1680,-28401,-8898,4000,-16232
16848,-1680,12717,-14834,-4452,-13128
11424,-1664,2574,1074,-4524,-15520
14532,-1712,-4353,-3142,-3416,-20656
21285,-1680,-10414,-798,-3844,-16360
19501,-1680,-142,-4138,-1584,-13248
17108,-1680,-3892,-2410,-360,-13876
17746,-1696,-7793,-818,-544,-14732
17937,-1680,-3372,-422,168,-15608
16781,-1664,-4693,454,-200,-15644
15853,-1680,-3038,1130,-2956,-15340
13884,-1696,-6146,3982,1592,-18104
12987,-1696,-3201,5302,988,-18728
10663,-1680,-2917,5142,2164,-17492
8932,-1680,-1712,6098,1316,-17184
4341,-1664,-1229,4866,1804,-17228
1605,-1712,-2963,4258,2108,-16596
2277,-1664,-754,4650,1428,-16660
2209,-1664,680,4398,2204,-15868
972,-1680,1880,4546,2344,-15172
238,-1696,397,4850,2608,-14416
121,-1696,168,5214,2404,-14124
-692,-1648,-73,4982,2328,-13340
3
-32559,-1680,-23847,11114,9180,32767
-32559,-1664,-32598,14054,5088,14316
-32559,-1680,-13914,16018,-480,1484
-32559,-1664,30186,18458,5944,-5736
-32559,-1632,3194,2794,18132,-572
-32559,-1680,-32598,1198,8508,-9132
-32559,-1664,-32598,3518,5840,-13704
-32559,-1680,-8043,1546,1160,-20244
-32559,-1696,-29002,-3826,10576,-19700
31473,-1696,4977,-9030,-4248,-23340
14634,-1680,7702,-474,-1048,-19892
14295,-1664,-1051,238,604,-16780
7914,-1680,-11452,-1722,-560,-13184
11338,-1696,-5814,-5138,692,-14240
14970,-1632,-3536,-3570,-796,-15112
16323,-1648,611,-3222,-1252,-15360
16474,-1664,2151,-2878,-2328,-15092
15635,-1664,3886,-1766,288,-14192
14866,-1680,36,498,1312,-16080
14138,-1664,1028,2850,-280,-16716
12542,-1648,-1474,2022,1492,-16232
10047,-1696,-2161,2634,-4,-17192
8586,-1632,-3391,3718,784,-17932
6492,-1680,-3673,3594,916,-17680
4453,-1664,-2288,3614,-56,-17648
2320,-1648,-1345,3754,484,-17100
891,-1696,-2648,3342,1348,-15872
986,-1664,-1512,3502,1044,-15392
931,-1680,-137,3962,1156,-15204
232,-1664,142,3594,1816,-14376
72,-1680,-477,3690,1664,-14284
839,-1664,235,3958,1448,-14048
3
-32559,-1680,15909,28194,280,32767
-32559,-1664,-13747,13670,10428,32767
-32559,-1680,-32598,18246,8168,22372
-32559,-1664,-32498,19954,6620,3604
-32559,-1680,15635,18622,6344,-5408
-32559,-1680,29494,6834,23120,-12160
-32559,-1648,-32598,2078,21348,-11352
-32559,-1648,-32598,4014,6236,-16364
-32559,-1664,2011,6266,-2960,-28260
24422,-1648,-30139,-12578,17220,-9220
10578,-1680,-10205,-9610,1524,-20796
16155,-1648,8067,-1414,2712,-16048
4011,-1680,1477,-1506,-40,-21540
19551,-1664,-2516,-3358,2548,-13392
17570,-1712,-867,-4994,-432,-17200
18747,-1664,11694,-3446,2308,-15524
18892,-1680,2874,-2314,1180,-14992
15965,-1664,1381,-1654,-60,-16768
13770,-1680,1918,106,-524,-18288
9079,-1680,-5386,-2754,1884,-12648
5610,-1696,-2871,-1630,-724,-17456
8983,-1648,3435,-26,768,-18068
10308,-1664,3120,-6,640,-15936
9383,-1680,3961,1202,420,-16912
7190,-1680,1577,2370,1112,-16856
4841,-1664,242,2310,764,-16264
2681,-1680,-537,2474,836,-16740
1404,-1664,259,2274,-60,-16348
1395,-1664,1180,1974,-252,-16008
1735,-1680,1640,1990,60,-15628
1442,-1664,2135,1974,-292,-15348
1056,-1680,1368,2138,172,-14664
3
-32559,-1680,-32598,18790,16824,32640
-32559,-1664,-32598,23982,7184,-2268
-32559,-1648,-32599,21430,-6052,-8464
-32559,-1664,-32599,28138,19552,-26904
-32559,-1680,-32598,3350,13076,9224
-32559,-1664,-32598,21134,13860,-19584
-32559,-1664,-8945,31817,-3876,-32768
-32559,-1680,-7804,-13070,4164,-2588
20742,-1664,-1714,2438,10816,-6592
-7326,-1648,-2628,5870,-1596,-14096
-6629,-1664,12568,14174,6796,-25524
16974,-1680,-6308,8210,780,-22036
29328,-1648,-13565,2946,2656,-21572
19931,-1648,-4012,2718,976,-19684
1404,-1648,4023,-1762,1140,-15852
2027,-1664,2310,3666,1860,-17952
-520,-1680,-856,3990,2460,-17124
-1365,-1648,3019,3638,3344,-15000
1067,-1664,-3818,4130,3980,-15304
-1042,-1648,-4500,3818,2900,-15144
-1464,-1632,-1595,3918,2432,-14668
-1939,-1648,-187,3834,2612,-14112
-993,-1696,889,3690,2820,-14032
-803,-1664,84,3494,3236,-13544
-1712,-1680,-132,3298,2680,-15068
-1608,-1664,-127,3582,2884,-13840
-1730,-1648,-1104,3382,2644,-13660
-1495,-1680,-285,3502,2976,-14288
-1188,-1664,-340,3066,3188,-13772
-1258,-1616,-441,2682,3068,-13592
-779,-1632,-312,2942,3200,-13692
-24,-1664,299,2954,3012,-13752
3
-32559,-1664,-3208,30002,272,32767
-32559,-1648,-22700,25550,10476,32767
-32559,-1664,-32598,29210,15720,29836
-32559,-1664,-32598,31817,7524,2736
-32559,-1648,-32599,31817,11520,-3936
-32559,-1664,-19006,7390,19224,-7924
-32559,-1680,-32598,9554,5328,-18684
-32559,-1664,-29721,11950,3344,-22084
-32559,-1680,-9027,8890,-652,-19860
22460,-1632,-31216,5514,5212,-18604
26191,-1664,11677,11538,1012,-21248
18082,-1680,5826,9602,7716,-19044
14393,-1664,-14819,9998,4780,-14800
18791,-1648,-5909,3750,3816,-26732
10659,-1632,2353,3398,1440,-30220
8815,-1648,-3262,4506,600,-22764
9289,-1648,2142,4038,1036,-19700
5823,-1664,3418,3382,2200,-19400
4455,-1648,5043,2306,2592,-17444
1321,-1632,853,2702,2796,-16504
-1045,-1648,-3512,3286,2924,-16568
-2353,-1648,-2057,3386,2108,-15876
-3611,-1632,-1973,3294,2684,-15056
-3670,-1648,-2439,3426,3080,-14992
-2710,-1696,-277,3494,3012,-14112
-2861,-1648,517,3174,3296,-13548
-2958,-1680,-260,2646,2968,-12708
-2679,-1664,-581,2914,3280,-13412
-1651,-1648,736,2814,3088,-14104
-723,-1664,849,2530,3312,-13052
-846,-1648,-702,2450,3480,-13156
-527,-1680,-1201,2546,3072,-13804
3
-32559,-1664,-2149,31126,5776,-32768
-32559,-1648,-6122,31817,-18716,-32768
9451,-1664,-32598,4390,25204,-9364
-5849,-1648,22714,-2354,-6412,-22064
-36,-1648,3480,3186,4080,-14828
6528,-1664,-9956,5330,-2244,-25192
8392,-1680,4191,-678,-1856,-12964
5472,-1664,5870,1038,2396,-15508
-377,-1696,-85,3622,2916,-14556
-6001,-1648,-2637,4862,4304,-16144
-2907,-1680,-352,4586,4348,-15256
572,-1648,-2277,3946,3844,-15056
1468,-1648,-699,3070,3764,-13116
-94,-1664,1504,3342,4724,-13124
-773,-1648,858,3766,4932,-13364
-363,-1680,926,3698,4736,-13568
270,-1664,972,4034,4704,-13568
240,-1664,2457,3926,4288,-13764
-1031,-1632,1112,3330,4124,-13936
-977,-1680,1380,3930,3740,-13908
-867,-1680,2904,3594,3536,-14032
-2138,-1632,1686,2970,3376,-13400
-2335,-1648,297,3642,3392,-13828
-976,-1696,697,3562,2816,-13912
-1224,-1680,2121,3202,2668,-13652
-2001,-1680,948,2982,2756,-13300
-1566,-1664,-579,3414,2724,-13800
-613,-1648,-714,3402,2436,-13836
-728,-1632,-700,3102,2336,-13412
-401,-1648,-402,3522,2484,-13996
-13,-1648,-564,3326,2276,-13960
-200,-1664,-583,3106,2312,-13956
3
-32559,-1696,5736,25274,8676,-7692
-32559,-1648,19105,18510,7960,-14508
-32559,-1664,-2264,17718,2572,-14508
-32559,-1696,-30842,13218,-1836,-16336
-32559,-1680,-32598,17678,-4192,-19096
-32559,-1664,-32598,26446,-1844,-32768
-32559,-1680,-20717,5618,-6928,-12408
17217,-1648,-10795,17234,-7012,-29132
3144,-1632,-15271,9510,-4904,-24732
4555,-1648,-3241,14290,-4212,-32768
3520,-1648,-5269,5066,-8092,-20320
269,-1664,-353,4230,-4428,-20676
-3585,-1648,-5699,5482,-3476,-18752
-8457,-1680,-6206,5774,-1032,-16836
-7539,-1664,2242,4322,228,-14784
-4791,-1680,-2007,3566,1320,-13240
-2687,-1664,-2561,4186,180,-13496
-4361,-1616,-950,3486,-1256,-16244
-3690,-1680,-2028,3394,-144,-13088
-2646,-1632,-1249,3914,160,-13360
325,-1648,1244,3694,724,-13856
1774,-1664,1563,2858,1060,-12712
1744,-1632,1965,2658,516,-13380
1165,-1648,1059,2982,392,-13952
302,-1664,-586,2830,324,-14096
395,-1648,-767,2990,196,-14332
1330,-1712,-588,2914,1732,-12072
366,-1664,-199,3510,-204,-15124
376,-1680,-714,3334,-148,-14168
-257,-1648,-960,3294,-172,-13924
-362,-1664,-1309,3914,-100,-14264
-496,-1680,-960,3478,-284,-13972
3
7565,-1680,-20040,27802,2232,32767
-32559,-1664,-3927,31738,952,32767
-32559,-1680,-10300,23862,10444,32767
-32559,-1664,-32598,29782,13072,22004
-32559,-1632,-32598,31817,7640,5608
-32559,-1648,-32599,31817,6432,-8356
-32559,-1664,22263,12018,19816,-13988
-32559,-1680,-32598,5366,2108,-3384
-32559,-1696,-32598,16458,464,-13304
-32559,-1680,-17540,20038,-2552,-24788
-32559,-1664,-24116,8482,2068,-8904
-32559,-1664,-9156,25182,1012,-23860
23651,-1680,-7194,16214,3164,-23524
9866,-1664,-25487,10722,3340,-29408
13879,-1648,7338,13178,-5712,-31528
5076,-1664,1513,7290,-3864,-29160
4290,-1680,-3231,6234,-3984,-21564
-1681,-1680,-6904,4482,-2288,-23032
-4306,-1664,167,6786,-1916,-19056
-2958,-1648,403,4938,272,-16204
-1751,-1696,238,3966,508,-13932
-3919,-1664,-660,4738,392,-15020
-3790,-1680,1393,4582,-292,-14412
-2562,-1664,3193,3958,-212,-13704
-1351,-1680,3197,3458,268,-13340
215,-1680,3403,3698,-12,-13188
637,-1632,2554,3586,908,-13548
735,-1680,2253,3470,-32,-13756
738,-1664,3133,3498,-44,-14376
-123,-1680,2393,3094,-144,-13208
-874,-1680,534,3250,-252,-14088
-242,-1664,1013,3294,-612,-13868
3
-32559,-1648,-17191,27786,1852,32767
-32559,-1664,-17964,25118,10992,32767
-32559,-1648,-32598,28214,12180,24988
-32559,-1680,-32598,31817,15336,10828
-32559,-1664,-24048,31817,18344,524
-32559,-1648,28231,31817,14340,-22020
-32559,-1648,17539,20894,19004,-18804
-32559,-1648,-32598,17894,9448,-23512
-32559,-1680,-32598,22890,8620,-31204
-32559,-1632,-9597,31126,-6528,-32768
17621,-1680,-27169,11194,11428,-21360
7425,-1648,-22135,8642,-2032,-20380
-503,-1664,11128,14010,1696,-14832
12162,-1648,458,12982,-5564,-23692
19857,-1632,-9980,10138,-1704,-28968
4567,-1664,-917,130,-5376,-15316
-1040,-1680,-2763,5006,-3436,-17740
-4245,-1664,-3419,5638,-1740,-19432
-1227,-1664,2513,5678,-724,-15776
781,-1648,2261,3822,36,-11796
-3459,-1664,-4692,3890,436,-13132
-5845,-1648,-5291,3786,-1020,-17344
-2461,-1648,-776,3894,652,-14628
-1133,-1648,-945,3246,784,-13332
983,-1712,-52,3318,824,-11112
1115,-1648,-363,4094,1640,-12884
824,-1696,1588,3730,1228,-13844
-101,-1680,-1423,3546,1660,-14188
-463,-1680,-1913,3286,408,-14120
-335,-1664,-744,4050,1512,-14248
-454,-1680,-124,3662,660,-13888
-190,-1632,-161,3506,824,-13860
3
32060,-1664,-14255,28250,-112,32767
-32559,-1680,-21744,21294,-1660,32767
-32559,-1696,-32598,22598,9116,32767
-32559,-1648,-32598,28914,13876,14868
-32559,-1680,3931,31102,5892,568
-32559,-1664,-32599,29290,7220,-23148
-32559,-1680,5073,9526,30208,-11840
-32559,-1664,-32598,9706,1352,748
-32559,-1680,-32598,24378,10412,-27208
-32559,-1696,-12864,31817,-7772,-32768
863,-1632,-8669,9826,80,-25260
8071,-1680,12429,10478,-6752,-27308
31184,-1664,-4285,9990,-4144,-25544
21005,-1664,-6830,2854,-5804,-15004
4889,-1680,-2923,3706,-484,-18384
419,-1696,-2276,6146,-1228,-22380
-2494,-1648,-4435,8514,-1128,-20412
929,-1696,-2472,6638,-100,-17664
-2158,-1680,-664,4810,-468,-15520
-4649,-1680,-1321,5694,-464,-15564
-4523,-1696,-552,5986,-172,-15520
-4192,-1680,79,5130,-136,-14192
-4288,-1664,-194,4894,-484,-13836
-3415,-1680,525,5130,348,-14240
-2685,-1648,1474,4518,248,-13652
-3971,-1696,-228,3814,-28,-13192
-3851,-1680,-1220,4018,-404,-13428
-2343,-1664,-341,3614,-268,-13464
-1314,-1712,101,3490,-200,-13284
-412,-1712,158,3658,-96,-13624
3
-32559,-1648,2744,26190,-1068,32767
-32559,-1664,119,21862,13192,32767
-32559,-1680,-27199,19438,17060,32767
-32559,-1680,-24215,23446,8556,8280
-32559,-1664,23286,26938,10404,1124
-32559,-1680,11109,25710,14676,-9084
-32559,-1664,-23042,23178,14788,-11524
-32559,-1696,-32598,12874,5024,-22660
-32559,-1680,-32598,15590,5468,-27964
-32559,-1664,-854,13594,-2092,-32768
32065,-1664,4184,15178,-196,-29388
24073,-1680,5954,11850,-5736,-24212
14733,-1696,323,14382,-3108,-17008
23453,-1648,-5037,12598,-760,-25564
10820,-1696,-3789,6026,-5180,-18612
2492,-1664,-5520,4202,-3648,-16292
-1949,-1680,-4448,6018,-1948,-19096
-1296,-1712,1013,5962,-436,-17964
-2496,-1680,-1392,3190,416,-15368
-3532,-1680,-721,2754,376,-14792
-2724,-1632,-660,4526,464,-14688
-1236,-1648,-83,4942,40,-14572
-1862,-1680,741,4142,44,-13672
-2479,-1632,354,4242,-180,-13772
-1478,-1648,399,4598,224,-13936
-991,-1696,134,4094,100,-13808
-1216,-1648,-370,3542,436,-13364
-882,-1648,-506,3974,548,-13932
-226,-1664,-997,4034,412,-14168
-370,-1680,-842,3326,324,-13680
-1237,-1696,-1381,3182,416,-13696
-577,-1664,-1593,3670,228,-14060
3
-32559,-1664,-1778,23138,5616,32767
-32559,-1664,-2002,24410,8344,32767
-32559,-1680,-29966,23242,16064,32767
-32559,-1696,-32598,27766,14372,18784
-32559,-1680,5385,31817,10208,6736
-32559,-1680,-32599,31817,15420,-21256
-32559,-1664,-32598,18566,17292,-11020
-32559,-1680,-32598,19426,8464,-19484
-32559,-1664,-28791,23186,-888,-32768
-32559,-1648,-11421,21070,-9552,-32768
28781,-1712,-18030,7086,7064,-18032
22694,-1696,-2731,14266,-3704,-26300
551,-1680,-6509,15390,-1764,-27040
22346,-1664,-1713,14022,-872,-25412
23198,-1648,-6075,9266,-1788,-24284
11866,-1680,-468,1382,-2520,-17868
5139,-1696,-2685,5314,-1840,-18840
1163,-1680,-3342,5630,-1056,-17716
-409,-1664,-2534,5750,-364,-20376
-2283,-1680,-7225,5254,1260,-15892
-2092,-1664,-2503,6030,884,-16056
-515,-1664,-321,5686,1352,-14508
-1461,-1648,-698,5658,1276,-14224
-2951,-1696,-375,6122,1504,-14032
-3315,-1648,-1646,6234,1568,-14108
-3074,-1696,-2283,5970,2148,-13952
-2054,-1648,114,5870,1936,-13860
-1378,-1680,926,4706,1828,-12856
-2026,-1664,346,4630,1732,-12848
-1229,-1680,1133,5362,1876,-13464
-313,-1696,1539,5194,1836,-12896
-1209,-1680,254,4766,1712,-12216
3
28445,-1680,2264,20666,9412,32767
-32559,-1664,2747,17206,15452,32767
-32559,-1664,-24609,20450,17952,32767
-32559,-1648,-32598,23946,11792,13972
-32559,-1648,1879,20474,5352,1476
-32559,-1632,-32599,23494,9796,-20676
-32559,-1648,-22625,11294,13688,-9052
-32559,-1632,-32598,16058,2012,-12776
-32559,-1696,-32598,19742,-4848,-24112
-32559,-1648,-25920,27154,-5572,-32768
-32559,-1664,-12363,8590,-7964,-25596
-32559,-1680,-14191,15526,4040,-23712
13312,-1680,-12113,13002,-3204,-20804
10935,-1696,-7019,8874,-88,-29584
17539,-1648,-10835,4386,-1196,-20288
10162,-1664,-4176,3262,-1804,-20704
7756,-1664,-1546,3394,-1344,-19364
3922,-1680,-8296,3382,3828,-9968
-3982,-1696,-10407,5362,3948,-16488
-4835,-1680,-3753,5606,2212,-14672
-1927,-1648,-2482,5258,1652,-14880
-1575,-1696,-892,5542,1360,-14112
-1747,-1680,578,5642,1664,-14136
-1738,-1664,889,5742,2348,-13256
-1293,-1664,71,5830,1996,-13444
-1383,-1680,-54,5326,2052,-13348
-1165,-1696,945,5214,1728,-13456
-654,-1712,643,4618,1980,-13172
-323,-1664,304,4702,1772,-13296
-234,-1632,492,5018,1960,-13628
-337,-1680,1047,5154,2028,-13548
-1056,-1680,-92,4818,2152,-13452
3
-32559,-1680,5553,18102,13564,32767
-32559,-1680,-31283,19050,11836,32767
-32559,-1680,-32598,26662,15952,23136
-32559,-1680,-24736,31817,11952,6868
-32559,-1664,23205,31817,15200,-15204
-32559,-1680,-12558,10546,13492,-14344
-32559,-1648,-25673,8966,4540,-16348
-32559,-1664,-23523,11026,-92,-13404
-32559,-1680,-28706,17478,-4148,-25472
-32559,-1664,-16158,4898,-6436,-15376
19058,-1648,-17469,13510,-968,-17020
13758,-1680,-12245,10046,-4100,-21160
16461,-1664,-8625,10542,1892,-15128
22402,-1680,-10415,8302,-1904,-26356
23160,-1696,1850,7186,-3320,-20280
12969,-1664,-5444,5954,-3016,-20416
7017,-1648,-5343,6714,-3096,-19292
2461,-1664,-4841,7150,-2432,-19392
1806,-1648,-5570,6182,-500,-18040
-142,-1680,-4288,4418,-1096,-15920
-1983,-1664,-5888,5738,-1672,-14708
-3159,-1648,-4313,6418,-304,-16460
-2750,-1664,-1579,6018,916,-15284
-3092,-1664,-2224,5846,652,-14884
-2539,-1680,48,5662,1436,-13720
-2244,-1696,79,4862,1316,-13320
-1741,-1680,1068,5086,1020,-13508
-1671,-1680,-155,4954,1288,-13508
-1190,-1664,173,4690,1048,-13528
-276,-1648,1292,4530,864,-13528
-590,-1696,414,4682,1504,-13208
-338,-1648,-478,4854,820,-13956
3
22936,-1664,-14175,25942,10100,32767
-32559,-1680,-12171,21010,6408,32767
-32559,-1680,-29083,18598,10432,32767
-32559,-1664,-32257,17934,9848,13664
-32559,-1680,-4136,18418,7092,944
-32559,-1696,-32599,23354,13192,-12916
-32559,-1664,-32598,11174,18988,-2564
-32559,-1680,-32598,14938,2084,-17012
-32559,-1664,-32598,13354,-1180,-25620
-32559,-1648,10383,12594,-4020,-25844
-32559,-1680,-25742,6702,11520,-30256
-32559,-1696,2866,14958,2920,-27016
24392,-1616,-12585,17330,5588,-19100
6249,-1680,-11029,9506,2452,-27956
3049,-1664,-12475,5858,-2684,-25096
7572,-1648,-1143,4658,-3656,-25008
7280,-1696,-1136,3054,-2100,-21628
208,-1664,-4042,3294,-232,-19060
-5544,-1648,-3218,4802,1352,-17948
-6689,-1664,-3522,4562,1968,-16228
-4118,-1680,-4170,5006,4176,-16300
-2588,-1664,-360,4270,288,-15240
-2045,-1664,1128,3690,1392,-14500
-2442,-1680,1390,3142,1808,-14328
-2387,-1696,1359,3122,2024,-14096
-1653,-1680,2039,3058,2052,-14336
-1336,-1664,2101,2890,2112,-13956
-1327,-1664,1487,2510,2108,-14012
-1343,-1680,2192,2346,1732,-13896
-1274,-1664,2518,2354,1516,-14164
-1508,-1712,1442,1998,1632,-13836
-1483,-1632,301,1874,1288,-13688
3
25932,-1648,-10426,28630,11908,32767
-32559,-1632,-2685,20666,19224,32767
-32559,-1680,-31170,19634,19412,32767
-32559,-1664,-29550,19786,12808,11984
-32559,-1664,-321,21702,8024,940
-32559,-1648,11519,27974,23512,-11892
-32559,-1648,-32598,17142,23200,-10920
-32559,-1696,-32598,19670,11556,-28840
-32559,-1648,710,20258,-2536,-32768
-32559,-1696,-11267,7062,5388,-32768
19559,-1664,-12260,5906,-6828,-32768
23586,-1680,12058,10170,-924,-26484
5840,-1664,9168,12362,-10464,-18080
27594,-1648,-8061,9090,-1816,-22332
24269,-1648,-5620,1006,-3308,-15288
15045,-1632,-449,5106,-1432,-18232
11610,-1648,-377,6318,-1916,-19320
7726,-1648,-3657,6694,-880,-18120
3931,-1664,-5866,3366,132,-14292
2262,-1648,-5946,4994,232,-16240
1737,-1680,-1279,5238,196,-16652
1007,-1664,-395,4886,332,-15820
82,-1648,-2032,5270,632,-15176
-1177,-1680,-2464,5794,724,-15272
-2357,-1680,-1875,5738,740,-15172
-3402,-1616,-1961,5642,1224,-14732
-3336,-1696,-1347,5118,1176,-14324
-2507,-1664,-854,5410,1052,-14412
-1567,-1680,-572,5590,2040,-14332
-1354,-1664,297,4530,980,-12360
-1903,-1648,-787,4898,1140,-13948
-1812,-1664,-1059,4558,1360,-13736
3
-32559,-1648,-20518,18506,18312,32767
-32559,-1648,-32598,22358,17636,28196
-32559,-1664,-32598,24686,8924,6216
-32559,-1680,21319,31817,10108,-11732
-32559,-1632,12895,17822,19120,-17596
-32559,-1664,-32598,11354,8512,-7196
-32559,-1648,-32598,17254,1324,-20204
-32559,-1664,-20524,20522,-2168,-32768
-32559,-1648,-7469,978,-8636,-12068
20947,-1664,-6024,10834,992,-26848
13145,-1696,-1807,9230,-4488,-28680
6682,-1648,-3369,12526,-2060,-27468
20430,-1632,-20164,5042,-144,-23504
16030,-1680,2787,2050,-3800,-20120
10707,-1664,-32,2830,-1480,-20300
7850,-1664,-2174,3758,-1728,-19704
6318,-1680,3222,3786,-6244,-17428
4825,-1664,308,5978,1100,-16376
-974,-1648,-5394,4186,544,-16260
-1274,-1664,1070,4250,160,-15468
-1123,-1632,596,4146,896,-14312
-1062,-1616,-1377,4746,968,-14468
-703,-1664,839,4722,-96,-13852
-990,-1664,1557,5022,1008,-14380
-1722,-1648,422,4438,1104,-13776
-1508,-1632,1110,4646,688,-13888
-1581,-1696,278,4622,1048,-13740
-1879,-1680,95,4174,928,-13852
-1741,-1664,-54,4186,916,-13996
-1641,-1648,-243,3906,980,-14088
-1396,-1680,232,3886,984,-13964
-1734,-1696,-448,3618,1084,-13836
3
-32559,-1680,11948,27330,7720,-12076
-32559,-1664,-8946,8458,15276,-7136
-32559,-1680,-32598,3418,5864,-9376
-32559,-1648,-32598,7534,3656,-15008
-32559,-1696,-2116,7006,940,-19496
-32559,-1648,-15714,5498,7692,-19772
-32559,-1648,12470,6402,-1816,-20744
28528,-1664,4845,10374,-2228,-30136
20364,-1648,-9063,12218,-2048,-27232
19505,-1648,-2418,5754,-3308,-24904
15285,-1696,-2605,2118,-4392,-23432
8721,-1648,-5150,1438,-4456,-21252
6552,-1664,-3246,2414,-3016,-21120
6597,-1648,-2152,-62,-1088,-17476
303,-1664,-7855,-146,872,-13512
-532,-1664,-6846,2098,880,-15524
1768,-1680,-89,4294,1252,-15280
2887,-1664,-460,4126,1728,-14448
2507,-1648,-721,4450,1492,-15172
1353,-1680,448,4518,1124,-15052
-229,-1664,202,3666,1288,-14752
1,-1680,189,4058,1500,-14960
267,-1664,1086,3618,1308,-14424
-694,-1664,-210,3962,1468,-14168
-1196,-1648,-541,3798,1228,-14032
-1391,-1696,-851,3738,1360,-14212
-927,-1680,-127,3586,1360,-14072
-565,-1632,108,3450,1144,-13808
-391,-1664,-560,3922,888,-13980
-321,-1680,65,3874,1168,-14076
3
-32559,-1664,-19570,17802,18156,32767
-32559,-1632,-32374,14946,19080,25984
-32559,-1632,-17818,16446,7100,4424
-32559,-1648,23971,22574,5892,-2472
-32559,-1664,18373,20398,21916,-15636
-32559,-1648,-32598,11906,5420,-10016
-32559,-1664,-32598,16378,2280,-17224
-32559,-1664,-23907,17290,-2444,-26420
-32559,-1648,-20125,2978,-6752,-14020
23829,-1664,3336,3266,-204,-18256
21569,-1648,-8116,3874,-3544,-12960
7207,-1664,-15129,10102,-1064,-23444
21223,-1664,-6614,9338,-3528,-22404
25934,-1680,-6737,7750,-2752,-24540
15943,-1664,-5056,3586,-2584,-19504
10908,-1648,-1366,6638,-2696,-21296
11352,-1632,5367,58,-8908,-15524
3674,-1632,-6749,5074,-1060,-17508
1138,-1616,-5354,5726,1124,-17924
1011,-1664,-1464,6110,1296,-18256
-146,-1648,-1403,4526,820,-15000
-989,-1680,-2576,5082,1072,-14720
-1278,-1632,-2548,5550,1496,-14740
-318,-1680,585,5602,1660,-14188
-1236,-1632,567,5226,2032,-13444
-1738,-1664,-173,5234,1540,-13236
-841,-1648,-753,5654,1508,-13488
-584,-1664,-125,5410,1644,-13584
-1282,-1632,-149,5090,1636,-13384
-1011,-1680,177,5410,1696,-13628
-784,-1632,151,5282,1668,-13604
-999,-1648,-181,5162,1672,-13696
3
-6734,-1632,-1328,-854,1828,-27748
-10647,-1680,4801,5986,116,-26656
25208,-1664,-14653,5702,1976,-23384
16882,-1648,-16345,878,2324,-12648
-695,-1664,2633,-1690,1336,-15684
-348,-1664,-2432,2530,3148,-16012
-4059,-1648,-5662,2830,2804,-15836
-1204,-1632,4384,3630,2976,-14340
2975,-1648,-917,3542,4324,-13816
1710,-1648,-1825,3778,2968,-13688
2008,-1632,2006,3906,2756,-13520
1730,-1680,2190,4114,2640,-13960
3086,-1664,3216,4214,2928,-13792
2712,-1680,1399,4314,3292,-13784
1816,-1648,1441,4358,3052,-13644
1331,-1632,1621,4282,3088,-13560
1085,-1616,816,4318,3032,-13632
714,-1648,667,4526,2736,-13788
144,-1664,980,4766,2832,-13892
-461,-1680,948,4562,2640,-13916
-1012,-1664,-385,4506,2620,-13768
-1156,-1632,-577,4774,2248,-14084
-1270,-1616,374,4462,2080,-14088
-1238,-1632,359,4366,2324,-13860
-906,-1648,172,4298,2280,-13836
-995,-1648,-463,4070,2256,-13592
-874,-1664,-467,4562,2008,-13908
-774,-1616,-4,4414,2200,-13820
-1364,-1680,-724,4062,2300,-13676
-1123,-1632,-1119,4442,2264,-14000
-851,-1648,-962,4186,2164,-13780
-1193,-1632,-627,4202,2400,-13628
3
7638,-1648,-22248,25426,16396,32767
-32559,-1664,-22555,22162,6128,32767
-32559,-1632,-32598,20046,12024,32767
-32559,-1632,-32598,26166,12980,21832
-32559,-1632,-32598,29802,9176,3092
-32559,-1648,-32599,29618,10936,-14148
-32559,-1632,-32599,18886,20972,-25340
-32559,-1680,-32598,11986,8928,-6280
-32559,-1648,-32598,19662,3256,-16172
-32559,-1664,-32598,31817,-1684,-32768
25434,-1680,-12931,-5334,-26668,1180
11278,-1632,-9794,-74,6132,-11808
375,-1664,-22562,8106,-544,-24552
4135,-1680,1138,5990,-948,-20268
22643,-1664,9518,2574,-3916,-28988
32364,-1648,-12814,3310,604,-16220
15284,-1664,-1245,1734,-3548,-20112
3264,-1664,-4750,4130,-1312,-19232
1117,-1680,-1597,3330,256,-19980
-232,-1664,-457,4746,308,-16744
2623,-1664,-1893,3058,52,-16436
-559,-1680,-5051,3550,-136,-16036
-3211,-1664,-4397,3962,536,-15172
-4262,-1648,-2950,4590,672,-15064
-3284,-1696,-2602,4574,1416,-14676
-2294,-1664,-1654,3290,1656,-12272
-2160,-1648,-1384,3722,1576,-13700
-1910,-1664,-154,3462,1276,-14012
-1390,-1616,-921,2942,1436,-13360
-839,-1632,-687,3602,2516,-14424
-882,-1632,13,3246,1468,-14248
-1344,-1648,-754,3106,1196,-14164
3
24356,-1632,1800,6866,11296,-28776
24668,-1648,912,5774,8424,-21216
14449,-1648,705,10326,7276,-28852
19199,-1648,4582,-50,-3868,-22724
22747,-1632,-17210,5726,2048,-18872
-963,-1632,-3513,-4102,472,-16564
-131,-1616,-3995,3262,2020,-18784
-3210,-1664,4550,2162,2296,-17156
-3160,-1648,684,2850,3200,-15308
1231,-1664,-4350,3658,3132,-15444
-41,-1632,256,3474,2632,-14992
-3031,-1616,-655,2558,2808,-14232
-3812,-1696,-721,2566,3252,-14272
-1765,-1648,101,2694,3416,-14568
-562,-1664,368,2190,3012,-14312
-1539,-1664,778,2002,3076,-14332
-2706,-1648,615,2094,3332,-13796
-2277,-1664,46,2154,3276,-13844
-1528,-1616,-639,2294,2748,-13924
-1060,-1664,-219,2370,3016,-14196
-866,-1648,362,2054,3292,-14008
-1207,-1648,781,1910,3176,-13868
-1099,-1664,135,1462,2928,-13892
-626,-1680,76,1734,2680,-14292
-934,-1664,203,1730,2588,-14360
-1295,-1632,679,1362,2560,-14308
-1038,-1648,-222,1214,2820,-14068
-968,-1680,333,1422,2936,-14100
-846,-1664,-1097,1418,3000,-14160
-591,-1680,-1527,1254,2956,-14260
3
-32559,-1664,-32598,22658,22796,32767
-32559,-1616,-32598,24086,15436,7756
-32559,-1632,-5974,23062,8684,-1548
-32559,-1632,12763,20214,24364,-19904
-32559,-1648,-32598,10234,11672,-5196
-32559,-1664,-32598,16362,5216,-22520
-32559,-1648,-4639,21622,-4216,-32736
-32559,-1680,-4960,1298,-2884,-13820
23980,-1664,-21905,6638,-2836,-15668
22101,-1648,-6018,8942,56,-14336
15467,-1664,-5444,7734,-3228,-15044
30007,-1664,-5136,11974,2596,-27860
-32559,-1680,1355,10178,-2516,-32768
19810,-1664,-5363,5350,-3324,-22364
4208,-1664,-6529,5474,-1028,-22048
-1184,-1648,-3759,6054,-380,-22644
-4268,-1632,-6359,5502,740,-16980
-2795,-1680,-3902,3334,252,-17896
-3038,-1648,197,3850,920,-16324
-5549,-1664,-2261,4654,1244,-15588
-5491,-1648,-479,4982,1432,-14908
-6130,-1648,-1303,4426,1552,-13500
-5513,-1648,-2283,4198,980,-13608
-3777,-1664,-1325,4114,1096,-13824
-2387,-1664,700,3658,1564,-13576
-2443,-1648,396,3122,1524,-13052
-2212,-1632,-866,3050,1844,-13260
-1281,-1648,-372,3222,1516,-13864
-615,-1616,419,2786,1524,-13868
-948,-1664,-309,2654,1744,-13632
-1098,-1648,-1621,2678,1220,-13864
-1025,-1648,-1436,2682,1256,-14188
3
27446,-1616,-6046,21446,13832,32767
-32559,-1696,-6699,15362,17448,32767
-32559,-1648,-31002,20846,17492,31068
-32559,-1648,-32598,25026,14796,15656
-32559,-1664,-25929,22662,8160,1472
-32559,-1648,19599,21726,5604,-11496
-32559,-1680,13939,10370,9108,-8412
-32559,-1664,-13049,12186,2696,-10000
-32559,-1648,-29819,14018,-1712,-13956
-32559,-1632,-29223,17934,-4692,-20156
-32559,-1664,-32598,20050,-6684,-28408
30200,-1680,-21936,10146,-8544,-27924
18170,-1648,-17283,9346,948,-16164
7408,-1664,-13553,11190,-1504,-24400
12917,-1648,-6274,10598,-1084,-25108
12383,-1664,-6309,4486,-4908,-21508
2323,-1648,-5165,1998,-3036,-20812
-2116,-1648,-5078,4142,-1652,-19732
-5543,-1664,-5854,4530,-268,-18264
-4939,-1648,-5782,3434,1256,-16120
-6169,-1696,-5293,3270,840,-15756
-5571,-1648,-3681,3198,1032,-14836
-2662,-1648,-1092,3558,1504,-14624
-1473,-1664,-6,2962,1324,-14428
-1444,-1648,617,2986,1684,-13916
-903,-1696,526,3026,1976,-13996
-862,-1664,-663,2582,1920,-13984
-1051,-1648,-720,2374,1548,-13664
-1009,-1632,-1083,2286,1888,-13932
-868,-1680,-1108,2346,1984,-14300
-499,-1648,-374,2098,1912,-14108
-277,-1664,166,2278,1712,-14464
3
-32559,-1632,-32598,11994,4320,-15300
-32559,-1680,-32598,13698,904,-21300
-32559,-1680,-8702,14934,-4488,-26368
-32559,-1664,-32598,13566,3608,-32768
-32559,-1648,-643,8014,-7804,-32768
25191,-1664,-9772,15910,-4628,-26548
9599,-1648,-12331,12990,-2536,-32768
8317,-1680,-7068,9058,-3696,-27744
1975,-1664,-3044,3630,-4192,-23940
-890,-1648,-2175,3614,-2704,-20568
-3024,-1664,-1550,5002,-1600,-18528
-3714,-1664,289,3718,-104,-15556
-7274,-1648,-5513,2078,300,-13664
-4837,-1664,-2681,2630,424,-14068
-2380,-1648,-392,2926,824,-14388
-203,-1648,-85,2846,768,-14268
-1722,-1664,231,2434,708,-13860
-3008,-1680,-53,1874,680,-14652
-2420,-1664,-172,1930,684,-14224
-1539,-1648,617,1654,1068,-14012
-1368,-1680,940,1834,1060,-13972
-1195,-1696,358,1782,1068,-13900
-1259,-1648,-472,1426,640,-13876
-971,-1664,-622,1338,556,-13828
-426,-1680,-721,1514,544,-14112
284,-1648,-102,1486,648,-14148
332,-1664,-45,1738,716,-14408
253,-1680,-857,1722,512,-14632
-147,-1664,-1126,1506,612,-14420
-445,-1664,-985,1602,412,-14548
-262,-1648,-684,1558,416,-14720
-54,-1632,-91,1498,480,-14792
3
-32559,-1664,-32598,31817,22064,-17956
-32559,-1696,-32598,20274,12656,-14336
-32559,-1680,-32598,15794,1404,-21864
-32559,-1664,8106,11562,-2732,-28308
-32559,-1648,-32599,15158,552,-28112
-32559,-1632,-22415,10346,9160,-32768
-32559,-1664,15002,4866,-10072,-32768
20230,-1648,5454,17934,-5748,-28324
7665,-1680,-3965,5794,-4148,-26980
2905,-1648,-5151,4518,-8556,-21776
4835,-1616,1733,3014,-7372,-20276
3293,-1664,-933,2470,-5424,-17092
2213,-1680,-4762,3774,-3868,-16308
-964,-1680,-3020,5154,-3280,-15892
-2847,-1664,-3792,4366,-1996,-15092
-2323,-1616,-5833,3942,-2088,-13560
-2798,-1632,-2056,4182,-3120,-16948
-1356,-1648,-1800,3722,-2100,-15304
-1038,-1648,-154,4210,-1740,-14264
-2199,-1664,-1328,4022,-1000,-14316
-3018,-1648,-1462,3442,-844,-14460
-2847,-1600,-718,3310,-1060,-14460
-2610,-1664,-77,2658,-1048,-14036
-2334,-1616,-430,2494,-604,-13888
-1440,-1664,-676,2554,-728,-13856
-841,-1680,-189,2358,-1116,-13748
-883,-1680,-661,2862,-1160,-14008
-522,-1664,-882,2798,-1136,-13872
-847,-1680,-1161,2618,-1024,-13904
-740,-1664,-686,2590,-1156,-14068
-254,-1680,-964,2354,-1212,-14176
13,-1664,-699,2390,-1108,-14324
3
18406,-1632,11120,22618,12056,32767
-32559,-1648,-25244,27682,17416,32767
-32559,-1648,-32598,28314,6084,28868
-32559,-1680,-25036,28998,12024,9260
-32559,-1648,1570,26862,12552,-3744
-32559,-1664,14105,23774,16012,-17604
-32559,-1632,-21443,15898,11612,-8236
-32559,-1648,-32598,15122,4060,-16316
-32559,-1664,-29528,20426,-788,-25260
-32559,-1648,-30140,31817,-4448,-32768
-32559,-1648,-32598,12050,-2200,-32768
8396,-1664,18104,14362,2708,-26940
-9369,-1648,-25658,4586,-3372,-28304
-7828,-1648,-10483,5602,-6164,-29780
9846,-1664,1489,2230,-5224,-24256
3041,-1648,-1503,-1478,-2664,-18784
-5911,-1664,-2982,-6,228,-17412
-6426,-1648,-3059,1046,136,-16520
-8544,-1680,-349,2142,1156,-14720
-4012,-1664,-786,-266,1524,-14576
796,-1648,-1369,442,752,-13972
-1186,-1664,-302,18,532,-14072
-1390,-1632,-1014,-54,664,-13836
-1221,-1680,103,242,1252,-13828
-27,-1664,356,62,1960,-13780
412,-1648,-613,-290,2072,-13820
981,-1648,131,-458,1920,-13928
1507,-1664,1001,-142,1784,-14396
1818,-1680,996,82,1664,-14436
856,-1664,-401,-166,1684,-14076
394,-1664,-702,-6,1320,-14544
711,-1648,-382,210,1528,-14628
3
18923,-1600,-16184,22338,2436,32767
-32559,-1584,-8320,18758,-2748,32767
-32559,-1632,-32598,18350,-3304,32767
-32559,-1584,-32598,20326,1496,24268
-32559,-1632,-14490,17806,880,11352
-32559,-1584,-32599,20594,7628,4108
-32559,-1600,-32599,24430,4188,-18284
-32559,-1600,-8333,12898,14004,-18260
-32559,-1584,-32598,8550,3620,-13600
-32559,-1600,-32598,11082,-40,-18324
-32559,-1584,-5060,13730,-4156,-23108
16877,-1600,-22174,13802,1632,-29916
9510,-1584,-5797,6378,-1632,-24152
13331,-1584,-8888,5962,-916,-23412
2927,-1584,2187,2098,-3480,-22240
-875,-1616,-3140,3266,-424,-19672
1794,-1568,-5361,3854,1576,-19976
-6382,-1584,-13779,2566,940,-16200
-3554,-1600,337,2034,1784,-17284
-50,-1584,-1672,3366,2748,-15176
-104,-1568,-4037,4134,5108,-15644
-2790,-1584,-2402,3722,1156,-15916
-2646,-1600,58,3338,2048,-14136
-2002,-1600,-833,3434,2440,-13992
-2038,-1584,-2085,3018,1956,-13796
-1743,-1600,-21,2762,2204,-13904
-1467,-1616,-726,2710,2348,-13616
-1267,-1568,-1415,2546,2008,-13628
-1349,-1600,-1485,2634,2220,-13916
-1126,-1568,-879,2598,2460,-14100
3
-32559,-1584,-6645,22014,6016,32767
-32559,-1632,-24241,18302,11364,32767
-32559,-1584,-32598,19870,6948,26316
-32559,-1600,-27935,18598,5728,6280
-32559,-1584,13052,21110,5048,-516
-32559,-1584,-32599,27354,6456,-16352
-32559,-1568,11805,13590,12984,-9536
-32559,-1584,-27423,12842,2012,-11640
-32559,-1600,-32598,12138,-2460,-14728
-32559,-1584,-27315,24194,-4984,-32212
-32559,-1648,-32598,31490,-3500,-32768
20499,-1616,5918,-11274,4536,928
-3254,-1584,-4694,-1222,-4176,-15792
-4464,-1600,-13125,2470,-3580,-24920
3442,-1584,-6736,6474,-6364,-22792
9389,-1568,1398,162,-1764,-19956
1220,-1584,-3693,1214,-1172,-17236
-6142,-1600,-8740,5502,-3536,-15812
-6557,-1616,-6747,5318,516,-13236
-1153,-1600,-523,522,1564,-12452
2701,-1584,-1554,1686,2000,-13152
754,-1584,-3140,1474,2492,-13008
219,-1632,-1081,1910,1680,-14216
809,-1616,-174,2202,2160,-13912
740,-1616,-675,1946,2064,-13832
144,-1584,-1738,2078,2248,-13924
789,-1568,-1272,2618,1968,-14344
750,-1616,-852,2578,1992,-14500
470,-1616,-424,2586,2224,-14444
407,-1616,-226,2566,2172,-14552
-339,-1616,-1286,2374,2220,-14592
-382,-1568,-1359,2802,2152,-14684
3
19855,-1616,-32598,20102,11568,32767
-32559,-1632,-17258,17910,9828,32767
-32559,-1584,-32598,22290,11552,32432
-32559,-1600,-32598,24510,7296,11200
-32559,-1616,-3321,31817,8848,8232
-32559,-1632,-32599,31817,10856,-18528
-32559,-1600,2668,13962,19040,-8380
-32559,-1584,-32598,10210,2632,-8172
-32559,-1600,-32598,15546,3112,-19896
-32559,-1584,-32598,16270,-4724,-32768
-32559,-1632,-15974,4382,-5200,-15520
-32559,-1584,-1824,9654,820,-19064
25957,-1616,803,14930,-3020,-20924
16946,-1632,-19497,15622,2268,-29224
12846,-1584,-20907,8542,-4488,-21352
4120,-1632,-3547,6618,-3308,-23484
-742,-1584,-4793,4058,-1860,-20920
-681,-1600,-6179,4454,-736,-19828
-3125,-1584,-6225,3934,1128,-17268
-3749,-1568,1290,6442,-4592,-15420
-2484,-1632,-3497,4074,2172,-12060
-2173,-1616,-1670,4470,2060,-14596
-2953,-1600,-1889,3634,2412,-13472
-4845,-1616,-3659,3026,1392,-13932
-3382,-1568,-260,3350,2244,-14268
-948,-1616,839,3366,2740,-13780
167,-1584,282,3322,2892,-13896
-585,-1600,158,3062,2844,-13648
-1508,-1584,-1884,2990,2892,-13772
-1178,-1600,-2303,2874,3192,-13724
-406,-1584,-493,2614,3140,-13696
-303,-1584,-1136,2590,3076,-13444
3
22278,-1584,-11995,24282,3216,32767
-32559,-1632,-9045,20534,9688,32767
-32559,-1648,-32598,21094,11164,32767
-32559,-1632,-32598,23530,14788,22216
-32559,-1616,-29465,23878,8408,6336
-32559,-1600,-32599,31817,13532,-16680
-32559,-1632,11069,28054,32308,-24388
-32559,-1616,-32598,17610,15640,-17544
-32559,-1632,-32598,18982,12976,-29716
-32559,-1616,-12988,28986,-4596,-32768
30331,-1632,-13899,-16846,15728,16556
7205,-1584,153,6190,-160,-23808
9373,-1648,395,6798,-1264,-27476
4569,-1632,-10214,10350,1080,-25392
17853,-1616,-4691,1218,432,-22236
11921,-1600,4975,-286,-40,-20756
7218,-1616,7927,3550,1460,-17812
2001,-1616,1301,4638,2972,-19016
1606,-1632,-474,3418,2320,-16516
-838,-1616,-808,3622,2580,-15568
-2508,-1600,-5270,2906,2352,-14420
-3026,-1584,-726,3398,1840,-14292
-1877,-1616,696,3510,2632,-14384
-769,-1600,506,2742,2232,-13344
-637,-1648,261,2942,2120,-13836
-749,-1632,-790,3326,3136,-13704
-1518,-1616,-1721,3086,2996,-13748
-2571,-1616,-2016,2466,2584,-13532
-1970,-1616,-2353,2318,2460,-14032
-561,-1616,-1988,2286,1852,-14328
3
20496,-1584,-24868,21134,6340,32767
-32559,-1616,-16224,18714,3884,32767
-32559,-1584,-32598,15930,10100,32767
-32559,-1584,-32598,19542,12104,13956
-32559,-1632,-26977,20706,9376,1900
-32559,-1616,10622,23866,13000,-1756
-32559,-1616,-4970,11738,16308,-6100
-32559,-1632,-22159,10402,4900,-8732
-32559,-1616,-16014,13750,-812,-19636
-32559,-1600,-7606,23302,-2936,-23936
-32559,-1616,-32598,17890,-2224,-24976
24079,-1648,-26538,19214,-2512,-32768
12735,-1600,12485,10466,-1592,-23748
6718,-1600,-16175,8422,-1288,-20016
12338,-1600,-9695,10018,-3764,-24244
18189,-1584,12127,10058,-4160,-21496
3407,-1616,-8200,4594,-2628,-18176
-4426,-1600,-5892,5578,-2100,-18572
-4302,-1584,-2742,7586,-1900,-17948
-6161,-1600,-7511,2906,2888,-11856
-2748,-1584,-4350,4374,-540,-20040
-3524,-1616,-730,4526,268,-15776
-5427,-1600,-1934,4454,-188,-14060
-6629,-1616,-3244,4362,-80,-15340
-5216,-1600,-338,3402,312,-14280
-3855,-1616,130,2870,144,-13716
-2771,-1648,223,3350,360,-14216
-2008,-1600,217,3274,388,-13720
-2706,-1616,-1116,2898,648,-13180
-2852,-1600,-1343,2554,472,-13432
-1200,-1616,-218,2574,412,-13788
257,-1648,38,2578,576,-13700
3
-32752,-1616,-14574,20806,7792,32767
-32559,-1600,-13930,17274,8940,32767
-32559,-1584,-29496,16982,10808,26120
-32559,-1600,-31358,22042,8760,10560
-32559,-1600,-7898,23654,9076,5448
-32559,-1648,11250,31817,8620,-936
-32559,-1600,5058,26546,11076,-10544
-32559,-1616,-8078,17874,4700,-13660
-32559,-1632,-32598,16090,-44,-19928
-32559,-1632,-32598,24978,140,-32548
-32559,-1616,-32598,31817,452,-32768
15391,-1600,11534,-13122,7148,-8624
85,-1616,-11470,-2562,-4392,-19900
-9838,-1632,-13294,5770,-5812,-26492
3250,-1600,1349,9070,-6636,-22840
4015,-1616,3877,1226,-3660,-17568
-6490,-1632,-4468,1618,-2060,-17312
-4321,-1616,-3095,3526,-428,-15956
-8122,-1632,-2548,2982,3624,-19148
-3536,-1632,1482,4590,780,-15412
-1090,-1616,-2127,3006,28,-13372
-3122,-1632,-2326,1254,-924,-12248
-2380,-1584,-1448,3042,-340,-14140
-1050,-1584,-288,2662,640,-13484
-426,-1600,-1077,1630,1384,-13152
-212,-1584,-954,1718,1088,-14192
-684,-1632,-2324,1670,1636,-14288
-267,-1616,-1647,1462,1304,-14544
-168,-1616,-1334,1678,1160,-14624
-617,-1632,-1148,1822,1340,-14432
-1008,-1616,-1699,1582,1204,-14344
-739,-1600,-1570,1722,920,-14540
3
-32559,-1632,24428,24018,8744,3808
-32559,-1648,10899,24750,14500,-11240
-32559,-1632,-12560,14542,1444,-7964
-32559,-1616,-23380,10754,-1300,-12768
-32559,-1648,-29787,13570,-5812,-16264
-32559,-1600,-32598,19526,-8,-27848
-32559,-1648,-28998,22962,-640,-32768
4325,-1632,-1798,5062,-748,-24792
-5305,-1584,-18864,2546,-4408,-25144
-5776,-1616,-14748,6622,-5200,-26892
3629,-1632,-2038,4350,-7352,-21472
5862,-1584,-1122,-494,-2004,-18800
-1248,-1600,-6805,1510,64,-17172
-5845,-1648,-2438,3782,580,-16988
-7454,-1616,-1377,4362,1288,-13008
-3386,-1600,-7733,4414,1568,-17852
-893,-1616,-2129,2306,660,-14492
-2029,-1632,-1349,898,1596,-14064
-2020,-1648,-1218,1490,1420,-14596
-69,-1616,1355,1614,1908,-14300
392,-1632,-483,1526,1724,-13940
-568,-1616,-812,1386,1792,-14148
-1005,-1600,-848,1678,1948,-14820
-798,-1616,-700,1314,1912,-14444
-1018,-1616,-988,1230,1556,-14428
-1048,-1600,-799,1286,1876,-14280
-758,-1584,-472,1294,1988,-14456
-94,-1616,-949,1218,2116,-14048
-36,-1632,-521,1478,1756,-14316
57,-1616,-419,1222,1892,-14056
3
-32559,-1696,6601,30478,7116,1408
-32559,-1664,1812,9966,2312,-20064
-32559,-1680,-8313,15278,464,-20480
-32559,-1664,-24538,23682,-10204,-28912
-32559,-1648,-8691,21758,-16044,-32768
3890,-1680,-6734,810,-7952,-13412
4892,-1696,-16554,6278,-9164,-19772
-448,-1680,-10976,7370,-9236,-23764
8164,-1664,-235,4714,-7004,-20248
4130,-1664,-6433,3130,-5040,-17884
-3321,-1680,-2586,1914,-8840,-14808
-7573,-1696,-8892,6146,-4008,-18688
-6093,-1696,-5537,4306,-1400,-17280
-3811,-1712,-3126,3778,-1548,-14720
-3179,-1680,-1857,4330,-884,-15956
-2615,-1680,-809,4014,-808,-14308
-2848,-1680,-545,3778,-372,-13608
-2679,-1664,-1350,3754,60,-13872
-2143,-1680,-1027,3438,80,-13668
-2015,-1680,-1181,3278,268,-13568
-1680,-1696,-1536,2886,316,-13776
-1537,-1648,-2381,2878,180,-13940
-1672,-1664,-2826,2598,112,-14076
-1659,-1680,-2351,2630,440,-14364
-1618,-1680,-1763,2370,156,-14492
-1576,-1664,-1460,2334,468,-14312
-1786,-1680,-2498,2390,464,-14356
-1448,-1696,-2199,2482,696,-14604
-1101,-1664,-1338,2450,652,-14332
-1179,-1648,-1042,2294,800,-14232
3
-32559,-1680,-32599,31817,7236,-20508
-32559,-1616,-2420,12158,25484,-10624
-32559,-1680,-32598,8314,2812,-11292
-32559,-1680,-32598,15998,2984,-22628
-32559,-1696,-19830,23922,-6444,-32768
-32559,-1680,-2246,-3850,-7460,-4964
26843,-1712,-8768,13602,-984,-25168
18626,-1664,-6253,11082,-2220,-22356
13651,-1680,-2236,16590,-2868,-26080
22102,-1664,-9216,6146,-2048,-18428
9859,-1664,-878,6910,-3456,-20664
4803,-1680,-1438,3994,-3292,-18444
1215,-1664,-6003,6202,-2004,-18844
717,-1632,-3949,6242,-1156,-18064
466,-1680,817,4782,-272,-15980
-1709,-1664,-7877,3794,4304,-7540
-4000,-1648,-2738,5334,508,-18508
-3217,-1664,-916,5038,724,-14768
-4197,-1664,-2023,4726,496,-13580
-4242,-1648,-513,4802,300,-13768
-3633,-1696,-638,4362,892,-13504
-3811,-1680,-2187,5014,652,-14344
-3853,-1680,-1694,4330,820,-13984
-3136,-1696,-554,3950,1128,-13656
-2949,-1680,-1329,3754,944,-13780
-2906,-1664,-2002,3254,1096,-13572
-2555,-1696,-2203,2962,1184,-13980
-1729,-1680,-1249,3230,1112,-14012
-1603,-1696,-1163,2954,1220,-14024
-1512,-1680,-1187,2762,1312,-14236
-1097,-1664,-253,2742,1516,-14084
-1232,-1664,-285,2682,1432,-13860
3
-32559,-1680,-32598,12766,1544,-32768
-32559,-1680,-32598,12210,5400,-32768
-32559,-1664,18594,14798,-19596,-32768
-32559,-1680,-14427,-10338,9188,-19820
30441,-1664,4165,7746,-8440,-21528
7850,-1680,-8543,19022,-4216,-28540
15955,-1680,-12425,11838,-2164,-25648
5800,-1632,214,2098,-5300,-16900
-3590,-1680,-7029,2206,-4616,-18860
-5378,-1664,1771,2378,-9408,-25312
1218,-1680,-1817,3838,-1572,-17852
1000,-1680,46,3078,-1028,-14964
-1336,-1664,-2408,1970,208,-15180
-602,-1680,-1390,3858,-36,-15600
-580,-1632,712,3266,208,-15120
-250,-1680,2246,2634,416,-14104
-585,-1680,495,2762,576,-13592
-609,-1632,-629,2662,652,-13836
-110,-1680,-664,2634,832,-14040
-392,-1664,-527,2218,920,-13736
-519,-1648,-805,2690,988,-14316
-112,-1680,-716,2878,916,-14096
-540,-1632,-900,2682,952,-13864
-333,-1648,-1227,2830,660,-14176
162,-1664,-562,2914,636,-14348
210,-1664,227,2946,572,-14480
94,-1648,29,2998,600,-14544
162,-1632,-660,2790,572,-14220
164,-1696,-554,2850,444,-14404
142,-1648,-58,2990,732,-14492
60,-1696,-307,2770,760,-14372
-138,-1648,-685,2582,700,-14416
3
-32559,-1680,4401,19994,6784,32767
-32559,-1664,-3538,18958,8124,32767
-32559,-1648,-22846,15094,12452,32767
-32559,-1664,-32598,25506,12132,17024
-32559,-1680,-5164,23562,5428,-292
-32559,-1616,-32599,20890,15780,-2892
-32559,-1664,6250,17182,14028,-6684
-32559,-1648,-10787,17662,3560,-16168
-32559,-1696,-32598,16886,-532,-16012
-32559,-1680,-32598,31817,-5640,-28744
-32559,-1648,-32598,30206,-9236,-32768
15670,-1664,1916,-7474,3248,-5208
-485,-1680,-12144,8286,-2140,-19004
-4194,-1696,-16451,982,-4632,-23208
3500,-1648,-5794,8154,-4168,-25364
7963,-1648,3289,378,-3028,-18524
-1244,-1664,-5673,146,-1920,-16988
-2559,-1648,-5641,2722,-436,-16640
-4984,-1632,-4010,3910,36,-16224
-5576,-1664,7630,2662,-4248,-25712
-1545,-1648,-2463,4622,768,-23004
-1362,-1664,-520,3174,492,-14616
-1037,-1648,-2117,1910,1196,-13740
162,-1648,210,2170,860,-14640
109,-1664,520,1870,1624,-14244
-293,-1648,-1024,2450,2824,-14444
-638,-1664,-284,2534,1072,-16592
-108,-1664,686,2102,1456,-14784
-248,-1648,-135,1978,1680,-14336
-1040,-1632,-1478,1782,1268,-14300
-1054,-1648,-1065,2282,1224,-14812
-167,-1680,190,2054,260,-12944
3
