4829,-1904,8466,7782,-912,-25472
-912,-1872,-2789,5166,-1652,-24308
-6444,-1904,-251,5722,672,-21396
-8416,-1888,-226,6522,604,-17680
-9217,-1936,-797,4982,1148,-12284
-8395,-1888,937,5726,1384,-10624
-4205,-1920,639,5674,2420,-9992
-209,-1888,-1858,5066,1152,-9892
695,-1888,1225,4034,2268,-10216
2432,-1920,668,5022,3012,-11704
2369,-1888,-2524,4242,2400,-11352
-234,-1888,-2237,5030,1872,-12532
-200,-1888,-2337,5462,1836,-13812
-182,-1888,-2695,4438,2084,-12928
658,-1888,-1436,4850,1408,-13772
1212,-1888,-1634,4694,2764,-13988
900,-1888,-2509,4906,1640,-13988
-445,-1920,-776,4938,1636,-14892
-1465,-1888,-1625,5122,2356,-14828
-1690,-1920,-2478,4970,1816,-14140
-1239,-1888,-1177,5026,1792,-14128
-782,-1888,-1175,5222,2108,-13816
-251,-1888,-1682,4954,2280,-13624
-711,-1888,-1016,4554,2344,-13368
-1337,-1920,-1918,4898,2548,-13860
-975,-1888,-1625,5106,1984,-13548
-1103,-1904,-655,4554,2236,-13404
-761,-1904,-1354,4998,2076,-14008
-8,-1936,-1059,4954,1916,-13764
-423,-1904,-707,4426,2504,-13604
-677,-1904,-1113,4490,2324,-13588
-134,-1904,-1104,4806,2372,-13884
3
-18173,-1920,-16658,16482,-4708,-25052
-8720,-1888,-5243,20282,-4516,-20728
-5498,-1920,6454,17242,-1384,-17696
-7996,-1888,3108,14766,424,-17184
-10627,-1888,-6639,11522,1396,-14712
-11935,-1888,-2019,13214,-816,-15800
-11707,-1920,9212,12118,1020,-13444
-15626,-1888,257,8726,1656,-10024
-12462,-1888,-3561,9274,788,-9360
-6589,-1920,3861,8738,-20,-10016
-7509,-1888,3902,5758,2236,-8756
-9696,-1856,-3923,6694,568,-9540
-6255,-1888,-4153,5994,540,-9516
-4300,-1888,-288,7438,-288,-11148
-5702,-1888,2354,6218,-84,-11584
-6950,-1888,-1404,4838,368,-11344
-5001,-1904,-3602,6094,216,-12916
-3930,-1920,-357,3874,4,-12528
-5303,-1904,-1916,4102,500,-12760
-4639,-1888,-2842,4106,116,-13416
-2984,-1936,-2192,3402,616,-13428
-3182,-1920,-2069,3282,948,-13236
-3878,-1888,-2598,3514,440,-14308
-2575,-1920,-2121,3062,1188,-13660
-2678,-1872,-2944,2446,748,-13352
-2273,-1856,-2592,3030,856,-13756
-2162,-1904,-3077,3142,820,-13516
-1924,-1888,-4538,2814,1204,-13812
-1476,-1872,-2953,2826,1488,-13572
-1605,-1888,-3494,3298,1084,-14048
-1492,-1872,-3003,3042,1792,-14200
-2644,-1856,-3107,2558,1420,-13872
3
-32559,-1920,31699,31817,-7528,-3692
-32559,-1904,9307,31817,-19524,-32768
-32559,-1904,-16680,31817,-5052,-30620
-32559,-1872,-32598,31817,31640,-32768
-32559,-1872,-32599,-2138,-2256,-30700
-32502,-1872,-26245,402,-24052,-20472
30585,-1872,-32599,15278,-18460,-20132
30214,-1872,-12129,13850,-8372,-22904
4479,-1936,2259,4994,-8976,-32216
-2736,-1872,-9523,9138,-5612,-27184
-3519,-1872,-408,7218,-7608,-19644
-2891,-1872,-3604,7042,-3660,-22392
-5215,-1904,1761,4974,-3984,-20656
-5693,-1872,1246,5194,-1592,-17320
-8644,-1872,-3702,5122,-2068,-21256
-10212,-1872,3998,3898,-344,-16912
-9207,-1904,-2165,3726,776,-16520
-14198,-1904,1380,3526,-2220,-14852
-10248,-1904,-433,2870,1124,-11524
-7726,-1856,542,1830,1412,-13872
-11274,-1856,3772,-874,252,-10240
-8000,-1888,464,-1082,368,-10596
-4929,-1856,-809,-506,464,-12932
-7788,-1888,-3682,-190,-440,-14688
-11870,-1888,-7,-590,940,-15264
-13663,-1888,-6913,-1242,1256,-15228
-17005,-1888,-11731,-1858,-2196,-15280
-16052,-1856,-2220,-2422,388,-13716
-15087,-1888,-3131,-4006,1184,-13040
-12004,-1904,-1920,-6854,1684,-10184
-8428,-1888,3503,-7794,796,-9696
-6650,-1888,2256,-7474,1464,-9380
3
-32559,-1872,64,-4754,4204,-12288
27089,-1920,-10425,-1646,6356,-16372
19794,-1856,-32598,-4994,-480,-15240
18507,-1888,-17814,-9270,-3856,-10404
20662,-1888,-13689,-9094,-2692,-7920
20226,-1888,-3005,-9534,-296,-8032
21121,-1888,1058,-10202,1168,-7880
19347,-1888,670,-9286,424,-7336
17531,-1888,-695,-8850,388,-9836
18338,-1888,-3750,-8158,-1100,-11232
18650,-1888,708,-8546,-2608,-11412
19290,-1888,5753,-9418,-2528,-10616
21294,-1856,8639,-9034,-2820,-10272
21609,-1888,5935,-8226,-2572,-9152
24470,-1888,6538,-7874,-3508,-10492
23811,-1920,1110,-6582,-1228,-9528
22339,-1888,-5858,-3654,-3152,-12172
24987,-1888,-5517,-334,-4672,-13340
26764,-1888,-10109,2970,-1612,-13636
24723,-1856,-16265,4374,728,-14800
24835,-1888,-8180,8350,-416,-17596
21440,-1888,-8722,7934,3884,-17156
17806,-1888,-13075,8762,1940,-19752
17029,-1856,-6009,7818,3116,-21616
14931,-1888,488,7062,2436,-22596
8634,-1856,-2221,4206,3252,-22584
3419,-1888,-3753,4742,2988,-23528
1752,-1888,-1949,4806,4352,-22736
-708,-1856,-2548,4230,4852,-21216
-3177,-1888,-3391,4374,4560,-20940
-4492,-1888,-3109,4606,5416,-19192
-6179,-1888,-3457,4602,4748,-17412
3
-32559,-1856,-4117,31817,2836,32767
-32559,-1888,-3030,31817,-7656,32767
-32559,-1920,-8925,31817,-12080,29004
-32559,-1856,-25512,31817,-9176,15200
-32559,-1888,-12183,31817,-9236,-7552
-32559,-1888,27148,24958,2888,-13120
-32559,-1888,-32599,7830,13340,-6896
-32559,-1856,-3833,3226,23220,-14436
-32559,-1888,-32598,4798,5180,-29712
-32559,-1856,20019,-2822,-1572,-21612
21899,-1888,6429,-8594,7860,-14764
22680,-1888,-15904,-5134,1724,-17740
31367,-1888,-905,-6286,-2488,-16948
22325,-1888,7495,-10790,1392,-9624
15809,-1888,-9572,-7618,-484,-12252
18253,-1888,-11154,-5954,-1880,-14436
20862,-1888,1941,-5778,-644,-11964
15353,-1888,-1130,-5326,1444,-11452
16039,-1856,-12417,-3662,1508,-12304
18119,-1888,-5616,-1814,-236,-12716
18263,-1888,-1639,-2530,2308,-9504
17512,-1888,-10900,2466,2220,-12704
23475,-1888,-9849,3718,3668,-12312
22328,-1888,-4154,4030,5872,-11968
19055,-1856,-2557,6018,4992,-15684
18416,-1920,2610,7466,4164,-20972
12853,-1888,8351,1954,4048,-18484
6526,-1888,1482,3450,2836,-19068
4214,-1856,-2289,4678,2876,-19752
4805,-1888,451,4234,3104,-18812
3062,-1856,1551,3550,4000,-19260
1160,-1888,440,3510,4768,-18596
3
-32559,-1888,-32599,31817,22200,-1132
-32559,-1856,-32599,31817,13660,-17520
-32559,-1888,-32599,30902,8704,-6280
-32559,-1920,23719,31506,-5512,-696
-32559,-1888,-28995,31817,-9464,-11996
-32559,-1888,-26713,29854,13652,-27296
-32559,-1888,-12542,27786,-1596,-29740
27056,-1888,3352,19106,-8204,-32768
1124,-1888,-4544,13358,-532,-30684
-2643,-1888,-11770,15510,-5844,-30248
1200,-1888,5116,12586,-5240,-27008
-59,-1888,1452,10102,1440,-23020
-3816,-1888,-3331,8182,1212,-21204
-5653,-1888,-1216,7814,1180,-20444
-6360,-1856,-2607,6974,2256,-17008
-7405,-1888,-1133,7186,1756,-14724
-8799,-1856,-1779,6850,1372,-12800
-6604,-1888,-1817,7022,2300,-12068
-5188,-1856,-1636,5766,1832,-11064
-4426,-1888,-891,4930,3160,-10672
-2755,-1888,-2269,5290,3464,-11732
-1719,-1888,-2099,4994,3144,-10896
-2462,-1856,-1923,4442,3580,-10836
-1965,-1888,-3114,4594,3636,-11820
-1224,-1888,-2906,4138,3592,-11524
-1238,-1856,-2346,4450,4064,-12264
-868,-1856,-3367,4430,4656,-12832
-1357,-1856,-4262,3994,4684,-13152
-1526,-1888,-3196,3990,4528,-13184
-1228,-1856,-3162,3990,4852,-13476
3
-32559,-1888,-32598,31817,-30244,-32768
-32559,-1872,3800,31817,-15108,-22148
-32559,-1872,-32598,31817,30340,-21296
-32559,-1872,-32598,31817,12960,-32768
-32559,-1888,32626,23082,-5328,-32768
-4000,-1920,-16526,-12098,-748,-32564
3561,-1856,-32598,20522,-1012,-31904
14705,-1856,3325,9174,-64,-25856
15917,-1888,4887,7638,3916,-25656
4306,-1888,-2228,6242,4456,-26164
-2951,-1920,-3874,5634,4324,-21608
-2436,-1856,473,5374,4664,-18764
-3133,-1856,-3532,4626,5376,-15424
-2800,-1920,-3323,6078,4452,-14080
-1840,-1856,-3102,5438,4368,-12804
-3446,-1888,-3035,5834,4332,-12932
-3415,-1856,-2704,5138,5196,-11216
-2472,-1856,-2462,5542,5096,-11296
-2963,-1856,-4221,4854,5488,-11372
-3419,-1888,-3258,4498,6028,-11432
-2157,-1856,-2310,5586,5360,-12616
-894,-1888,-3172,4150,6408,-11272
-2064,-1856,-4062,3990,6768,-11844
-2061,-1856,-2938,3802,6592,-12688
-1281,-1872,-1871,3350,7152,-12296
-1722,-1888,-2875,4002,6760,-12672
-2197,-1872,-3312,4058,6896,-12820
-2318,-1904,-2354,3678,7052,-11864
-2132,-1872,-3456,4102,6808,-12116
-1726,-1872,-2744,3826,6492,-12052
-1307,-1872,-1270,3850,6996,-11812
-1423,-1904,-3052,3910,6636,-12244
3
23464,-1856,-13005,31386,10744,24260
29078,-1872,896,25646,-1640,32767
-32559,-1904,-23287,21686,-2064,32767
-32559,-1856,2931,12206,-9320,25976
-32559,-1872,-22313,13778,13684,-3792
28235,-1872,-9240,12662,-11140,-3292
-32559,-1872,31035,26218,-8180,-860
-32559,-1872,-32599,13470,12228,8236
-382,-1904,-32598,-17106,8840,-14860
-8456,-1872,-12199,-8978,-5280,-8284
792,-1904,2398,-10398,15664,11408
4548,-1904,-4935,-11910,8960,21644
9219,-1872,-4352,-10834,6520,20420
15559,-1840,-1521,-9574,9496,19308
16130,-1888,1847,-10582,10708,19140
13653,-1856,-284,-7966,10516,17448
22464,-1856,-7640,-5258,7680,11852
24039,-1888,-1226,-7894,6364,12148
25395,-1856,-854,-7610,6656,10084
29091,-1856,-1605,-7018,3468,7680
27793,-1888,-304,-8862,5400,4876
25918,-1856,360,-9294,4148,3788
25097,-1856,-7276,-9254,3860,736
26613,-1888,-4117,-10490,404,-980
24546,-1888,10541,-10426,3344,-676
24997,-1888,-1190,-9822,7760,-3680
28965,-1856,-10789,-8610,3660,-4904
29841,-1888,3632,-6906,3424,-5888
30567,-1856,9441,-5746,6604,-9224
-32559,-1888,-1267,-4658,7832,-10012
3
-32559,-1888,18918,30250,-15304,25796
-32559,-1840,22957,24070,-3156,32767
-32559,-1872,467,25578,6768,32767
-32559,-1856,-11830,31817,14032,18824
-32559,-1856,15923,31817,14732,-7872
-32559,-1856,-32599,16530,4704,-15204
-32559,-1888,-32599,5674,10284,-14476
-32559,-1856,23315,6582,-256,-2784
26988,-1856,-32161,8682,-10764,-4736
-32559,-1856,-5388,11862,-472,-320
-32559,-1888,-21111,24830,6820,-6224
-32559,-1888,-11797,23302,5668,-2540
-32559,-1888,-15884,31817,2492,-20212
-32559,-1856,-1101,29958,-3712,-32768
-14885,-1888,-6979,-17762,6464,-29148
-22082,-1856,-22100,16882,-6348,-32768
5337,-1856,-3375,12962,-2568,-21316
11414,-1856,2649,8582,3848,-18252
8373,-1856,-2636,7750,5140,-22880
-126,-1888,-3254,6010,4312,-22936
-7283,-1888,-4223,6810,2960,-20112
-9437,-1888,-3462,7298,2976,-16804
-9091,-1856,-3003,7674,3032,-13916
-6969,-1888,-2435,6838,2552,-11564
-5379,-1888,-1927,5946,3260,-10644
-4233,-1888,-4688,5730,3552,-11116
-1791,-1856,-3578,5558,3284,-11264
-1396,-1888,-1324,4898,4108,-11228
-2272,-1856,-3187,5094,4460,-11096
-2296,-1856,-4952,5070,4444,-11912
3
-32559,-1888,-22149,31817,23352,-5880
-32559,-1888,-24920,31817,32467,-32768
-32559,-1840,-32599,11618,-16564,-23656
-32558,-1872,-32598,-25654,-14340,-32768
6298,-1904,-32598,30066,-20540,15464
21997,-1872,-4009,9750,9880,-32768
13348,-1840,-66,6074,6972,-28748
-5839,-1872,-13,3474,6800,-28836
-9075,-1872,-2605,5066,5072,-22568
-11507,-1872,-2337,6206,5136,-16168
-9465,-1904,-3710,6414,5804,-12440
-6600,-1872,-3420,6874,3832,-11824
-3658,-1872,231,5930,4780,-10220
-3041,-1872,-1992,5150,6080,-9096
-2031,-1872,-2590,5122,4932,-9544
-479,-1872,-1142,5054,4992,-9992
-1829,-1904,-3377,4822,5816,-11296
-2673,-1872,-4652,5130,5144,-12644
-1962,-1904,-3798,4442,5424,-11860
-254,-1904,-429,4510,5572,-13032
369,-1872,-1858,4242,6408,-13204
-1341,-1888,-1703,3666,6540,-13508
-2110,-1888,-2177,3942,6656,-13980
-2592,-1888,-2327,4106,6480,-13332
-1910,-1888,-536,4626,5976,-13128
-1474,-1856,-463,4074,6328,-12736
-901,-1888,-894,4086,5916,-12648
-528,-1888,-1161,4038,6336,-12620
-1158,-1888,-1553,3990,6452,-12420
-1157,-1888,-1600,4298,5876,-12764
-769,-1888,-1360,4034,6036,-12444
-922,-1824,-849,4066,6348,-12532
3
-32559,-1840,-18974,14574,6272,32767
-32559,-1872,-22924,16182,-5808,24612
-32559,-1904,-9780,18094,-4532,16776
-32559,-1840,-1615,15586,-344,6496
-32559,-1904,14423,10226,-1940,2068
-32559,-1840,30016,6690,-388,4456
-32559,-1872,9010,5926,924,6236
-32559,-1840,-3085,7234,-8060,1528
-32559,-1872,7562,6634,-9824,608
-32559,-1904,7662,6926,-5164,412
-32559,-1872,9027,8914,-1128,1216
-32559,-1904,11149,20118,-4808,-13348
-32559,-1872,-4109,25630,5504,-11924
-32559,-1872,-13817,31817,10308,-18248
-32559,-1872,-13072,31817,25312,-32768
-32559,-1904,-32599,2206,4472,-30476
-7532,-1872,-29388,-10018,-2120,-32768
2029,-1840,-22329,16186,28,-32768
14458,-1872,789,3878,13440,-29516
7299,-1888,-509,6234,7392,-29136
-1877,-1840,-337,2946,8856,-28940
-6964,-1872,-2951,3050,7648,-23916
-9889,-1872,-2026,6850,7068,-18624
-5078,-1888,-3198,5138,7276,-15976
-4619,-1872,-2416,5550,5292,-19816
-13524,-1888,11722,5110,5340,-22188
-22041,-1872,2910,6030,8056,-23124
-25474,-1856,5853,8082,5248,-23796
-28973,-1888,13555,5430,6188,-20752
-31474,-1856,8712,4058,3604,-17664
-27704,-1856,1171,-418,1696,-9988
-23392,-1856,3250,-2026,1504,-10144
3
5777,-1856,1532,17206,12784,19308
23647,-1856,5443,16818,-2076,32767
27094,-1888,21706,14498,-7072,32767
-32559,-1856,20843,20842,3824,32767
-32559,-1888,2187,16802,13800,31700
-32559,-1856,-7738,18126,16052,16728
-32559,-1856,-3344,18394,8444,3988
-32559,-1888,13479,15910,7932,8336
-32559,-1856,9480,20378,6764,4640
-32559,-1888,-4304,24498,-8852,-9408
-32559,-1888,1027,17838,-5604,10044
-32559,-1888,-10306,22238,-4728,14000
-32559,-1856,-21281,30878,-11120,-1636
-32559,-1888,-20401,31817,3180,3116
-32559,-1888,-32598,31817,8776,-22452
-32559,-1856,-13520,31817,29772,-32768
29871,-1856,14779,1762,6356,-32768
-18604,-1856,-32598,6718,1188,-32768
18969,-1856,13177,27802,5516,-32768
-7554,-1856,-2764,6918,6796,-31168
-11717,-1888,-7684,6818,6192,-23176
-11662,-1856,-2823,8354,4512,-18656
-10096,-1888,-1136,8158,4916,-15628
-9205,-1856,-5773,6974,5300,-14608
-8225,-1856,-2361,6158,3300,-13436
-8164,-1856,-2729,5262,4968,-11340
-7418,-1888,-4565,5174,5020,-11588
-5432,-1824,-4726,4606,4012,-10600
-5428,-1888,-2925,4546,5412,-10740
-4997,-1888,-4103,4378,5856,-11292
3
-32559,-1872,29213,20242,-6360,-8448
-32559,-1872,25553,14818,-8168,-8400
-32559,-1872,3226,18498,-19828,6508
-32559,-1872,31293,24838,-27220,4372
-32559,-1904,18504,17586,-6664,10068
-32559,-1840,8428,31817,-6296,-10304
-32559,-1872,-8332,31817,9348,-27548
-32559,-1872,-32598,31817,32467,-32768
-32559,-1872,-32599,19090,-9500,-32768
1399,-1872,-26920,-22438,17140,-27512
-7920,-1872,-32598,21446,-4380,-29872
13664,-1840,13660,4234,15904,-27244
16742,-1872,-3101,6966,12136,-25564
8435,-1904,-2504,5146,10248,-27904
-875,-1840,1345,4066,11008,-24616
-4856,-1872,-3498,6454,8384,-21548
-6007,-1872,-2217,6026,8536,-16852
-5887,-1840,-728,7646,6700,-14048
-5375,-1872,-1855,6610,5248,-11628
-5159,-1872,-1386,6030,6256,-11040
-3718,-1872,-488,6062,5456,-11860
-3133,-1840,-1929,4530,6700,-9772
-3546,-1872,-4523,4910,6584,-10324
-2317,-1904,-2182,5730,6072,-12000
-985,-1840,443,4458,7356,-11068
-1941,-1872,-1928,4002,7676,-11032
-1298,-1840,-2583,4270,6992,-11804
-1170,-1840,-1607,4178,7672,-11516
-921,-1872,-1348,4306,7800,-11840
-1126,-1840,-1116,4078,7916,-11468
3
28363,-1856,-32599,2930,10588,-28788
9763,-1872,-2263,-2238,18252,-24968
1051,-1840,-17182,3874,14696,-23352
4509,-1872,1980,4750,12012,-21420
5424,-1840,3157,2422,14532,-17748
3938,-1872,-4593,2446,13944,-19360
2523,-1872,1166,3210,12880,-19184
-1371,-1872,265,3734,11628,-16652
-4877,-1904,-4231,4290,11164,-15164
-5813,-1872,-2077,5226,8952,-13212
-4752,-1856,-681,5110,9244,-11736
-4570,-1856,-1567,4802,9052,-10656
-4153,-1824,-1074,4938,8132,-10104
-3339,-1888,198,4290,9360,-9980
-2328,-1888,-1549,3730,9496,-9472
-1453,-1856,-2241,3730,9176,-9540
321,-1856,-1526,3894,9664,-9984
1292,-1856,136,3778,9316,-10380
1147,-1888,-871,3770,10040,-10704
927,-1856,-2808,3930,9816,-11224
536,-1856,-1396,4162,9620,-11440
31,-1888,-1293,4010,10016,-11452
-760,-1856,-2051,4114,9964,-11636
-1242,-1888,-1401,4186,9860,-11352
-1371,-1856,-1303,3822,9936,-10892
-1161,-1840,-1677,4142,9764,-11232
-1239,-1872,-992,3942,9724,-10972
-1691,-1872,-928,3970,10056,-10964
-1851,-1840,-162,3762,9624,-11076
-2398,-1872,-199,3458,10120,-10688
-2431,-1840,-1555,3194,9836,-10692
-2289,-1840,-2643,3122,9496,-10680
3
-13250,-1856,13584,9866,3508,32767
-32558,-1840,830,10766,6612,21704
-1339,-1872,-746,31817,32468,-11336
-32559,-1840,13922,31817,-144,32336
25183,-1840,17678,31817,-504,32767
-32559,-1872,12373,31817,3588,6952
-32559,-1840,4485,31817,-7216,13312
-32559,-1856,5453,30050,-2764,2316
-32559,-1856,-118,25686,6900,-904
-32559,-1856,-12651,21810,9140,-4424
-32559,-1856,-15715,18750,5812,-5684
-32559,-1856,109,14054,1212,1364
-32559,-1824,-1118,18974,-2840,308
-32559,-1888,-1206,24654,-6732,-5972
-32559,-1856,-3197,25430,-5336,-4296
-32559,-1856,-23768,31817,848,-20752
-32559,-1888,-32598,31817,7792,-32768
-32559,-1856,-9155,10050,12024,-32768
7689,-1856,7203,8654,-644,-32768
140,-1856,-27139,9358,2112,-32768
8437,-1856,4292,5850,6748,-30044
7983,-1856,7428,4570,8744,-26692
-1281,-1856,-1796,2330,8420,-22744
-6576,-1872,-7216,3534,6272,-20304
-5462,-1872,-3839,4546,5924,-16768
-5120,-1872,-2865,4570,5616,-14912
-5398,-1840,-3860,4350,5160,-13504
-5003,-1808,-3376,4098,5804,-12152
-3517,-1872,-2156,5118,3936,-12948
-32559,-1856,5110,27666,-7796,-4684
-32559,-1872,10681,28386,-24996,-12020
-32559,-1808,-32599,31817,-16848,-32768
-32559,-1872,1926,31817,4308,-32768
-32559,-1872,-15552,31817,32467,-32768
3501,-1872,-32599,-9738,6976,32767
-3609,-1840,-30420,-6530,-16068,-32768
31442,-1872,180,18050,-1268,-7712
-32559,-1872,12420,-1018,20312,-32768
11641,-1840,-5703,-186,12656,-32768
-5320,-1840,-7409,1282,6332,-31332
-11053,-1840,-4064,2602,7348,-27708
-12418,-1872,2754,2846,7684,-21340
-12695,-1888,-1421,2606,6484,-16804
-10194,-1888,-7678,3178,3660,-14712
-8647,-1856,-3390,4498,3228,-14432
-6096,-1888,-5496,4322,5012,-11604
-6085,-1856,-4921,3394,4728,-8784
-4859,-1856,-5808,3678,5260,-9412
-3042,-1824,-4192,3090,4936,-9688
-1842,-1888,-3271,2130,6424,-9276
-1654,-1856,-2516,1798,7580,-9320
24,-1888,-1763,2426,5524,-10848
1380,-1856,-1617,1518,7988,-11168
182,-1856,-759,1082,7972,-10852
-210,-1856,-1973,898,8728,-11036
158,-1856,-3450,1102,8596,-12016
-515,-1888,-1767,1122,8976,-12308
-918,-1856,-1597,814,9740,-12704
-484,-1856,-1167,1250,9164,-12768
-266,-1856,-183,1626,8780,-13208
-1341,-1856,283,1314,8560,-12972
3
-32559,-1856,-32598,25798,19152,13428
-32559,-1856,-32598,22002,14260,-5320
-32559,-1856,-32599,27486,5072,-12104
-32559,-1888,-32599,26506,9796,-10864
-32559,-1856,-7374,28994,12548,-23644
-32559,-1856,10368,17978,-15788,-27520
-32559,-1824,-32599,2338,-300,-11132
28756,-1856,-7760,-10678,7128,-9660
29970,-1856,-15201,-1534,-8180,-14052
-32559,-1856,-2059,-8886,-3928,-16044
-32559,-1856,-876,-7686,-576,-13452
27196,-1856,-5694,-7534,32,-14808
27600,-1888,-3442,-2890,-1788,-14840
28001,-1856,-8937,-2530,1376,-10380
28553,-1824,-15355,2754,-824,-14384
32473,-1856,-6720,6418,-24,-14852
30931,-1856,-12597,6554,4860,-14720
27865,-1856,-16411,9010,3856,-19860
25781,-1856,-6041,6922,6168,-22952
21062,-1824,1877,4046,7580,-23420
11522,-1824,-3887,3838,6268,-22156
6708,-1824,-8074,4690,5852,-20924
7899,-1856,-3622,4370,6092,-21244
8473,-1856,632,4370,7188,-21820
5928,-1856,80,3566,8824,-21944
2462,-1856,-1282,2866,8204,-22384
-1248,-1856,-2426,3206,9088,-21160
-3503,-1856,-3264,3466,8876,-20036
-5665,-1840,-3814,3618,8256,-18340
-8167,-1872,-5650,3782,8784,-17228
-9127,-1840,-7225,4782,6980,-16444
-8340,-1840,-5107,4730,6872,-14820
3
-32559,-1856,-27298,31817,32467,26196
-32559,-1856,-32598,31817,32467,-26544
-32559,-1824,24945,26598,8796,-32768
-32559,-1856,25772,22866,-2016,-28556
-32559,-1856,-32598,13542,3072,-29004
-32559,-1856,-3324,3982,-11216,-17616
-32559,-1856,15803,-1786,3312,-10468
-32559,-1856,2084,-12222,6936,-7960
-32559,-1824,-12021,-10022,-40,-8576
-32559,-1824,-7309,-10402,-1196,-8592
27233,-1824,2487,-9818,2232,-9476
24547,-1856,1166,-8838,3480,-16852
26569,-1888,-3489,-9442,504,-15148
25144,-1888,4621,-8066,-920,-15192
21249,-1856,4866,-10130,2044,-15196
23312,-1856,-4340,-8078,36,-16360
20742,-1856,2761,-7702,572,-13892
18032,-1856,2042,-7306,2480,-15420
17806,-1856,-2785,-6698,1620,-15612
19324,-1856,596,-5246,-352,-16560
17564,-1856,2314,-5570,3540,-15824
16704,-1888,-2510,-2882,2552,-17848
17260,-1856,-2758,-3102,3000,-18608
14726,-1872,15,-2074,3152,-19688
9477,-1840,4357,-922,2940,-17024
7103,-1808,1674,-1578,3728,-15476
9176,-1840,-1385,738,2136,-15288
8959,-1840,1162,298,2928,-14540
9263,-1872,546,602,3300,-15748
10491,-1840,-2117,1674,2504,-16668
7680,-1840,-2744,722,3548,-16608
5013,-1840,-4589,1178,3444,-17932
3
32558,-1856,-25114,4186,-1636,-24324
-32559,-1888,-5211,-882,-4616,-13672
-32559,-1856,3453,-4806,5668,-8520
30538,-1824,-5274,-8746,5332,-4856
26545,-1856,-4853,-7290,-1932,-5544
30102,-1856,4759,-6174,552,-5816
26830,-1856,-1376,-7410,4200,-4520
26104,-1856,-1498,-3902,-112,-6600
28693,-1856,1711,-3166,1152,-8828
28714,-1856,-188,-2514,3120,-8636
27117,-1824,-6168,602,4312,-11468
29512,-1856,-6388,1698,3740,-14396
27959,-1824,-6225,1142,7416,-13112
25762,-1856,-5945,2098,7932,-15616
25178,-1856,654,2698,7068,-19072
22228,-1856,7951,1018,8196,-18624
16040,-1856,4417,1170,8796,-17524
13453,-1856,753,2306,8732,-17172
14188,-1856,1511,2514,8292,-18172
13713,-1824,2898,2166,9228,-18900
10462,-1856,4044,2166,9120,-19416
7787,-1824,3352,2678,9364,-18640
7359,-1824,141,3042,8764,-19172
6000,-1856,1593,2670,7884,-18508
4759,-1856,1589,3030,8236,-19576
3490,-1856,556,3134,7628,-19552
1256,-1888,1728,3870,7340,-19356
-1028,-1856,1848,3602,7172,-18620
-2239,-1824,722,3906,6840,-17648
-3279,-1824,432,3862,6596,-16812
-3911,-1824,676,4158,6556,-15888
-4849,-1824,-990,3962,6236,-14588
3
19515,-1856,-32598,26850,-1824,32767
-32559,-1872,-28498,31817,-19984,27712
-32559,-1872,-24960,31817,2424,22908
-32559,-1840,-22864,31817,13612,-6324
-32559,-1808,16732,16590,4756,-10428
-32559,-1840,-485,15178,17260,-23400
-32559,-1872,8916,3130,5616,-22020
-32559,-1872,-2200,-4934,19900,-19844
-32559,-1840,-435,-8174,836,-23360
-32559,-1840,-1332,-13002,5580,-10740
17493,-1840,-9926,-12990,9808,-13016
18092,-1840,-4830,-7646,-440,-14516
27990,-1824,-5320,-6278,6332,-13748
25414,-1856,5812,-7082,5892,-13512
20575,-1888,12500,-4790,5988,-14408
21625,-1856,4612,-4130,6512,-12356
19199,-1824,5573,-4370,4092,-11116
16151,-1856,6484,-3502,5132,-13492
16496,-1856,387,-1718,3944,-16632
18114,-1856,3248,-2806,3648,-15104
15055,-1824,3731,-2086,5348,-15656
12961,-1856,1281,-1938,4304,-15168
9788,-1824,-923,-1654,4980,-13320
7960,-1856,710,-886,3300,-14176
8611,-1856,-1018,170,4900,-14272
8508,-1824,-3958,366,3628,-13428
10128,-1856,693,1330,3708,-13940
11511,-1856,2520,746,6444,-13400
10922,-1856,243,1742,5200,-15776
10502,-1824,325,1942,5528,-17348
10486,-1856,617,2058,5836,-17688
6276,-1888,986,1902,6744,-19036
3
-32559,-1824,-7851,31817,13124,-13368
-32559,-1856,18309,4914,19700,-21152
-32559,-1856,11549,-6794,24136,-7700
-32559,-1856,17847,2994,-1612,-20824
-32559,-1888,17677,-5894,2872,-16108
-32559,-1856,5842,-9182,2452,-5796
20059,-1856,-2521,-8474,-1436,-7816
28371,-1856,-7671,-4086,-984,-11828
25114,-1824,-5491,-6410,752,-8248
20929,-1856,-1287,-6686,2008,-6964
24191,-1856,-6212,-2906,1320,-16924
28835,-1856,-8058,-6078,3244,-7540
22081,-1840,-2673,-3666,3356,-10668
21124,-1856,-2120,-1930,4528,-12880
22420,-1824,-7053,-2394,6192,-13432
20221,-1824,-943,-2226,6248,-13436
18169,-1824,-789,-1242,6756,-15608
19118,-1856,-4061,-1162,6340,-18152
15143,-1824,229,-1918,6296,-16604
9787,-1824,-250,-2194,6044,-16664
8241,-1856,-2416,-254,4896,-17192
7457,-1856,-429,-418,5580,-14740
7136,-1856,120,322,4956,-14952
7545,-1840,-871,302,6272,-15856
8172,-1840,4981,250,5156,-16228
5454,-1872,2588,-282,6776,-16100
5820,-1840,-447,702,5324,-19156
5609,-1840,1439,42,6304,-18684
2848,-1840,4056,134,6420,-18628
791,-1840,1115,346,6832,-19504
-292,-1872,-442,434,6576,-18276
-1935,-1840,785,1026,5848,-17420
3
-32559,-1824,-5222,1674,14144,-17336
-32559,-1856,-1232,4466,13036,-18036
25676,-1856,-7609,-4642,12120,-14732
31553,-1856,-7118,-1534,2540,-19400
-32559,-1856,-4896,-7606,816,-7276
21450,-1824,-6657,-11142,8052,-5472
17842,-1856,-5119,-8058,-192,-15440
25094,-1856,-3846,-8570,5728,-10800
16459,-1856,-6056,-12430,6852,-6004
12135,-1856,-6389,-8082,1232,-10856
19095,-1824,-2974,-7234,4144,-10684
15126,-1856,-667,-9158,5460,-6968
10031,-1856,3083,-7662,3884,-9224
16297,-1856,895,-4466,4700,-14320
18255,-1856,-4075,-7198,7600,-9040
16102,-1856,832,-5302,5004,-10872
17775,-1856,-16,-2642,6904,-13880
18284,-1888,-3368,-4162,7888,-12228
14240,-1824,1240,-3894,7880,-13080
11807,-1856,-1536,-2378,9656,-14988
12093,-1856,-1764,-2282,7756,-15340
10792,-1856,5142,-2978,8688,-16056
8144,-1856,6443,-1998,8808,-17348
6775,-1824,9610,-2210,7304,-16224
5699,-1840,7433,-2338,8780,-16488
5738,-1824,7260,-926,6584,-16628
6751,-1872,7628,-1778,7916,-16816
5223,-1856,4393,-1514,8532,-17224
2243,-1840,774,-1394,8052,-16848
127,-1824,-863,-742,7124,-16996
-70,-1872,1244,-274,7256,-15552
-638,-1824,1174,-562,7488,-15456
3
-32559,-1792,-14720,31817,-31364,32648
-32559,-1824,-7692,31817,-1088,32767
-32559,-1824,-32598,31817,27492,18780
-32559,-1856,710,21298,17480,7176
-32559,-1824,-32599,19666,15452,-10388
-32559,-1840,1991,22970,15912,-32768
-32559,-1840,5446,6938,-4628,-9512
24172,-1840,12836,-2566,-10212,-24088
28068,-1808,-7227,-2134,-4072,-29588
23826,-1840,-19849,-14894,-720,-15328
18617,-1840,813,-13530,-884,-7784
12207,-1840,-11722,-13738,4044,-11604
21705,-1840,-17292,-10010,1148,-13472
20386,-1872,1169,-10978,828,-9812
11734,-1840,2031,-10706,5524,-11672
14795,-1840,-9180,-7450,2040,-16160
15113,-1872,-4145,-9146,1764,-12512
13245,-1840,975,-8090,4468,-12044
13516,-1840,-4598,-5762,3992,-14088
15650,-1840,-847,-5766,3184,-12860
14303,-1840,4136,-6538,7180,-11724
12703,-1840,-1690,-4414,6256,-12584
14159,-1840,-1171,-3078,4356,-13684
14059,-1872,3776,-3202,6464,-13516
12541,-1840,3595,-2030,6452,-14988
12163,-1840,4792,-1226,5300,-16784
9764,-1840,4553,-2722,6896,-14944
7199,-1840,-908,-2526,7108,-16476
5842,-1840,926,-1466,6228,-17332
4013,-1840,420,-2294,7692,-16084
2856,-1840,-1799,-1322,5688,-17444
2397,-1840,-716,-1090,6284,-17252
3
8709,-1824,-16413,10422,23732,29212
4838,-1872,-29126,12230,3276,32767
4720,-1808,-30989,16578,5216,32767
8839,-1840,-32598,18922,-3212,32767
16813,-1872,-20697,19302,-4724,27384
-32559,-1856,-307,13986,2620,-80
-32559,-1840,30576,17486,-14568,-16968
-32559,-1840,23719,8826,6360,3212
-32559,-1840,-25740,4046,4376,-16028
-32559,-1840,7750,-446,-2108,-15732
-32559,-1840,3544,-9842,23696,-6664
-32559,-1872,-20682,1166,4932,-30984
-32559,-1872,-7529,-4574,2452,-17948
20278,-1840,-2945,-11234,14768,-10044
19693,-1840,-14207,758,2468,-24480
27782,-1840,-16178,-5734,5776,-16016
15688,-1872,-1794,-4806,10000,-13696
11448,-1840,-4625,-4618,7884,-17072
11563,-1840,-3257,-4778,6576,-15184
12139,-1856,-1913,-4846,8376,-13636
11676,-1856,557,-4654,7184,-12924
12585,-1824,2868,-3574,7920,-14924
12791,-1824,3856,-4130,9268,-13148
9565,-1824,3854,-3022,8552,-13568
6930,-1824,2122,-2486,8872,-14656
6994,-1824,3322,-1738,7476,-14192
6677,-1856,5509,-1062,7348,-12576
6334,-1856,3668,-638,7348,-13756
7975,-1824,3654,70,7400,-14144
7528,-1856,5658,50,7432,-15180
3
-32559,-1808,-32598,31817,24216,-1816
-32559,-1840,-944,31817,32468,-18072
-32559,-1840,-23078,21498,25408,-32768
-32559,-1872,7512,-5378,12384,-32768
25296,-1840,16933,-7422,9368,-32768
14781,-1840,-16257,-14418,4552,-20424
11283,-1840,-17540,-15154,-168,-14380
14050,-1840,2550,-14398,4476,-15408
12805,-1840,-1019,-11726,8828,-13920
15503,-1824,308,-8406,3824,-12908
8945,-1824,-1832,-10114,6892,-9332
8362,-1824,-4892,-5678,4880,-12920
11807,-1856,-7083,-5642,7064,-11936
12724,-1856,2492,-5530,8056,-12440
12447,-1856,2679,-5046,9248,-11824
13853,-1824,1029,-3854,6656,-11920
12244,-1856,-111,-3842,9008,-11420
11510,-1824,-1603,-3246,8696,-12584
12883,-1856,-866,-2178,8232,-13536
12950,-1824,1695,-1122,8924,-14244
11911,-1856,488,-902,9632,-15392
11293,-1824,-923,-138,8112,-16388
8527,-1856,2162,-598,8616,-15984
6237,-1808,2227,-86,8944,-15656
4403,-1824,1284,58,8176,-15004
2796,-1824,1190,402,7544,-15528
1825,-1856,2699,1090,8172,-14480
2338,-1856,1430,910,8164,-15220
2070,-1824,-258,1130,8232,-15176
1464,-1856,-426,1274,7340,-15768
1099,-1824,1052,974,7692,-15480
-9,-1808,-306,1174,8292,-15360
3
-32559,-1840,-26955,31817,-692,31208
-32559,-1824,23723,28454,23788,6444
-32559,-1824,11957,26518,32467,-11196
-32559,-1856,-15425,21990,-3052,-32768
-32559,-1856,27444,11434,-18240,-31948
-32559,-1888,21697,-5310,8156,-10268
27658,-1856,-12254,-14974,2884,-1296
23582,-1824,-16992,-11110,-3380,-3788
30007,-1824,5653,-9498,-1768,-5272
31161,-1824,5634,-13302,5488,-3828
29047,-1824,-2476,-9818,3784,-8952
27187,-1856,96,-8358,2792,-10292
30961,-1856,880,-6762,3496,-13992
25588,-1824,-3658,-8982,9024,-12300
19676,-1856,-6463,-5562,8316,-13504
20494,-1856,-8006,-4342,6600,-16392
21029,-1856,-2769,-4142,8520,-13564
17074,-1856,-3351,-3230,10988,-13328
19274,-1840,-4571,-950,11516,-15064
20286,-1824,150,-798,9024,-15276
16095,-1840,4605,-2158,10724,-14656
12869,-1856,4511,-1858,10564,-16692
9005,-1872,3002,-1214,10500,-15484
6131,-1824,3214,-1146,9212,-14872
5279,-1840,5267,-418,8644,-14976
5631,-1856,4861,-282,9748,-14748
4791,-1840,3466,-270,8860,-13980
4045,-1888,3650,246,8044,-14272
3918,-1840,2803,1042,7944,-14888
3323,-1824,4219,1154,7456,-13976
2018,-1872,2069,1182,8008,-14232
2947,-1856,-972,1446,6732,-15508
3
-32559,-1824,11627,31817,15520,32767
-32559,-1856,15629,31817,32467,11576
-32559,-1856,-32598,31817,14392,-28772
-32559,-1856,-13166,31817,32468,-32768
-32559,-1856,-10046,7146,13028,-23036
-32559,-1824,-31874,8578,-5932,-17724
-32559,-1856,-656,1966,-11844,-26012
-32559,-1824,-9992,-5646,1524,-8096
12007,-1824,-24853,-11622,2464,-19352
16466,-1824,-15849,-5114,680,-19380
18527,-1824,-10660,-8730,5776,-16676
14125,-1824,-7761,-11114,4832,-15276
11783,-1856,-3165,-8586,2644,-13080
12381,-1856,-5805,-6498,4100,-11372
13149,-1824,-6640,-8218,5096,-9352
13430,-1824,-3658,-4618,5620,-11752
15941,-1824,-2908,-3266,8852,-12536
13698,-1824,-1572,-3530,8724,-12492
11635,-1824,-4174,-3290,8840,-12712
11245,-1856,-4974,-1346,7668,-13796
12040,-1856,-3629,-1790,9792,-13064
10449,-1824,-1223,-1154,9296,-13448
8612,-1824,-2297,-234,9560,-15044
7319,-1824,-1064,322,8864,-13900
5078,-1856,439,502,9220,-12796
4076,-1824,-863,1150,8600,-13156
4302,-1824,-578,1662,8424,-12124
4470,-1856,533,1130,9300,-12068
5471,-1856,171,1950,9828,-13628
6106,-1856,550,1238,10900,-14064
4588,-1856,2204,1538,11212,-14936
3633,-1856,1486,1798,11656,-17104
3
28529,-1840,-24432,-3370,14816,-2756
32555,-1856,-26839,5250,-17948,-13648
-32559,-1856,3182,3850,-8632,-16636
-32559,-1824,-19658,1862,3532,-12092
24869,-1856,-13419,-1334,-1552,-18468
24156,-1840,-3676,-2530,556,-18864
21148,-1792,-11847,-8462,6048,-14808
19572,-1840,-7385,-7418,1700,-17656
16656,-1840,-2491,-8262,6820,-16456
14850,-1840,-1675,-7290,5768,-16380
12925,-1840,-2528,-8570,8072,-15328
11265,-1840,-3780,-6814,7588,-15528
9640,-1824,-3300,-3554,7384,-12848
10647,-1856,-3308,-2310,7372,-12688
12101,-1856,-2952,-2058,8364,-13520
11405,-1856,-2083,-2302,8696,-13752
9254,-1856,-2181,-1438,9176,-14448
7454,-1824,-3024,-1066,9232,-15388
6139,-1792,-2053,-538,8560,-14468
5268,-1824,-134,122,8540,-13856
4438,-1856,-271,270,8348,-12984
4122,-1856,-1644,1162,8248,-12416
4904,-1856,-1923,1762,7712,-12084
5297,-1824,-1197,1906,8176,-12544
6243,-1808,764,2546,8296,-14160
6083,-1840,912,2170,9800,-14276
5076,-1840,667,2110,9240,-15392
3865,-1872,857,2018,9920,-15904
2054,-1840,-359,2438,10172,-15832
656,-1808,-1745,2742,9496,-15988
3
-32559,-1840,4514,31817,10172,28952
27390,-1856,-32598,30138,32467,5736
6014,-1856,-32598,-5934,15036,-22600
14681,-1824,-32599,16042,7216,-25424
30212,-1856,-32599,-3386,8296,-12320
31313,-1824,12607,-10670,4008,8084
18382,-1824,-2148,-11662,-1188,2980
16054,-1856,11641,-11558,-3940,-2892
15844,-1824,4896,-13210,7276,-1732
14612,-1856,-11737,-13062,6588,1820
8796,-1824,-5032,-13150,2852,288
9257,-1824,9233,-12038,2200,-1616
14443,-1824,6225,-12930,5516,-2020
13087,-1824,-1119,-15234,7668,2160
10719,-1824,2823,-13538,1592,-8
12035,-1792,11783,-13154,2896,-1552
14674,-1824,9684,-13966,6172,-1456
16144,-1792,10330,-13326,1524,-2424
17950,-1824,23515,-12570,4152,-4676
20559,-1824,18406,-13010,7888,-3136
21106,-1824,18724,-11510,2724,-7104
23149,-1824,27083,-9722,4272,-10548
23888,-1856,13954,-9510,9128,-11404
22763,-1824,3480,-8846,4416,-11196
21054,-1824,11888,-5950,1300,-13764
19438,-1824,7699,-6678,5840,-14208
20440,-1824,1292,-4478,4008,-14804
22204,-1824,5575,-3190,1056,-14760
21941,-1824,7952,-2274,4508,-15160
22705,-1840,4052,-54,4040,-17220
24072,-1840,-915,-354,2492,-19296
17946,-1872,1772,-1066,3200,-19172
3
-32559,-1824,-31129,31817,26004,7708
-32559,-1856,-27278,15390,32467,-26904
21365,-1824,-6884,-8694,26248,-21684
3626,-1792,4249,-6790,7276,-11704
7826,-1792,-27562,-6766,2352,6964
9048,-1824,-25921,-7922,-3792,6404
10938,-1824,-12328,-11014,-4540,10240
10115,-1824,-1326,-8246,-4112,10420
16442,-1824,735,-5878,-3384,9188
22970,-1824,2259,-8422,-2284,9064
21609,-1856,7311,-11006,-552,9812
17091,-1824,5323,-11570,3056,6984
21012,-1824,4092,-14334,3648,5436
19722,-1824,1247,-12574,2252,764
23128,-1824,5736,-12966,2692,-48
20303,-1824,11674,-14122,5624,3104
13037,-1824,3164,-13174,8484,-964
19369,-1856,-2483,-10102,3180,-6908
23442,-1856,4616,-11822,3956,-3776
20461,-1824,7258,-12290,5700,-3412
20068,-1840,9897,-9150,2528,-8224
24500,-1792,10565,-7286,2992,-8216
22855,-1840,5731,-7286,5852,-6556
22906,-1824,9208,-3162,2412,-10708
25685,-1840,8110,-3010,5228,-12948
24509,-1840,6066,-3014,6220,-12312
24317,-1872,6859,-1386,4120,-14948
25567,-1840,6665,-998,7176,-18376
25489,-1840,6059,-1982,6792,-20996
20027,-1808,12739,-3298,5748,-20040
3
-32559,-1824,-32598,31817,31400,31920
-32559,-1840,-32279,31817,32467,-14660
-32559,-1856,-32599,17430,10644,-32768
-32559,-1824,-32599,7398,10684,1364
-4838,-1824,-9878,-1742,4440,-19940
32044,-1856,-32598,12742,-5996,-32768
15154,-1856,3219,-10510,-8332,-9396
20404,-1856,7622,-10966,-1960,-3288
14868,-1824,-9153,-8830,2712,-1952
15871,-1824,4147,-9974,1900,-5012
16165,-1824,-9625,-6554,1060,-13472
19955,-1856,-11983,-9546,1116,-10052
16057,-1824,-3264,-11170,2452,-8684
13799,-1808,-2361,-10066,3832,-10908
18255,-1840,-5657,-7182,2980,-13356
17258,-1840,-5592,-9294,5492,-10232
17238,-1808,-1547,-6734,4592,-11988
16482,-1840,-290,-5246,5656,-13324
16933,-1840,-4350,-4458,7420,-12572
15213,-1840,-6470,-4142,6904,-12648
15027,-1840,-4311,-3022,7220,-13288
15457,-1840,-1175,-1666,7864,-14888
15906,-1840,988,-1742,8028,-16056
13918,-1872,2619,-910,7436,-15140
8218,-1840,2793,-1330,7460,-11632
6617,-1840,2390,46,6888,-12848
9512,-1808,3076,1250,6708,-13848
10639,-1840,5068,630,7444,-14588
10526,-1872,3489,754,8080,-16132
9192,-1808,2577,526,8736,-16960
3
-32559,-1840,-29014,21562,13104,32767
-32559,-1840,-32598,29606,22604,92
-32559,-1872,9865,16610,32467,-32768
-32559,-1872,-32599,222,19380,-23356
9669,-1840,-22962,-2430,18628,1684
-7250,-1808,-32598,5162,2972,-14388
17072,-1840,-32598,3638,-18088,-4832
21699,-1872,-15218,-4922,-7748,28
23690,-1840,-12706,-7270,-5548,652
26873,-1808,-12909,-8526,-5464,-2784
21422,-1840,-3796,-11858,-1204,-628
16430,-1840,-3382,-11514,3260,-488
15109,-1840,-14972,-12430,1480,-3608
21061,-1840,-9410,-10130,-2800,-8072
20602,-1792,157,-11894,2376,-3428
18325,-1856,-5485,-11978,4508,-4128
20142,-1856,-4895,-10322,1280,-7900
25083,-1824,4629,-9030,2936,-5120
19020,-1824,1222,-10546,8588,-5304
19341,-1856,703,-8722,4312,-8368
23039,-1888,5273,-7306,4088,-11008
27444,-1824,12694,-5602,5976,-14372
23029,-1856,10728,-7518,10236,-14868
18996,-1792,6468,-5222,6692,-16268
20140,-1824,7530,-4678,3800,-16664
18322,-1824,8909,-4842,5096,-15160
17025,-1824,3351,-2634,5184,-16120
18357,-1824,1390,-1506,3496,-17696
14233,-1824,3841,-2730,5592,-15604
11539,-1824,1818,-878,4992,-16668
12181,-1856,1560,-290,2680,-17932
11887,-1824,6777,-18,3736,-16652
3
-32559,-1808,-5042,28762,-14916,-32768
-32559,-1824,-8660,9578,9736,-20748
15218,-1840,-17352,-6614,5352,-19812
26885,-1824,-13270,1606,-6836,-25488
26248,-1840,-6752,-8842,3860,-16980
9473,-1824,-3786,-12946,4836,-11856
13219,-1840,-14208,-8566,-2152,-20736
13854,-1856,-6028,-13270,876,-11416
8568,-1840,-3597,-12262,1440,-12668
8654,-1824,-313,-11822,1256,-11112
8201,-1840,1665,-11842,1912,-9272
8387,-1824,7223,-11406,3972,-7652
11117,-1840,5765,-10798,3672,-8392
11449,-1840,4134,-9802,3584,-8292
11591,-1840,8635,-9166,2936,-8000
11191,-1808,5477,-8738,5660,-7560
12155,-1840,-773,-7070,4620,-8716
13810,-1840,-1645,-5122,2260,-8664
15276,-1808,785,-4538,3120,-8840
16584,-1824,-1624,-3306,4600,-9816
18803,-1824,-901,-690,3216,-11140
19171,-1824,1803,-446,4232,-11272
19371,-1856,2255,190,4392,-14332
18348,-1824,854,358,4920,-15380
15861,-1824,186,18,4868,-16260
12714,-1792,382,726,5572,-17160
11237,-1824,371,1254,5800,-17496
10966,-1824,92,1638,5768,-18036
12585,-1824,82,2046,5580,-19216
9743,-1824,2022,1650,6588,-18264
7244,-1856,2545,2530,6276,-19216
6382,-1856,-1109,2338,6596,-19536
3
-32559,-1824,2366,28862,8460,32767
-32559,-1840,10970,31817,32467,1460
-32559,-1840,18869,24022,27708,-28280
1405,-1840,-21230,1618,-3032,-7656
8897,-1872,-18540,-1214,-10948,-13500
21813,-1808,-23803,-9186,-3936,-9188
23952,-1808,-13901,-12866,-3756,-7428
21619,-1872,-6426,-13942,1072,-3728
17435,-1840,-7293,-13218,888,-7008
20319,-1840,-3325,-11150,-2612,-9692
20419,-1872,-1096,-11682,-108,-8516
11129,-1840,-6289,-13158,2852,-8272
16314,-1840,-7315,-6754,-3748,-14872
20532,-1824,-3261,-9914,1576,-12560
16785,-1840,-3799,-10406,5380,-10784
15939,-1840,-4401,-7378,1800,-11912
20063,-1840,-599,-5502,1200,-16204
16875,-1840,1719,-7362,6192,-12580
13610,-1840,-4538,-5346,4536,-13644
13311,-1840,-2462,-4510,2384,-13884
14622,-1840,544,-3446,3544,-14520
14826,-1808,544,-2830,5528,-14336
14997,-1840,-130,-1246,4156,-15044
15867,-1840,313,-846,4216,-15072
14846,-1840,-1252,94,5224,-15012
11794,-1872,-1458,602,5124,-14344
10372,-1808,191,1730,3784,-13352
10290,-1840,414,2730,4048,-13336
10005,-1840,-61,2826,3924,-13160
9274,-1840,-6121,7170,5712,-12612
3
-32559,-1840,-1016,25830,23348,-28516
-32559,-1840,8621,25186,-18616,-6212
20638,-1872,-17856,3962,-29612,15268
27546,-1840,-13424,-3190,-26252,-32768
-32559,-1872,-32598,10426,11892,-25872
32045,-1840,17698,-6882,1596,-16444
15806,-1840,1492,-6674,1936,-22736
19146,-1840,-14282,-3010,2752,-15524
11369,-1840,323,-10326,-1812,-10420
2957,-1840,-5764,-13642,296,-8740
8689,-1840,-8964,-10466,-1148,-10444
9327,-1808,-3783,-12914,316,-7612
6429,-1840,-2726,-13134,3900,-6960
9445,-1872,-2881,-9414,2004,-11792
11509,-1840,-913,-11074,4092,-9064
10776,-1840,1726,-10006,4000,-8892
9075,-1840,577,-8638,3728,-9008
11063,-1840,-1231,-5566,5260,-8300
14754,-1808,-959,-3270,3360,-11408
17571,-1808,1741,-3946,5816,-10308
18365,-1840,1541,-2590,6540,-11200
18838,-1840,578,-1606,6668,-13620
19579,-1840,2970,-818,6220,-15588
15938,-1840,5921,-1522,7020,-17320
11598,-1824,7307,-1822,6356,-18316
8397,-1856,4741,-854,6412,-17216
7093,-1856,2470,-310,5944,-16676
7856,-1824,3471,678,5024,-16528
6945,-1856,3852,830,5180,-16040
7956,-1792,4257,1158,4816,-15984
3
-32559,-1840,2280,31817,10624,-32768
-32559,-1840,29654,8414,10976,-21992
24971,-1824,19903,7822,19280,-11824
-32559,-1808,-21911,5030,916,-20592
-32559,-1824,20305,-6106,-3704,-8136
-32559,-1872,8655,-11414,9656,1788
18607,-1856,-4159,-11526,3340,-3844
24097,-1840,238,-5650,-1488,-11488
24252,-1824,6073,-12442,4168,-7932
15898,-1808,1381,-14210,7400,-4272
9568,-1856,-7657,-13026,3012,-8888
11960,-1840,2592,-13870,332,-8904
13864,-1824,3095,-14798,2932,-7324
14853,-1840,2738,-14698,2588,-7064
17947,-1824,11498,-13406,-896,-6836
14047,-1840,11026,-14478,5368,-5132
11883,-1856,-1356,-11842,4716,-7272
15557,-1840,246,-9246,-2876,-9908
16695,-1856,5971,-9934,2312,-7480
16731,-1872,-1575,-9062,5752,-7580
23005,-1840,-3839,-5214,340,-13164
23491,-1808,7552,-7326,4880,-9500
17974,-1872,359,-5186,6796,-11224
20059,-1840,-8512,-2790,3028,-15680
21360,-1840,-1339,-2350,3840,-15876
19316,-1872,259,-2154,6868,-16220
17670,-1840,387,-2034,5324,-18600
14299,-1840,1510,-1786,3960,-19556
11598,-1808,3915,-2038,5960,-18792
10065,-1808,2079,-910,5856,-17788
5630,-1840,-1177,-966,5456,-16636
2850,-1840,507,-114,5276,-17024
3
9123,-1856,-12471,31817,16548,32767
-32559,-1824,9158,31817,6936,32767
-32559,-1856,-1123,31817,-2572,32767
-32559,-1824,-32598,31817,10436,32767
-32559,-1856,-30430,31817,8324,-3536
-32559,-1824,1640,26334,16892,-26400
-32559,-1824,-13450,20366,16636,-32768
-32559,-1856,24396,13238,-3100,-30464
-32559,-1856,-15389,7198,21560,-20140
27785,-1856,-13232,-3522,-6628,-11548
19679,-1856,-32599,-5954,1772,-6876
19779,-1856,28294,-6686,10916,-10580
27860,-1856,3649,-9102,7996,-6488
25759,-1792,15630,-11230,2460,-3984
18648,-1824,17688,-13174,6812,-4172
19228,-1824,4436,-10830,6316,-7392
20787,-1856,9984,-10594,172,-6380
17623,-1824,15862,-11698,8796,-4124
18465,-1824,8293,-8902,7832,-7648
26145,-1856,13265,-6746,-728,-10908
21357,-1840,18221,-9418,9020,-8396
20038,-1856,6990,-5258,7264,-10940
22219,-1840,4006,-3710,344,-13924
23057,-1824,5402,-4098,3880,-14812
18372,-1840,5481,-3646,6216,-15780
14737,-1856,5866,-3310,2704,-17548
12449,-1840,5123,-3606,3856,-17208
11755,-1824,1680,-2006,4776,-16812
11293,-1808,1009,-1610,3396,-15708
12200,-1824,2840,-1042,2996,-16880
10350,-1808,3226,-594,3940,-16656
9183,-1824,105,-482,4192,-17100
3
-32559,-1856,11047,20866,32467,4800
-32559,-1856,1872,9386,32467,-30344
-32559,-1856,16701,13434,-14596,-18620
13284,-1856,-14744,11814,-11460,-7288
13681,-1824,-25908,13866,-11772,-9516
21487,-1824,-32598,-2010,-8248,-4464
24755,-1856,-24176,-7934,-7036,-1840
20652,-1856,-7137,-10722,-124,1716
15705,-1824,-13170,-9682,2952,-3264
24430,-1824,-16505,-7702,-264,-9816
24089,-1856,-1153,-10886,1264,-3528
10920,-1824,-7719,-12726,5392,-4848
20260,-1824,-15349,-7546,1548,-12668
25263,-1856,-4640,-9886,1660,-9744
22642,-1856,231,-10806,3868,-7784
16649,-1856,-3805,-9198,3296,-9164
21823,-1856,-2820,-5310,1516,-12148
22042,-1856,-1011,-5654,4388,-9284
19419,-1856,-3715,-3790,5352,-8848
19622,-1824,-3245,-990,3704,-10832
23146,-1856,-2288,490,5924,-11028
23734,-1824,-5003,1902,7204,-10768
24984,-1824,-2027,3530,6172,-15320
25067,-1792,3241,1302,7344,-19584
16938,-1824,5205,146,8492,-15888
11835,-1856,328,1502,7028,-17080
10535,-1824,936,2514,7056,-17564
9730,-1824,1611,2414,8324,-17712
10234,-1856,716,3234,8200,-19952
7572,-1840,903,2802,8460,-19220
5130,-1824,1400,2550,8604,-19160
3829,-1792,893,2934,8420,-18348
3
-32559,-1872,-14942,30846,16692,5260
-32559,-1856,9294,17278,7316,-5072
-32559,-1856,29082,9446,8000,-3008
-32559,-1856,19039,14294,4028,-5392
-32559,-1856,-8692,11338,1788,-7608
-32559,-1856,-20596,8470,-3588,-6104
-32559,-1824,-11941,5526,-5040,-2804
-32559,-1808,-5692,4710,288,-2488
-32559,-1856,-10847,5778,-1284,-6952
-32559,-1840,-8692,5530,-3480,-8568
-32559,-1840,-1898,5438,-2304,-7688
-32559,-1840,-4249,4538,1408,-7400
-32559,-1808,-7634,9434,824,-11856
-32559,-1840,-10032,10186,1428,-6928
20777,-1840,-17188,14786,7524,-7032
-32559,-1840,-8283,30282,2068,-32768
-32559,-1840,16905,-8706,3888,10604
3935,-1840,-10086,31818,14576,-26108
-4380,-1840,-8354,12602,2096,-32768
5656,-1840,3851,2678,15332,-32768
13115,-1840,10439,66,11988,-29020
2438,-1840,2526,-2146,10400,-26764
-7382,-1824,-1878,1934,8200,-22468
-10896,-1840,-1677,2606,6992,-18176
-9820,-1824,-1642,4074,4256,-15628
-6021,-1824,313,4758,4252,-12976
-3891,-1824,-236,3150,5436,-11156
-3943,-1856,299,3054,4896,-10836
-1552,-1856,361,2558,4340,-10992
1957,-1856,-2373,2146,6040,-11880
2294,-1824,-4278,1470,5924,-11520
247,-1856,-3573,1946,5244,-13184
3
13251,-1856,-4963,31817,25596,12776
24696,-1856,1619,31817,32467,32767
32460,-1856,-5980,31817,31940,32767
-32559,-1856,-21388,31817,19500,32767
-32559,-1824,-25164,31817,11312,27952
-32559,-1856,-11333,31817,19152,7896
-32559,-1856,-23316,21002,23880,-27488
-32559,-1856,-16468,12606,10828,-27360
24904,-1856,1091,18486,-3540,-21900
-32559,-1824,-2835,15514,3924,-14984
29745,-1856,-14750,9210,-4376,-11008
31806,-1824,-9418,3618,-10052,-10112
27472,-1856,-2086,-3658,-5052,-6104
25779,-1856,-4973,-5754,-1120,-3740
27193,-1856,-5878,-7594,1144,-2664
29857,-1824,-4628,-6362,748,-1208
27940,-1824,-2237,-4566,2816,-2052
29462,-1856,-3700,-2038,3344,-4840
32614,-1824,-4361,-582,1780,-7436
30716,-1856,-2009,-778,1420,-6892
30202,-1856,-2092,1274,4672,-8768
-32559,-1856,-5803,3310,5324,-12604
-32559,-1824,-4251,4866,2532,-15816
-32559,-1856,-562,7046,7996,-23256
-32559,-1824,-5488,7134,10376,-32768
-32559,-1824,6638,-950,4508,-32768
21967,-1856,15854,-7406,12952,-27224
6438,-1856,9296,1274,7188,-30472
2293,-1856,966,-1122,6608,-30244
5188,-1856,-2094,-266,4740,-29392
4853,-1824,682,10,5208,-24504
-966,-1824,4054,998,5544,-20568
3
3807,-1792,-11816,1126,10516,-28280
-6585,-1856,-3940,1034,11576,-28344
6599,-1856,-3577,2474,8664,-27992
5535,-1824,1887,-902,9500,-22740
-729,-1824,-362,486,8748,-20636
-3284,-1824,-2982,1986,8504,-19760
-6303,-1856,-4585,2462,7260,-16804
-7972,-1824,-3626,3286,4580,-13612
-7746,-1824,-189,3586,5096,-13568
-3878,-1856,-916,3478,4352,-12864
-2746,-1824,-2051,1842,6016,-11220
-2972,-1856,-1944,1454,6544,-10252
-2262,-1856,-2515,1522,5740,-11136
-1739,-1824,-2900,670,6776,-11356
-1449,-1856,-1286,662,6440,-11340
242,-1824,-809,542,6612,-11872
-452,-1824,-1321,-286,7392,-11684
-769,-1824,-1757,334,7076,-12192
315,-1824,-1133,542,6972,-12616
769,-1824,-365,518,7016,-12412
-411,-1856,-536,366,7552,-11980
-814,-1856,201,574,7276,-13176
381,-1856,-93,438,7224,-13308
227,-1856,-193,410,7244,-12568
58,-1856,-351,370,7224,-12728
336,-1824,642,454,7248,-12968
823,-1856,137,730,7196,-12588
359,-1856,-956,554,7240,-13156
-206,-1856,589,838,7180,-13184
-206,-1824,155,410,7640,-12660
-106,-1824,-1211,730,7616,-12884
-192,-1824,-1497,850,6988,-12580
3
-32559,-1856,15116,3750,27344,-32768
5741,-1888,3017,3642,9812,-32768
-937,-1856,-14831,8986,18768,-32768
2239,-1856,5577,-1154,14412,-32768
6697,-1856,11155,5422,12884,-32724
-11170,-1856,-4777,2486,12584,-23932
-18463,-1824,-5919,6086,7972,-17624
-18906,-1856,-6257,6782,5108,-13832
-16446,-1856,-5693,7294,3812,-12768
-10649,-1856,-5282,7522,1940,-11124
-8788,-1824,-5948,5190,3956,-5408
-8394,-1824,-5647,4406,5280,-6532
-3173,-1856,-3688,3898,4020,-9592
1950,-1824,-2078,2466,6692,-9960
3868,-1824,-2273,1938,7692,-9196
4640,-1792,-1568,1942,6448,-10208
3600,-1856,213,1538,8188,-12128
2538,-1824,1347,1146,8260,-12336
156,-1856,-373,1454,9152,-11828
-343,-1856,-2431,1586,7944,-13196
-985,-1856,-1762,1214,8644,-13196
-1421,-1856,-1873,1794,7932,-12620
-440,-1824,-1157,1826,8480,-13340
-622,-1824,-1669,1858,8508,-12948
-1402,-1856,-1711,1594,8780,-12268
-1426,-1856,-1692,1986,8384,-12716
-1000,-1824,-1486,2426,7792,-12324
-1342,-1856,-1209,1926,8492,-11920
-1693,-1856,-1145,1506,8728,-11840
-1181,-1824,-1381,2346,8660,-12336
-1282,-1824,-1229,2058,8784,-11812
-1689,-1824,-963,2250,8884,-11648
3
-2963,-1824,-32598,31817,32467,32767
17036,-1808,-32598,31817,27544,27944
-32559,-1808,-12253,31817,21508,12904
-32559,-1840,-1320,31817,11756,-3388
-32559,-1840,-9318,31817,4808,-9724
-32559,-1824,-1212,31817,-9108,-12660
-32559,-1824,2481,28146,-10120,-13112
-32559,-1824,-2592,16842,9384,-3584
-32559,-1824,-28670,10478,14652,-8976
29713,-1856,-32598,5866,1608,-10788
29259,-1824,-15232,-50,-4216,-13052
-32559,-1824,-4724,-2246,-4140,-13820
26601,-1824,-4465,-5990,4672,-1988
19321,-1856,-20652,-6250,9052,920
23737,-1824,-31765,-3934,-1032,-7256
-32559,-1856,-20890,-5402,-8208,-6712
-32559,-1824,-10941,-7870,-464,-2164
32654,-1824,-12519,-8090,2828,880
27758,-1824,-10646,-3914,-1508,-5848
-32559,-1856,-2740,-3662,-3068,-13960
-32559,-1856,1731,-6634,2524,-10892
25231,-1856,-8816,-7026,7032,-9428
24450,-1856,-10868,-3310,2612,-16320
29971,-1856,-1879,-4454,1760,-19016
28305,-1856,-2062,-4254,8488,-14364
22717,-1824,-46,-3350,5864,-14624
21002,-1840,2841,-2174,5148,-16176
22041,-1824,671,-1810,7700,-18092
20537,-1808,1132,-2338,6592,-16024
18978,-1824,4148,-958,6360,-18824
15676,-1840,5770,-1182,7220,-18456
8286,-1872,3366,-2530,9828,-19172
3
30049,-1824,-32599,31817,32467,32767
17416,-1856,15096,31817,32467,32767
28380,-1792,-8575,31817,32467,32767
-32559,-1824,-32598,31817,32467,29732
-32559,-1824,-32598,31817,-1804,-4804
-32559,-1824,-32598,31817,-22216,-20048
-32559,-1808,-20392,19686,-544,-8616
8896,-1792,-12033,12866,16912,-10968
16181,-1824,-4050,6270,4080,-18104
-32559,-1872,-6785,3502,-1052,-20512
-32559,-1840,-11302,-1210,7236,-2500
13368,-1840,-1752,-10298,7996,-244
14290,-1840,-8814,-5954,3772,-2840
21511,-1840,-14833,-6794,-260,-2156
28634,-1840,-3776,-7442,-4104,2076
26676,-1808,2764,-9898,3016,7040
20657,-1808,3493,-8002,-4,3244
26264,-1840,6217,-5782,-4512,-2720
29691,-1840,6020,-8578,-1180,820
26012,-1840,1974,-8790,560,284
24997,-1808,4733,-5754,-4412,-5504
-32559,-1808,6416,-6650,-2636,-9108
-32559,-1872,5789,-7186,692,-5996
26946,-1872,4265,-4362,-2728,-10284
-32559,-1840,5752,-2002,-1792,-18904
-32559,-1808,45,-4170,5148,-16896
-32559,-1872,867,-4002,3152,-25596
24405,-1840,5648,-7998,-756,-25176
15405,-1808,5991,-6558,1568,-23740
16422,-1840,-89,-3934,800,-21784
10870,-1808,4780,-4834,1444,-18264
4645,-1808,6109,-2970,1780,-19192
3
-32559,-1824,-32599,31817,32467,32767
-32559,-1808,32565,31817,32467,32767
-32559,-1840,-7450,31817,24300,18780
-32559,-1840,-10429,31817,-3620,-14008
-32559,-1808,-32598,18910,-988,-32768
29909,-1840,-15266,6870,-22712,-32768
13137,-1840,12602,4818,-1120,-5140
9073,-1808,-20767,6358,3892,-8152
22416,-1840,-31330,8154,-9464,-7640
28826,-1872,-4260,1098,-7748,-1460
27364,-1840,1087,-2606,1592,1924
22836,-1840,-8364,-3034,3276,1052
20957,-1840,-10326,-4338,704,28
20964,-1840,-6429,-5746,96,-1856
21415,-1840,-3069,-5702,1552,-2212
21457,-1872,-6099,-6438,1788,-3132
21591,-1840,-8652,-7834,2384,-3972
21314,-1840,-7426,-7958,1952,-4784
23647,-1840,-6343,-7870,1832,-7216
24615,-1808,-3894,-5898,3100,-8360
22717,-1872,-7699,-5014,6240,-9480
24014,-1840,-9142,-2658,4476,-11640
27501,-1840,-4749,-854,3400,-14408
26302,-1840,-2432,-918,8288,-13660
25079,-1808,-5129,1574,7464,-16068
28227,-1840,-1097,2838,5272,-19392
30538,-1840,491,2362,10744,-22844
29631,-1840,3069,222,8944,-25356
19939,-1840,7659,-1074,10424,-20928
6430,-1840,7181,542,11016,-21888
5011,-1840,1,1562,9684,-23568
3946,-1840,-71,1630,8332,-21180
3
-32559,-1840,-17628,31817,-1780,3228
-32559,-1840,-14917,31817,-1236,-10064
-32559,-1840,-17359,31817,-5160,-10892
-32559,-1840,-105,10986,-8600,-13196
28381,-1840,19455,4958,-1988,-16184
16434,-1840,8708,-2078,-140,-16232
22127,-1840,-13501,-8406,1492,-13504
20071,-1808,-9634,-8818,-1204,-9100
13533,-1808,-5756,-13414,1172,-1800
6974,-1824,-2912,-12690,1628,-3784
10341,-1856,-4179,-12146,476,-6112
10278,-1824,-3910,-13930,2656,-3300
11717,-1824,-7215,-13330,2236,-2584
14476,-1824,-8607,-11418,432,-2416
14123,-1856,-7198,-10474,-272,-1460
13672,-1856,-5317,-8758,380,-2488
16938,-1824,-1406,-6146,-1564,-4784
19596,-1824,-673,-6510,-728,-4544
20366,-1856,-1669,-5614,996,-5868
23682,-1824,1703,-2742,-848,-10388
28471,-1824,4690,-3706,1176,-11756
27263,-1856,2478,-3234,5744,-15452
27904,-1824,2321,-1630,5148,-20812
29124,-1824,-2920,-1754,7712,-21400
27481,-1856,-3686,-1370,6616,-24064
23969,-1856,1524,-1258,7080,-25768
15741,-1824,853,-2762,9652,-24904
9368,-1824,-667,-1878,6952,-23684
5180,-1824,-2007,-1190,6980,-21680
1546,-1856,-1984,-454,8016,-19372
3
3119,-1840,-5160,31817,16448,13036
18599,-1840,-4315,31817,23920,21252
-32559,-1840,-441,31817,16524,24348
-32559,-1840,-6170,31817,15444,11732
-32559,-1840,-25388,31817,8276,-6676
-32559,-1824,-32598,29478,-2908,-26728
-32559,-1856,-32598,14650,-13452,-21712
21323,-1856,-1921,4206,-2432,-19332
14607,-1856,2020,7214,-2704,-27388
21932,-1824,-10442,-2286,3636,-13724
15006,-1824,-15479,-3162,-4860,-5924
19347,-1824,-5554,-5238,-4512,936
15908,-1840,-9672,-5658,-3332,4156
16704,-1824,-11484,-6034,-5712,4496
19871,-1856,-7082,-5278,-5424,2520
26067,-1856,-8107,-2786,-1648,-3204
31181,-1808,-8269,-950,-764,-4052
27983,-1856,-5517,-150,1588,-3788
26689,-1872,-7062,2546,3104,-6080
28009,-1824,-5913,5650,2636,-7928
30469,-1808,-2285,8958,3256,-8512
31279,-1872,1923,8502,5736,-12992
-32559,-1840,8173,9582,8700,-22796
-32559,-1840,15309,3142,10748,-22572
23055,-1872,16629,-886,18988,-26032
12662,-1808,8446,1110,16676,-29808
12338,-1840,7441,-1670,17940,-31828
10801,-1840,7126,-2898,17832,-28660
4063,-1840,6282,-1830,15780,-24208
-2186,-1840,6643,338,12304,-22216
-2994,-1824,3416,1726,9720,-20968
-1575,-1840,-2041,3394,8028,-17320
3
19415,-1824,-4031,31817,4456,32767
30019,-1840,-431,31817,2120,32767
-32559,-1808,-23969,31817,-7412,32767
-32559,-1824,-2126,31817,-14720,32767
-32559,-1856,15284,31817,21356,12144
-32559,-1856,15712,31817,23268,-9596
-32559,-1824,-2098,27718,2332,-32768
-32559,-1824,20751,17834,-5312,-24512
17089,-1824,-3156,-8394,7176,-26052
358,-1856,-7177,1250,-8160,-17036
15478,-1856,-1168,-9506,1960,1404
12953,-1856,-252,-5546,348,-4812
20859,-1824,-3924,-6618,500,-3864
24005,-1856,2766,-5918,-1448,-4436
21006,-1840,8095,-6194,5780,-3552
19451,-1872,5695,-4574,4640,-6556
26392,-1840,17561,-2606,-6464,-11896
27603,-1808,22859,-4938,7712,-9708
24065,-1840,5248,-4482,7240,-13236
27375,-1840,4901,-506,-3360,-17560
29753,-1840,5729,-894,3332,-13948
28860,-1840,1112,3482,3568,-16356
31981,-1840,2834,3798,1632,-21304
-32759,-1840,4887,322,4900,-27616
21980,-1840,7568,-1866,4640,-26236
12347,-1808,1872,-1662,4636,-26348
8965,-1840,-1956,-758,3928,-28240
6799,-1824,-1841,-422,3264,-24804
3264,-1824,309,46,4192,-22272
493,-1824,-3817,402,4624,-21300
3
-32559,-1808,-26060,30630,32467,32767
-32559,-1808,-5684,31817,31424,12760
-32559,-1808,-6376,31817,25444,-32768
-32559,-1808,-32598,31817,996,-32768
21881,-1808,-24826,18186,32468,-32768
-32559,-1808,-2433,13530,1108,-17076
32264,-1840,-11649,-1866,16300,-12252
27365,-1808,-397,-4322,-5480,-15036
18531,-1808,-6554,-19118,-1172,-9864
16199,-1840,-5346,-16006,-1384,-2008
13789,-1840,-8442,-16518,788,192
14558,-1840,-7317,-13502,-572,-744
17403,-1808,-8493,-12366,2208,-1576
15172,-1840,-8174,-12106,3076,-1244
14354,-1840,-3849,-10162,400,-4132
19014,-1808,-2996,-9350,2536,-6096
22108,-1840,-5441,-9302,3432,-5132
19619,-1840,-2323,-8254,3000,-5764
18887,-1824,-2061,-7250,5184,-7308
22669,-1856,-7181,-5262,4892,-9628
25098,-1824,-1387,-3298,588,-10724
24647,-1856,2582,-2494,7508,-9840
23587,-1824,-4806,-122,10712,-10892
26174,-1824,-2538,1650,1140,-15440
28000,-1824,8215,1062,8908,-17216
27827,-1856,12617,-246,11020,-22540
24580,-1856,21000,-3510,5828,-23360
16592,-1824,21670,-2566,10108,-20740
12196,-1824,15943,-1430,10496,-23064
7607,-1840,7858,-1750,8044,-23232
4533,-1824,4897,-1566,6632,-22700
2951,-1840,2560,-638,6680,-21780
3
-4551,-1824,-32598,7226,11108,12008
-18444,-1824,-17133,13246,2348,29436
9034,-1824,5197,31817,17740,29208
30332,-1856,12089,27962,31928,32767
-32559,-1856,11195,31817,32348,32767
-32559,-1824,-4354,31817,27532,29844
-32559,-1824,-32598,31817,28696,-15332
-32559,-1856,-32598,13138,-4516,-31396
30440,-1840,11048,-4206,-11300,-27172
25116,-1824,20708,-5366,-52,-18696
13905,-1808,-8049,-4982,7844,-8888
22164,-1824,-22128,2846,-11684,-8148
24540,-1808,4129,-3874,-7856,-1108
21909,-1840,-3843,-5406,-360,-1776
22656,-1808,-12269,-7622,-2760,-1696
22457,-1840,-4870,-8394,-6176,-3704
20670,-1824,-5087,-7514,-6840,-9432
24499,-1808,-1507,-10790,-712,-6464
20402,-1840,-7286,-11382,4196,-5012
20074,-1808,-14627,-9230,768,-8912
25581,-1824,-5920,-8442,-4924,-13552
25368,-1824,-1163,-8218,4724,-10748
20051,-1856,-8851,-6502,6268,-11364
21471,-1824,-5238,-3266,-2092,-14728
25959,-1824,-1449,-2886,2920,-14388
25944,-1824,-3960,-2298,5536,-16704
25316,-1824,-947,-3746,3212,-21336
14411,-1824,3925,-5162,5628,-17228
9044,-1856,3102,-2798,4404,-16972
8484,-1824,1827,-2394,3632,-18692
3
-32559,-1840,-3647,31817,28680,-14232
-32559,-1840,-21447,22362,11528,-24236
31708,-1808,-15768,6858,-2336,-18160
25690,-1840,11168,-4614,-2076,-5620
28104,-1840,-20879,-450,10604,-8576
30538,-1840,-27564,-3998,-1408,-9496
28292,-1872,9119,-7714,-5940,-6252
20939,-1840,14817,-10814,4412,-4484
22454,-1808,-1145,-10122,3708,-4904
23247,-1840,-8787,-10042,568,-1824
19379,-1808,-2936,-10078,-532,-1764
19548,-1840,-2777,-9078,3032,-5516
22564,-1840,-10356,-9510,3636,-4584
18510,-1840,-3035,-10590,2432,-4492
15920,-1840,1428,-9442,6344,-5300
19636,-1776,-9833,-8906,9516,-7080
22125,-1808,-8777,-8310,3248,-7844
20773,-1840,4845,-8434,5884,-7428
21326,-1808,1870,-6014,10220,-9528
23908,-1840,-5421,-3834,7936,-10760
23539,-1808,2730,-1902,4620,-11260
22687,-1840,5296,-538,10324,-12024
24973,-1824,3511,1162,7244,-15452
25473,-1792,10094,862,8068,-15996
23650,-1824,13854,-162,11432,-19716
22094,-1824,13926,-198,9036,-20512
13131,-1856,13765,-1262,10748,-18336
9129,-1824,11817,130,8548,-21660
8602,-1824,6272,-94,9040,-21956
7869,-1824,2393,-222,7944,-20968
4338,-1824,1913,70,7872,-19992
1088,-1856,367,618,7528,-19688
3
-32559,-1824,-32598,30390,18256,20548
-32559,-1824,-20502,31814,2420,-8464
-32559,-1824,-9598,13534,19708,-15100
14176,-1856,-23417,3142,11312,-16288
4945,-1824,5719,4038,-12352,-15472
-32559,-1824,11038,8070,-8640,-20056
-32559,-1824,10657,-574,-188,-6308
30800,-1824,15119,-9030,4552,4608
22284,-1824,1584,-5990,2800,3272
27462,-1824,-7120,-6530,-2476,-4112
-32559,-1824,6256,-8562,-4328,-5180
23196,-1824,10849,-12306,9044,216
18297,-1856,-1465,-8482,3716,-3480
22234,-1840,-6204,-6846,-1756,-7600
26686,-1824,-3740,-8438,-1308,-6064
25589,-1840,-3734,-7722,2176,-5252
27330,-1856,-1827,-4946,440,-9048
32437,-1840,-1088,-3126,3012,-9856
32239,-1808,-5319,-818,6320,-9068
31586,-1840,-6115,2350,5236,-11764
-32559,-1840,-5109,5734,6812,-14012
-32559,-1840,-8940,7642,10904,-18844
-32559,-1872,-5321,6598,7752,-20712
26550,-1840,9589,1078,8996,-17348
16094,-1808,9803,4354,11644,-22668
16385,-1808,-28,3190,12628,-26496
17695,-1840,598,2454,11860,-29168
9663,-1808,7531,-386,13240,-26980
329,-1840,4854,1206,12908,-24476
-2946,-1840,-2458,2230,10440,-22268
-3915,-1840,-3759,3074,8892,-18856
-4728,-1840,823,4086,7064,-15420
3
22350,-1840,25257,19542,24632,32767
21642,-1856,1048,24450,32467,32767
-32559,-1824,-32492,31817,32467,32767
-32559,-1808,-25489,31817,22452,32767
-32559,-1824,-15025,31817,4896,15052
-32559,-1824,-19658,31817,13044,-1596
-32559,-1824,-24923,31817,-3728,-31092
31036,-1824,20422,15054,-9024,-24192
17108,-1824,26105,4758,524,-26672
6612,-1824,-27780,2902,15080,-17812
27625,-1824,-24129,-550,-15260,-8900
20429,-1824,-8686,-10494,-4928,-2316
10284,-1792,-1452,-8562,5696,-3980
13972,-1824,-10468,-10674,1968,-5328
17056,-1824,-6247,-11518,-2000,-2688
12993,-1840,7333,-11330,2280,-2720
10178,-1840,7612,-10446,2316,-4184
14387,-1840,-2028,-9550,3012,-6580
15094,-1808,-3324,-10102,2480,-3948
14158,-1840,855,-9374,2324,-3388
14113,-1840,-398,-8090,4192,-4096
19325,-1808,-2273,-5690,1456,-7396
23079,-1808,2881,-5646,1656,-6972
23072,-1840,1239,-5558,5988,-7668
23609,-1840,-5100,-1150,6468,-9788
29836,-1840,-5982,1894,6032,-16148
29490,-1840,-1127,114,7716,-13412
25820,-1808,1814,3578,8032,-17040
28533,-1872,4757,3718,6728,-20640
27633,-1840,3477,2342,10104,-23020
21944,-1840,3820,714,10400,-23364
12538,-1824,5620,838,9912,-23700
3
30159,-1808,-5379,31817,0,32767
-32559,-1808,15568,31817,1024,32767
-32559,-1808,7823,29790,7648,32767
-32559,-1824,-7976,31817,16148,32767
-32559,-1824,-32598,31817,22496,-10288
-32559,-1824,-437,20286,-17668,-32768
-32559,-1824,24509,4614,4696,-20940
8171,-1824,3149,3510,24320,-10572
30138,-1856,-30388,8218,1380,-12548
29335,-1824,3375,-1670,-296,-15164
29978,-1824,5401,-3410,800,-8312
21821,-1856,2259,-7618,1816,-4048
16298,-1792,3205,-8802,-2976,-3500
16701,-1824,8314,-10726,-3060,-2816
17613,-1824,5053,-11702,196,-1464
14816,-1792,2107,-10362,1088,-624
14809,-1824,4922,-8422,-1824,-4192
19209,-1856,6570,-8822,476,-5472
19709,-1856,2397,-8638,2760,-5076
18827,-1792,1362,-8086,604,-6552
19863,-1792,8658,-7666,800,-8056
22349,-1856,5176,-6162,3684,-8992
22026,-1824,-58,-4762,2576,-9568
21258,-1792,9183,-2718,392,-11012
23757,-1856,6377,-902,4300,-12788
25323,-1856,-3660,394,4636,-11388
23366,-1792,-610,2270,160,-12644
25608,-1792,347,4818,5788,-16488
30508,-1824,-4008,6106,9164,-20648
-32706,-1824,-1092,3942,8704,-27052
25870,-1824,7558,-190,10152,-27920
14448,-1824,12472,-34,12008,-26088
3
-32559,-1856,-24624,29826,18120,32767
-32559,-1808,2722,31817,3436,29896
-32559,-1840,-32598,31817,31720,-13708
-32559,-1840,-13097,27178,-16084,-32768
29970,-1840,18891,13838,-4228,-32768
17786,-1808,-9602,14830,6552,-20384
26896,-1840,-30124,-5870,5244,-23744
24449,-1840,-12957,-4354,-8440,-2048
17563,-1840,5164,-10314,3376,1552
19054,-1840,-4847,-12126,4412,-3056
19911,-1840,-7960,-11670,1908,-2732
13995,-1808,4514,-11650,252,-1824
9799,-1840,9020,-11178,3512,-7412
15388,-1840,-7078,-11410,3716,-6060
14743,-1808,-7463,-12754,408,-4824
11665,-1824,7157,-12634,1244,-3620
13320,-1824,1689,-10770,3848,-8116
17741,-1824,-5354,-12450,2700,-5828
15375,-1824,5712,-12142,1588,-6156
14050,-1792,6537,-10178,5232,-7388
16638,-1824,-835,-8598,3832,-9944
19250,-1856,752,-8790,2948,-8524
19033,-1824,3425,-6634,3668,-9224
20895,-1856,517,-4534,4604,-12780
21360,-1824,809,-4562,5120,-12172
19255,-1792,1658,-2866,6212,-12828
19374,-1856,581,-606,5132,-14696
20587,-1824,-1544,-90,7168,-14716
21248,-1824,-1083,758,6600,-16364
21694,-1824,2882,-74,8476,-20204
18704,-1792,5574,-1750,9020,-23028
11793,-1824,5520,-2550,10112,-22160
3
-32559,-1824,-7555,31817,-12036,32767
-32559,-1792,8299,31817,14904,10592
-32559,-1824,-28999,31817,11520,-30720
-32559,-1824,-25040,23774,-13048,-32768
26987,-1840,-4800,3262,9540,-30076
3041,-1840,-16204,2522,17096,-16364
25339,-1808,-23017,-3722,-7420,-5992
16022,-1824,-8164,-12046,2360,-14260
17449,-1808,-89,-11982,2888,-640
15455,-1840,-7692,-12630,-168,-880
18449,-1840,-864,-11434,-3108,-2560
19334,-1840,7643,-11350,676,-3048
13832,-1808,3555,-12598,5140,-884
15922,-1808,3805,-10082,2100,-4820
15646,-1840,7456,-10494,3348,-3672
15570,-1840,9045,-9794,4796,-7220
19387,-1840,4091,-9710,6468,-6908
19697,-1872,4052,-9346,4208,-7800
18774,-1808,9345,-7982,4576,-8884
18785,-1840,6168,-6914,7484,-9368
19878,-1840,-850,-6674,6608,-10696
19303,-1840,3082,-6070,4652,-12368
18889,-1808,5742,-5606,6888,-12900
20741,-1840,2152,-5806,7220,-15268
20866,-1840,3984,-4366,6116,-16112
20372,-1808,5809,-1582,6864,-17740
20931,-1824,2755,-1234,6724,-16804
21681,-1824,5840,1446,3712,-21248
23935,-1824,10898,2906,8020,-22296
3
28558,-1824,-13975,31817,32467,32767
-32559,-1840,-24557,31817,32467,32767
-32559,-1840,-32598,31817,26108,8280
-32559,-1824,-32598,27530,12752,-32768
-32559,-1824,-21546,10410,8360,-32768
14426,-1824,30710,814,-8192,-32768
9048,-1792,-11093,9862,6008,-32768
25315,-1824,-20839,12514,-3484,-2968
12760,-1824,12539,-4870,7088,8284
12591,-1856,3782,2218,10748,7176
23816,-1824,-24352,-1802,6504,5256
27078,-1824,-6189,-5346,-4232,8580
24954,-1808,6925,-7082,3972,8020
23794,-1824,-1882,-7626,5172,5588
24229,-1840,-8776,-7734,3696,4108
22939,-1856,-1844,-9230,1772,4056
19942,-1872,3986,-8114,3376,1380
22251,-1792,-829,-7778,4380,-3100
25035,-1808,-4009,-8526,3404,-2640
22402,-1792,2636,-8910,3636,-3236
21967,-1808,3863,-8446,4656,-4744
25727,-1840,-2703,-7422,5696,-7860
28410,-1808,10915,-8074,2552,-9692
25318,-1840,18994,-7298,9280,-8800
27354,-1840,1994,-5134,12156,-14652
32620,-1808,-3359,-7154,8784,-15244
28616,-1840,6564,-4590,11644,-14660
27529,-1808,6070,-1246,11776,-17300
28706,-1808,6746,186,9780,-18164
29052,-1840,7230,4034,12308,-18872
28733,-1872,7049,3994,13312,-27700
22548,-1808,12036,-2886,11208,-27236
3
-32559,-1824,-12341,9758,2524,-32768
-32559,-1808,25236,5622,-3456,-32768
23608,-1840,-32598,3066,32467,-13180
15633,-1840,-28174,-8122,-4868,-13224
8359,-1808,-10560,-9506,-1556,-2104
13094,-1840,-11078,-6638,396,-4364
19564,-1840,-10802,-11782,-4732,3404
21306,-1808,4611,-12038,-3844,3180
17379,-1840,5040,-13782,2312,5216
12955,-1808,-3044,-13106,892,1392
12424,-1840,-980,-11542,-272,720
13378,-1808,-269,-11418,1616,1152
15040,-1808,-1171,-11790,2204,-1188
16282,-1856,9973,-12194,532,-2008
16071,-1824,8561,-13602,6852,-1364
15767,-1824,-2295,-14118,6468,-2716
17447,-1824,2975,-12054,1120,-4676
16713,-1792,8492,-11914,5292,-2916
19254,-1824,-422,-10230,6824,-8160
23716,-1856,4568,-8946,3392,-9220
22382,-1824,12056,-8314,7596,-6768
19258,-1856,2258,-6118,9760,-9852
25755,-1824,8837,-1950,-752,-16812
26134,-1824,15601,-4046,9136,-12800
21798,-1808,1813,-1526,11892,-14872
22379,-1824,4791,-658,2316,-15564
21672,-1808,6604,534,6720,-16324
24415,-1824,8507,2274,6712,-18512
24753,-1840,15473,1490,4368,-20896
15308,-1824,14965,-654,7464,-20104
8047,-1840,5675,742,6488,-20792
5553,-1808,325,1510,4400,-21736
3
-32559,-1792,-32598,31817,31920,4168
-32559,-1840,-32598,24610,18532,-32768
-32559,-1824,-388,12558,-752,-32768
10548,-1808,5771,-1474,6620,-31412
1117,-1840,-32598,7078,1808,-20680
18186,-1840,802,5182,-5012,-15072
21823,-1808,3289,-2386,6692,5524
14422,-1840,-843,-6698,2956,11160
11160,-1808,-9320,-9446,212,7904
13133,-1840,-9074,-8750,-2408,9740
15354,-1840,-1361,-8826,-580,9180
14813,-1840,2969,-11022,1844,8800
12946,-1840,-3538,-11434,3824,7900
15516,-1840,-7199,-10262,880,4688
19490,-1840,-1168,-11530,1104,5188
18176,-1808,2085,-11966,4656,6032
18274,-1808,-3803,-10782,4588,2492
21985,-1808,-6437,-11302,904,872
23392,-1824,-1150,-10554,1420,784
23073,-1792,-1527,-10498,2664,312
23846,-1824,-4849,-9838,1392,-3176
26543,-1824,300,-9438,1092,-4976
25224,-1792,-517,-11638,5220,-4620
22759,-1824,-6174,-10238,2228,-9284
29535,-1824,5002,-6854,1528,-14316
28006,-1856,4930,-8746,10240,-10372
23898,-1824,-2110,-4022,5324,-18220
25337,-1824,5205,-3006,3984,-19616
21654,-1856,3636,-3510,9480,-15848
19178,-1824,-5804,-374,7832,-15440
20684,-1824,3298,3058,2268,-16680
24052,-1824,458,5606,10404,-14088
3
485,-1824,25958,27706,20008,32767
14784,-1840,9959,31817,32467,32767
-32559,-1824,21904,31817,32467,32767
-32559,-1808,6227,31817,32467,32767
-32559,-1808,-32598,31817,25276,18088
-32559,-1824,-32598,31817,-6932,-31964
-32559,-1824,-19897,31817,-17296,-32768
22402,-1792,-14754,-9926,9832,-32768
5145,-1792,-22207,1370,13932,-32768
19264,-1792,-17106,-5258,10520,-19528
13571,-1792,-9637,-8694,3500,7260
10106,-1824,-1931,-11294,3624,5304
12810,-1824,-8798,-12610,-176,4820
17185,-1824,-7700,-12594,-3080,7924
17117,-1856,2800,-11606,928,8708
17503,-1808,5777,-11798,2820,4760
19925,-1824,1147,-12286,5500,3784
17505,-1840,-760,-14190,4220,4424
15417,-1808,1467,-13174,4604,2080
16601,-1840,-3775,-11714,4140,-1360
17994,-1808,-1615,-12434,2716,172
16200,-1840,3562,-11546,3376,-1692
18373,-1792,2362,-10294,3360,-5308
20324,-1824,-43,-10590,2608,-5432
17829,-1824,3314,-11442,4168,-4204
16786,-1824,3372,-9722,3840,-7468
21562,-1824,-1831,-8482,2924,-9112
23814,-1856,7063,-7746,1784,-10520
20859,-1824,14306,-8106,5440,-10292
19470,-1824,5214,-5390,5356,-12864
22891,-1856,-1575,-4318,604,-12444
22413,-1792,5643,-2514,1588,-12848
3
-32559,-1840,-22566,31817,15652,32767
-32559,-1792,-7422,31817,5176,14344
-32559,-1824,-1577,31817,24604,-14068
-32559,-1824,-32599,6890,-6244,-23584
27568,-1824,-11340,-6306,19136,1204
20694,-1824,-31720,-62,-1548,-7208
28165,-1856,-1181,-2682,-4784,-10044
32069,-1824,-8958,-6738,4140,-7440
21704,-1824,-11375,-10198,2152,-5508
19763,-1856,-476,-5946,-4244,-9648
22931,-1808,5429,-6842,-724,-12008
20702,-1824,-3566,-9162,2052,-6664
13454,-1792,-5790,-10174,580,-7656
13072,-1824,-2656,-9306,976,-11172
15333,-1840,-9882,-10502,4092,-7880
14590,-1808,-7119,-10594,2196,-7544
15291,-1840,1451,-8478,3048,-10508
17993,-1808,-4690,-8706,5120,-10736
16893,-1808,-4888,-7870,3552,-9720
15383,-1808,1372,-5594,3644,-11720
15461,-1840,-3010,-4110,5376,-14128
17072,-1840,-5166,-3898,4464,-12340
16999,-1808,-313,-2774,4020,-12880
17109,-1840,-1532,-1322,5808,-13752
17589,-1808,-3219,-38,4780,-15420
17701,-1840,3706,86,4516,-14428
13584,-1840,6542,686,4772,-13540
11983,-1808,6192,2502,4148,-13764
16542,-1808,6235,3902,3984,-13084
16272,-1840,2331,4114,4952,-13340
3
-32559,-1824,-32598,29206,32467,-12128
-32559,-1808,-16233,27978,624,-32768
29502,-1840,-32599,28694,-3212,-32768
11281,-1840,-23137,15074,4788,-24976
10882,-1808,-32598,3154,-11040,-9912
11409,-1808,-8082,-8618,-9656,-656
14497,-1824,-2719,-10418,-3124,-124
19664,-1792,-5166,-13538,-3720,-1912
18267,-1824,2105,-14490,-868,-460
12936,-1824,-131,-12010,2576,-2944
17247,-1824,-5879,-9402,1320,-8156
21493,-1824,-29,-9194,1204,-7056
15074,-1856,-2747,-11170,4772,-4880
12187,-1824,-11135,-10362,2340,-9308
19332,-1824,-5512,-7314,-1508,-12420
20527,-1856,1250,-11674,4784,-7400
17198,-1824,-2660,-10310,5204,-10184
18465,-1856,-1865,-7406,2396,-14508
19278,-1824,719,-8006,4720,-12048
16381,-1824,-5314,-6730,6008,-12360
16925,-1824,-4447,-4178,3852,-14812
17577,-1856,-379,-4074,5528,-14324
16852,-1792,-3026,-2530,6840,-12552
17089,-1824,-5578,-250,4156,-14568
20201,-1856,1027,1494,6572,-15216
22031,-1824,-552,2402,9668,-15588
21009,-1824,-2757,2266,7592,-17452
17294,-1792,6372,1774,8272,-20620
12017,-1824,6369,438,10216,-21424
8746,-1856,586,1210,8280,-21124
5063,-1792,2120,546,8084,-19676
1196,-1824,3970,1302,8888,-19592
3
19461,-1792,21999,31817,32467,32767
-32559,-1824,-21611,31817,30924,32767
-32559,-1792,-32598,31817,25228,28608
-32559,-1824,-32598,31817,15872,-32768
-32559,-1824,5985,31817,-22016,-32768
-32559,-1824,-32599,15490,-23072,-32768
-32559,-1792,10869,11378,420,-17692
21759,-1824,-32598,-6258,11756,-10196
23986,-1856,-15341,-5614,-9136,-7200
27584,-1824,10128,-12186,7616,-5876
30279,-1824,-11669,-16598,12204,1228
20810,-1792,-20794,-14242,3480,-1400
20323,-1824,61,-10670,-504,-4784
22126,-1824,-3928,-11430,6512,-6696
18801,-1824,-14531,-14178,5792,-4056
17104,-1824,-604,-11598,-1136,-4832
19274,-1824,2171,-10910,3304,-9172
22579,-1824,-6037,-11198,3748,-7392
20303,-1824,622,-10466,720,-9032
20409,-1792,8449,-8630,3068,-10480
21741,-1824,-2891,-7930,6548,-11628
21393,-1824,-4103,-7758,2816,-11216
17833,-1808,5572,-6122,3492,-12824
16083,-1824,-685,-6090,8112,-14264
18786,-1824,-7524,-5262,5432,-13976
18346,-1856,3377,-4802,4292,-12908
17026,-1856,2804,-2762,7764,-13892
18743,-1856,-6260,-1846,5908,-14992
18477,-1824,-595,-1190,5848,-14784
15817,-1792,2606,218,8132,-15964
14804,-1824,-1389,910,7568,-17624
13734,-1856,-1645,222,6664,-17476
3
