-28751,-3280,22476,21714,32467,-12068
-32558,-3328,-18893,30074,32467,-15928
-32558,-3312,-26158,31817,18716,-11644
-27421,-3328,-13119,31817,5288,-3432
-23552,-3344,-9986,31817,-2092,8776
-17863,-3312,-24706,20966,-12540,10132
-5082,-3296,-16011,9450,-22868,9048
3863,-3312,-974,-5510,-15200,10032
3675,-3328,2104,-7622,-5768,8184
8096,-3280,4877,-1246,1184,5268
17239,-3328,5899,1162,-3456,4672
15338,-3296,3958,4254,-4052,7400
16348,-3344,-1266,7474,-5272,2808
20811,-3328,9561,9242,1492,-116
11277,-3312,-2167,12986,15028,3168
2427,-3312,-9848,19910,18808,-7484
517,-3328,6878,25890,32467,2704
-11307,-3312,-17074,18966,32467,1804
-20260,-3360,-1,31817,25404,-192
-3578,-3344,-19876,31817,26452,-2472
7551,-3328,18764,25442,11296,1096
3790,-3312,-32599,13750,24964,-316
-2225,-3328,12688,11702,23556,2428
711,-3328,-5190,16230,9000,1788
2500,-3312,-1163,12630,5596,2948
3985,-3344,-1993,14234,8084,252
1458,-3344,-5718,13850,6592,1984
-661,-3328,-1791,15890,5268,2428
1187,-3376,-1764,16530,4948,1204
1750,-3328,-407,14862,4504,3592
58,-3344,-1104,14462,5080,2932
4,-3360,-2500,15914,2820,2804
1
4803,-3360,-25373,11410,21244,20064
228,-3312,-21524,27838,15748,-672
-2728,-3328,-15022,31817,18512,-996
-8519,-3376,-16898,31817,32467,3792
-8707,-3328,-9078,25030,20436,2488
1937,-3344,19761,16478,17160,4096
2181,-3312,4702,11746,9304,1200
4685,-3360,1119,12894,7172,1452
1882,-3312,996,14982,5456,1580
683,-3360,868,15966,4384,1808
666,-3376,215,16270,3008,3900
1087,-3344,-1850,15662,2844,3464
1027,-3328,-561,15334,1604,6056
275,-3344,-258,15830,4700,2680
894,-3328,-3755,15838,2884,3316
1712,-3344,-2435,16014,3388,4224
1223,-3312,-1546,15382,3644,3996
935,-3328,-851,15478,4476,3780
141,-3312,-1922,15534,4688,4148
-646,-3328,-2624,15266,3728,4340
-443,-3344,-765,15722,4776,4084
540,-3328,-1994,15470,4996,3748
308,-3344,-500,15282,4676,4456
144,-3360,-81,15478,4724,3988
250,-3312,267,15342,4768,3928
384,-3344,-282,15598,5032,3936
48,-3328,-1278,15030,4680,4108
-156,-3344,-1527,14990,3808,4340
-359,-3328,-302,15106,4412,4320
-83,-3344,-826,15626,4176,4080
1
-19505,-3344,-30386,11778,-12500,13904
-31,-3312,-13115,-998,-13268,9308
7258,-3328,16191,-3666,-2264,4432
2656,-3344,2954,-7762,6652,4596
8627,-3328,-16279,1150,-5088,5536
14578,-3312,-371,2058,-9612,6020
19636,-3344,4859,6370,-1368,3724
19486,-3328,-1873,2802,732,1672
12134,-3312,3154,12370,3720,4356
13177,-3328,-6220,17122,11988,-8208
11019,-3344,5106,23410,16176,732
946,-3296,-8410,19506,30876,-368
2474,-3328,-32043,24366,28144,16700
-7409,-3312,-11025,31817,32467,-6544
3095,-3328,7405,30006,23660,-340
3907,-3344,3309,24262,23796,984
247,-3360,8201,14482,20664,3716
-1336,-3344,-1800,14370,13836,2712
2230,-3328,2632,14618,8644,2940
1862,-3360,2585,14202,7280,3392
2904,-3344,-2787,14794,6076,1936
2965,-3328,-104,15014,5736,2776
2101,-3344,-1587,15082,5020,3924
1044,-3360,-3318,16650,1392,2480
777,-3312,1679,15502,2792,3880
1201,-3376,-1557,15454,4348,1820
1250,-3328,-4198,15494,2000,3540
1372,-3376,-349,15566,2924,2704
1647,-3328,-2302,15570,6124,2180
1090,-3344,-3915,15534,3136,3864
1033,-3344,-571,15250,4848,3340
1567,-3328,-2796,15174,5668,3352
1
4086,-3360,-5553,3986,-21248,10572
10983,-3360,13083,5374,-5764,7800
13020,-3344,7499,778,2808,1588
19916,-3360,-4543,7498,-628,3476
25096,-3376,4915,7638,-3088,3960
23197,-3360,956,7426,10324,-1588
17789,-3344,-13889,13870,7364,184
9074,-3344,-10472,9590,16856,108
-2264,-3328,-1224,22938,19632,500
-7692,-3344,2742,31817,27052,-24844
15274,-3360,28557,21686,25196,2428
3083,-3344,22033,13186,30524,9024
-2578,-3344,-3295,13874,17332,3896
2571,-3328,-389,13358,9752,1780
4704,-3312,5452,11498,7088,3788
3899,-3360,512,12910,9112,1100
1474,-3344,-4852,14406,5996,1228
1056,-3360,-3782,14598,4260,3256
1676,-3344,-2408,15226,5540,3032
2431,-3360,-2466,15390,4240,3736
1949,-3344,-1106,15354,4256,4132
1080,-3376,-650,15418,3476,4164
2384,-3360,580,15622,5112,3848
3037,-3344,-677,15554,5240,3756
723,-3328,1560,14826,3892,5428
6,-3344,2558,14998,6628,3828
540,-3328,-1150,15134,5948,4528
-502,-3360,-156,15050,5944,4592
1
-17640,-3328,1712,31817,-13452,17824
-17972,-3344,-16630,9226,-24012,21716
4160,-3360,1412,11354,-14260,5176
16834,-3344,12692,618,7408,4424
15937,-3360,-10193,3606,6344,5816
20664,-3376,-4004,4298,-4912,3452
23897,-3328,9165,6506,3644,1868
23437,-3344,-11838,6626,8268,-3544
14628,-3392,-20803,8370,7836,2060
6929,-3376,-13788,13470,8692,-4664
3704,-3360,5534,20022,25556,5060
-6842,-3344,-25862,19574,30296,-884
-9420,-3360,-28683,22010,14088,22248
-8558,-3344,-1024,31817,32467,-6484
-371,-3360,9597,27374,25876,9052
5464,-3344,12012,20658,23048,888
9147,-3344,21969,14106,17464,5936
4119,-3376,16916,9270,13304,5092
1963,-3376,8035,10018,8272,1152
1713,-3360,-3168,12674,8828,2452
-841,-3376,-9640,14966,4536,1932
-67,-3360,-6072,16070,5708,648
1030,-3344,-1963,16030,3576,2524
511,-3360,1174,15630,4592,3848
-49,-3344,1063,15514,4016,2824
1098,-3376,-77,14726,4732,2300
-52,-3376,-1187,15426,4624,3308
-1373,-3360,-1495,15118,4624,3656
-431,-3376,-3568,15254,6196,2196
-14,-3360,-5519,15338,4568,3320
-1209,-3376,-1503,15130,3896,3900
-999,-3360,-958,15094,5908,3092
1
-20040,-3376,-32598,25406,32468,7028
-4158,-3360,-6891,12210,-18440,17292
4310,-3344,8319,7958,-6588,7732
19700,-3360,11755,5078,8204,536
20102,-3376,-5988,3230,8744,4352
21451,-3392,-567,1106,208,556
21644,-3408,7287,7486,9176,-656
17526,-3360,-11608,4806,8296,-1964
8997,-3376,2296,7934,6636,1652
10641,-3360,-1478,18854,18512,-2720
6912,-3392,-3504,22426,25560,-6876
-577,-3376,10378,20706,29852,-1320
-8401,-3392,-7629,31817,26984,5380
-1069,-3376,-20075,31422,32467,15676
2287,-3360,3932,27418,19848,-184
5264,-3376,13912,18862,20464,3112
3329,-3392,13994,14178,18828,4332
2718,-3344,9318,12858,15548,1436
1926,-3392,1004,13158,11744,1816
159,-3408,1643,11262,8524,3244
-579,-3360,3244,14590,9368,636
392,-3376,-1208,14666,7648,1676
587,-3360,799,14626,5676,2732
618,-3376,110,15358,6924,1672
-11,-3392,-3760,15726,3576,3196
-273,-3376,-651,15394,4164,3128
311,-3392,-1852,16746,4696,2552
335,-3344,-2414,15670,3964,3452
168,-3360,-4036,15662,5784,2432
-538,-3376,-8274,15578,4564,3220
-849,-3376,-6832,15734,2368,3460
-147,-3376,-1897,15750,4492,2500
1
-32558,-3360,1572,20846,32467,-13756
-32558,-3376,-14767,27770,7524,-10732
-23013,-3424,-922,30818,-1008,-10324
-30972,-3376,9759,16002,-1864,12428
-32558,-3392,-26937,31817,-3432,9444
-1385,-3376,-12078,16802,-19968,5168
3726,-3360,-3067,4234,-9328,16844
12314,-3376,-4635,9422,-6300,3936
23778,-3392,376,3630,-772,4340
28056,-3408,5634,3042,2588,2880
24183,-3376,-4456,1342,7780,-1024
22280,-3376,-12104,8782,10172,-3156
12765,-3376,-8403,2790,12520,-1824
839,-3424,-21588,13798,15956,-2636
-6115,-3344,-21105,22470,17324,4196
-20632,-3360,-21810,25730,23864,4540
-28624,-3376,-2451,31817,32467,20672
-6947,-3376,-15363,28910,32467,-4004
-7200,-3360,1211,23738,15112,10760
-3173,-3376,11384,20694,14024,3288
1674,-3392,11713,15002,15360,3844
3794,-3408,7761,15674,12008,3824
3724,-3392,2581,13530,6284,4796
1484,-3376,315,12594,7360,5916
-377,-3392,-10478,15126,9128,2924
-1861,-3408,-18560,15394,4320,4796
-2245,-3360,-12875,16370,3972,3928
585,-3376,-8929,16862,2212,1408
1673,-3408,3832,15050,1108,3668
2396,-3408,4599,16214,5192,3504
4010,-3392,3242,16326,5808,2804
2791,-3376,1683,14550,4788,6328
1
-32558,-3392,-25560,17134,9752,4536
-21806,-3408,-32598,31817,2880,6560
-549,-3360,1930,11634,-14740,592
-12428,-3376,-1415,-2482,-12752,16468
238,-3392,-23559,8666,-9132,3004
12139,-3408,-11847,3314,-20612,9468
21632,-3392,11698,8342,-6712,1244
25530,-3376,4563,3670,-128,-676
15922,-3392,-10265,4446,4332,3708
11237,-3408,3348,12010,9500,-1248
11734,-3408,-3129,9882,32132,-3872
-6541,-3408,-32598,10846,24328,796
-12787,-3408,-8565,27302,24608,2308
-16902,-3392,-28962,20298,32467,24184
-7509,-3408,-9915,29010,32467,-6984
-5982,-3392,2802,19162,27948,6936
352,-3376,8025,18714,20288,240
2561,-3392,17341,12802,12724,4332
4234,-3376,16432,13702,15896,-460
4653,-3392,4195,12862,13668,1960
3014,-3392,-615,12550,7312,2756
3046,-3440,-1896,15086,7720,432
2197,-3424,1795,15666,5384,2704
1489,-3408,3690,15030,6084,1828
3585,-3376,1630,15006,6192,1892
3393,-3408,-3062,15278,7800,2944
2607,-3392,-3777,15766,3316,3696
2408,-3392,-1392,14554,5476,3792
2694,-3408,-3485,14154,2544,5932
3622,-3424,1860,14606,3148,5976
5215,-3408,-674,14402,5692,3864
3970,-3392,-1103,14686,3868,5680
1
-32558,-3408,-32599,22122,32467,-15220
-32558,-3424,2258,31817,27432,-14112
-32558,-3408,28463,30230,1568,-6348
-32558,-3424,-12001,25578,22372,-5076
-32558,-3408,-32598,31817,-10308,13184
-10521,-3424,-14874,11754,-31804,12440
-14023,-3376,-7212,4838,-19408,18028
1283,-3392,-10399,2754,-20168,-120
21911,-3408,3347,7946,-2988,13996
22246,-3424,-2956,-262,-552,3684
21117,-3376,-7280,3094,-2624,5432
16071,-3424,-13727,12822,-1256,1912
2535,-3408,13337,6134,-2728,236
4472,-3392,8878,20826,17892,-1276
3842,-3408,-3500,6038,32467,-16368
-17653,-3392,-8012,28910,32467,736
-14132,-3408,-30363,23126,29508,-8328
-8812,-3424,-4260,27054,29268,24456
-10302,-3408,-10818,23214,20876,-1296
-1472,-3424,9831,21230,18136,3452
3426,-3424,12975,15462,24708,3104
3886,-3408,2632,12214,15644,5188
4183,-3392,4162,13394,11916,3908
2793,-3440,3173,12902,8096,1960
3676,-3424,6307,13718,7284,2180
4998,-3408,2798,14746,7920,1540
5253,-3424,-303,14198,6096,1604
2936,-3408,-1290,14610,3660,2488
2244,-3424,1098,15050,4604,1788
3648,-3408,-1867,15134,5588,2080
3238,-3392,162,15034,2420,3296
3422,-3408,547,15542,6188,2736
1
-31125,-3376,-32598,24206,-13072,7828
-22767,-3424,-2096,17494,-12420,11080
-10397,-3408,-17438,17106,-11572,15668
-9239,-3392,-11078,4178,-13012,12260
2713,-3408,1762,15078,-10004,6864
21709,-3392,9065,7002,-3164,2052
22288,-3408,8671,-1510,1748,5184
16730,-3392,978,7178,3772,-3340
23454,-3408,4516,1582,11180,-4240
15394,-3424,2362,9406,19468,536
5574,-3408,-2606,9134,15148,-8212
3574,-3408,4325,12258,28204,-128
-4761,-3424,-23869,13290,23996,-2216
-7444,-3408,1023,26378,19272,7672
-9876,-3424,-10049,22634,29152,-8760
-5382,-3376,-21545,21202,10068,16600
-4633,-3408,9515,25178,14512,5060
3250,-3424,14796,19414,14932,2700
2478,-3408,8823,13706,20076,5340
-1917,-3424,2936,14514,8488,412
1309,-3440,1962,14486,7200,732
4070,-3424,5069,14490,6800,1956
3203,-3424,3583,14626,4752,2672
1741,-3376,6653,13946,7072,2168
1852,-3392,3082,14850,6860,1724
1706,-3376,120,15150,6940,1844
1106,-3424,-2867,15594,3952,2416
-60,-3408,369,15118,5364,3144
128,-3424,-3070,15258,5300,2780
928,-3392,-1255,15294,3872,2768
1940,-3408,-750,15466,5168,2320
1455,-3424,-361,14978,4228,2912
1
-32558,-3424,16012,18430,21520,-6936
-32558,-3408,13088,14502,8508,2608
-32558,-3424,-22952,31214,12836,-15376
-27883,-3408,-30420,21690,-5344,2524
-32558,-3392,-20427,9590,-16904,14772
-11058,-3376,-12808,17054,-16268,5388
2073,-3424,-167,3178,-11744,14056
2993,-3408,-2731,3334,2324,8084
17087,-3424,-7492,6766,964,3744
18935,-3408,2534,3054,-568,4672
18962,-3424,-1124,5382,8824,3320
17581,-3376,-11801,5674,-2568,-1980
17915,-3376,8819,3554,10592,1168
7979,-3424,-9414,8682,18540,140
6312,-3408,16545,17378,20972,-7252
3403,-3424,1423,12634,32467,-108
-5338,-3440,-32598,17990,16264,-1348
-3365,-3424,18330,31817,-5004,-17116
-4039,-3440,-26435,28114,29444,7956
-4494,-3392,-10359,27110,15168,1388
33,-3424,8284,20394,16968,4520
1538,-3440,6512,15102,17612,5796
407,-3456,6832,14194,12620,4692
3084,-3440,6405,12146,7872,6076
3891,-3424,2006,13166,10532,4456
1387,-3408,-632,12966,7456,3068
530,-3408,-372,14430,5368,2992
996,-3408,1459,16170,5176,2304
2038,-3408,414,14550,4084,1632
774,-3424,-1332,14570,4956,3604
-411,-3408,-3858,15526,3324,3812
1125,-3424,64,15674,3664,3128
1
-11502,-3440,-32599,26630,32467,-8632
-15685,-3408,22923,27342,32467,-14776
-32326,-3424,10717,23326,32467,-13064
-32558,-3408,15504,22290,26152,-15824
-32558,-3424,7879,24126,8860,-12916
-32558,-3376,-2008,22014,13800,-15616
-32558,-3424,-31750,31817,2812,6792
-22195,-3440,-9900,31817,-9696,12908
-17334,-3392,-26612,5026,-19104,21524
4467,-3408,-8387,13006,-11900,12248
18982,-3408,8373,5674,4668,4028
18756,-3392,-16611,4038,1524,6480
25844,-3440,-14139,6078,-9048,100
23732,-3392,6388,-2074,1208,1268
17604,-3408,-3057,12250,11356,-2448
7514,-3424,-27395,-4462,9236,-7736
-7136,-3440,-13145,10998,11672,7808
-11613,-3424,-7393,28314,22992,4060
-16054,-3440,1365,29114,18616,19216
-12989,-3456,10534,31817,29540,608
-12501,-3408,4486,31817,32467,-1072
-4690,-3440,11272,21590,31496,-6080
-25,-3424,15116,15830,15332,10248
1141,-3440,9039,11978,24720,472
5279,-3424,-5768,10038,8896,2048
5456,-3408,1144,14270,6716,1636
4420,-3424,-411,14530,6776,2328
2127,-3440,3795,15066,7692,1452
-199,-3424,-4511,14350,5780,3820
466,-3440,-2768,15398,4032,2236
1369,-3408,-3660,16142,2564,3184
1197,-3456,-570,15306,4408,3640
1
-32558,-3408,-26675,18370,7944,-9704
-21612,-3424,-14810,27882,-10392,4796
-21033,-3440,-5450,11542,-6924,13172
-27249,-3424,-26566,11074,-20840,9900
3696,-3408,6366,7418,-11084,7660
5524,-3440,-4601,-4242,1808,13748
15135,-3408,-2328,8478,-1480,1492
20080,-3424,15463,-1370,6040,3632
12462,-3408,-11727,2274,4,4404
20755,-3424,7687,3706,2472,-7900
14425,-3424,1064,2982,8824,4552
7641,-3440,-14079,7070,9368,-5744
818,-3424,-7136,3398,6788,1760
-5975,-3440,-19553,18234,9196,4772
-18419,-3424,-7716,31817,22388,-1276
-25190,-3408,-28306,31817,32467,10000
-7336,-3424,-14215,31817,27608,-1672
-1085,-3408,11615,31546,20508,11816
1252,-3456,15318,20978,22280,2028
5008,-3440,7484,16338,22128,7940
4711,-3424,3297,13394,9420,3224
2490,-3440,6895,11966,3372,3388
3008,-3424,8542,15038,10212,-1104
4280,-3472,-7593,14954,3980,772
-1065,-3408,-447,14602,36,3232
294,-3440,-315,16578,2764,-804
2538,-3440,-903,15874,2596,2068
130,-3424,-1957,15542,2748,2864
57,-3440,-2146,15966,2656,2152
658,-3456,-1196,16426,2448,3236
-267,-3440,-710,15774,3052,3704
726,-3424,-237,16006,3960,2304
1
-32558,-3424,-9484,21974,26412,-28428
-32558,-3440,-32598,31817,-3848,-9604
-32558,-3424,-29192,27274,-26152,32767
2292,-3408,-9767,21582,-32628,2200
11043,-3392,27680,-2226,-12404,15548
5692,-3440,4410,2826,12212,-980
17593,-3424,9117,-1754,1832,-3260
14733,-3440,13054,1038,8816,10912
21737,-3424,-747,2190,3544,-3932
19658,-3440,-1405,846,4172,3880
18227,-3424,-15007,9670,8800,-1884
12865,-3440,239,3682,5592,-3088
10951,-3488,1075,13330,23604,3024
7664,-3408,-32598,19974,16808,8856
333,-3424,8187,22306,18816,2336
-2911,-3408,-23238,31817,32467,608
-6041,-3408,-32598,31817,32467,14060
-4556,-3424,8439,29578,10576,2176
1642,-3440,11267,23522,20172,688
2733,-3456,11549,16402,18256,6436
2807,-3424,77,14362,8912,4232
4965,-3440,7768,14070,4400,3792
2694,-3456,5164,14422,7692,2556
498,-3440,-3792,15474,2860,3032
1129,-3424,-2559,15478,3712,2968
1624,-3408,-3606,16530,1984,3024
1956,-3440,1217,16498,1964,4536
422,-3440,2779,14574,3788,4776
898,-3472,-1581,15582,3404,3264
1246,-3424,-1977,15586,2152,4316
464,-3472,-72,15834,2600,3956
1083,-3424,1958,15870,3404,3208
1
-32558,-3472,-18555,28238,20100,-15288
-32558,-3424,-4935,29062,9708,-10452
-32558,-3408,-19595,31817,-7284,-2212
-27175,-3424,8693,20430,-14576,9532
-32558,-3440,-28297,20546,-13200,21700
-5533,-3424,-32598,5478,-22884,9308
7790,-3440,11342,6126,-2344,8840
14573,-3440,5337,7634,4428,3044
20051,-3456,11144,-6566,8700,1252
17677,-3440,351,4486,6468,6168
21542,-3424,1795,-1310,808,-4856
14262,-3440,12812,-2974,6348,1392
19381,-3424,-9255,11406,11036,-5692
14008,-3472,8574,-1078,11060,-3912
5100,-3424,1168,14094,30876,-2556
7872,-3440,-17584,14010,20340,-2732
-3414,-3456,-16224,17130,13412,8036
-2492,-3424,-17791,30194,27876,3204
709,-3440,-32598,31226,29812,-13156
-19,-3424,1758,26326,19112,12692
-2584,-3472,8902,22214,15992,8432
1427,-3456,1365,19426,17300,-1188
4441,-3440,-3497,16142,8580,1432
3070,-3456,6966,13570,7720,6704
3227,-3440,7044,17610,9448,-704
4578,-3456,4959,14526,5384,2988
1655,-3408,3678,13662,6540,3680
1261,-3456,-1801,15506,3656,2420
3358,-3456,-445,15422,3500,3692
2445,-3440,864,15450,3608,4472
1550,-3424,598,15482,2816,4140
781,-3440,693,15082,3752,4480
1
-22343,-3456,7858,31817,-9916,11392
-16517,-3440,-1643,16222,-1856,9428
-10956,-3456,-32598,4502,-11908,15008
10266,-3440,-19128,17546,-16932,5972
21534,-3456,8493,270,-8924,5500
18987,-3408,9381,5918,-2480,5136
23242,-3424,-6855,11066,-268,-5708
16216,-3408,7066,7066,4392,3336
11213,-3440,3635,16838,20024,-3268
6260,-3424,-12285,18402,18832,-5996
675,-3440,-6143,25946,32467,4876
-9383,-3424,-32598,27222,18352,-4192
-12619,-3472,-12026,31817,20996,6924
-11210,-3424,-32598,31817,23444,21720
1165,-3440,18359,28986,12916,10756
2759,-3456,-32599,18790,25808,6544
1439,-3472,-639,14362,21084,1964
2140,-3488,5581,13030,10708,4404
2941,-3440,1314,12342,7972,3080
2691,-3472,2243,14966,6080,1588
920,-3472,1164,15474,5540,1720
569,-3488,-2099,15674,2796,2576
1024,-3440,-159,15694,2196,3376
229,-3392,-2444,15718,2772,2920
-437,-3440,-3526,16274,640,4044
-346,-3456,-808,16018,596,3652
882,-3440,-314,16602,2544,2724
96,-3472,-3542,15738,2740,4136
-1338,-3440,-3179,15914,1560,3936
519,-3456,26,16170,3380,3284
650,-3440,53,15398,4448,4204
-104,-3456,-1858,15394,4256,3628
1
-32558,-3456,-5253,24730,32467,-25596
-32558,-3472,-3052,20654,26232,-7612
-32558,-3424,-32598,31817,3976,-11640
-13726,-3440,-16934,31817,-14464,-6140
-28868,-3424,12892,20898,-12912,25684
-21200,-3440,-16367,19334,-10624,6136
-3305,-3456,-9142,-2614,-10652,13160
3722,-3472,-9699,13270,-8428,12044
16130,-3456,8329,5426,-6312,7080
23504,-3472,7855,8378,1272,6832
24151,-3456,-7375,5822,688,-332
14239,-3440,1492,-238,-876,-936
15143,-3456,-1010,21602,12860,-5700
3965,-3440,1706,12526,20128,-7260
-1761,-3456,-6419,18666,30856,596
-795,-3472,-13288,31298,26820,-1140
-11416,-3456,2487,24702,32467,8172
1441,-3472,4422,30206,25764,-4084
4472,-3488,-5399,23094,23016,5264
680,-3456,-2561,17902,13832,1656
-1133,-3472,1493,16350,15048,3356
991,-3488,-5604,16434,9384,2476
3142,-3472,-807,12998,8576,4940
1207,-3456,5787,15966,7468,3460
-439,-3472,517,14454,5252,1356
1612,-3472,262,15526,7240,360
630,-3472,-5675,15230,2444,3272
-393,-3456,1498,15606,1080,2972
1100,-3456,1703,16378,5828,2208
889,-3472,-2172,15330,2116,4160
752,-3456,988,15910,3184,3220
394,-3472,-1706,16498,3312,3788
1
-32558,-3472,-31065,31817,7780,-7968
-32558,-3456,-14670,27302,-18800,8428
-20155,-3488,9039,31817,-15976,7692
-9641,-3472,-29385,10374,-12272,14284
-9205,-3488,-31258,1946,-19168,14816
10460,-3472,6143,19950,-12404,424
19048,-3488,26847,1386,4228,6204
16068,-3504,-937,7342,3656,4072
19843,-3456,8480,1362,1992,-1540
18574,-3440,-1635,8638,11524,2444
9969,-3472,-7010,8162,5728,-6464
-527,-3488,-14227,14954,32467,8608
-9266,-3472,-23959,23350,20936,-2008
-11781,-3520,19664,31817,26068,-24844
-3177,-3520,-5047,21150,25972,12524
3346,-3472,-2050,21742,14924,588
2941,-3488,-21,20202,11656,4340
401,-3440,6107,17974,7284,-1808
3134,-3456,9083,18342,12248,-1572
3097,-3488,9179,16014,3264,5732
3598,-3504,10174,14926,8696,164
2430,-3456,-5620,14318,7640,2928
166,-3504,-3932,15662,-268,3100
1322,-3440,5385,16026,4256,1664
29,-3472,-606,15350,5160,4192
383,-3472,-768,15582,3396,2948
1403,-3456,-198,16278,2892,2748
551,-3504,751,15510,2764,4800
1071,-3440,502,16294,4188,2968
-105,-3456,-2594,15618,3204,3896
1
-29506,-3456,-18814,31817,-11996,-1084
-24232,-3472,19025,25126,-9008,20148
-23393,-3456,-32598,20430,-9756,13688
-3369,-3472,-32598,4554,-26612,9256
7268,-3488,-4087,11230,-10264,8952
17731,-3488,14326,2822,-3996,1744
21155,-3504,8774,-2062,3824,5104
20376,-3488,-3058,7270,3000,-1620
10602,-3504,7106,-2618,2356,2340
12739,-3472,3561,15062,12528,-1804
5798,-3488,-10069,9782,11288,-4976
-3996,-3472,5140,11526,19600,4396
5259,-3488,-9416,30178,22644,-5632
-3656,-3472,-24808,24406,25996,10460
-10454,-3488,-5975,29542,17332,7092
-5150,-3536,18805,31817,32467,1676
4376,-3456,18414,21310,20332,3768
2161,-3504,25358,11574,27356,4972
603,-3472,86,7546,14420,3948
2564,-3488,-14774,12410,8180,1108
5284,-3504,5493,16202,3676,2888
3036,-3456,6253,15654,7700,1028
1963,-3504,-1243,17030,7120,1804
-447,-3472,-1563,16026,1172,5844
992,-3504,2838,15642,3560,3344
1619,-3488,-3455,15518,3976,3684
-197,-3488,-2872,15134,2284,4280
1319,-3504,-460,16082,3416,2688
591,-3488,903,15234,3280,4004
-1353,-3472,-714,15198,2996,3488
-32558,-3504,-24813,22750,20764,-9732
-30321,-3488,-22323,30226,9416,-24856
-32558,-3488,-8945,26766,2684,10108
-32558,-3504,-6640,31817,-19540,12520
-8635,-3488,-15041,19702,-17600,12292
-5787,-3472,-28068,7682,-19284,16332
4383,-3488,-8110,11174,-16332,1828
18403,-3504,19703,7314,-100,904
18727,-3488,6312,5902,6508,3508
12037,-3504,-4818,3326,-2700,7452
17580,-3504,-6587,17250,-6444,-2084
18831,-3472,3281,9750,9788,-5780
-6489,-3504,1307,11766,11932,1104
857,-3488,-15523,31817,27048,-5468
-17229,-3504,-32154,30354,19904,656
-25373,-3488,-7055,31817,15772,6156
-13817,-3472,32353,31817,32467,-28236
3300,-3520,21898,25954,32467,8952
4582,-3504,32741,12914,23620,8624
1213,-3504,-1341,14230,16956,4480
-417,-3504,-6668,9762,7404,10380
200,-3504,8573,14786,4920,2272
1009,-3520,5963,14630,6696,1488
-357,-3504,1243,15326,3888,1504
-438,-3504,1145,16570,3056,1284
-327,-3536,-1525,16242,928,3992
744,-3504,502,15766,2804,2780
1007,-3488,-4127,16202,1984,3492
103,-3504,-1475,16410,1216,3824
163,-3520,-127,16318,1992,3216
974,-3536,-988,16102,2604,2724
1776,-3520,-2290,16210,2912,2736
1
12502,-3520,14144,8678,-6908,7836
22259,-3472,15108,1986,4380,2540
23321,-3520,-4715,9566,-1588,2824
18688,-3504,1943,2278,228,276
13141,-3472,15054,15254,5008,-2680
17900,-3520,-11327,9422,18476,-7968
-5509,-3472,-5251,9378,12184,-520
1039,-3504,4399,31817,20952,-1952
-61,-3504,-10692,28350,32467,-4152
-12971,-3504,-15283,31817,30816,5620
-104,-3520,14462,31817,17324,-600
2257,-3536,9707,23378,26780,10044
3268,-3488,118,20690,22048,1072
3439,-3488,-2595,17074,9636,5516
4208,-3504,4793,13430,10900,5276
3090,-3520,-1925,15034,10848,2228
1158,-3504,2041,14842,5792,4080
2698,-3536,1583,15294,6692,716
3214,-3488,-1060,15374,3620,2904
1349,-3504,-997,14674,3364,3540
565,-3488,-3180,15642,2920,2228
275,-3520,-2262,15610,2572,3752
132,-3504,-2534,15822,3084,3488
717,-3488,-1107,15626,2580,3836
1341,-3504,-145,15782,4648,3388
936,-3488,-1739,15262,3156,3712
946,-3488,-377,15566,3664,3620
557,-3504,-1185,15622,4292,3688
-1060,-3520,-1584,15142,4368,4192
4,-3504,312,15582,4016,3620
710,-3536,1457,15150,4220,4300
70,-3488,1238,15110,4596,4008
1
-32558,-3504,-23263,31817,14496,-11020
-32558,-3520,-32598,31817,-11848,1376
-14811,-3536,-2833,31817,-30552,12040
-11836,-3504,11123,15602,-23880,16712
-7359,-3520,-25063,17826,-23464,11400
23363,-3504,3051,11210,-15036,-3196
21540,-3520,23538,4398,988,5584
21552,-3536,-13870,9610,-2352,-6416
14182,-3488,21050,6358,4056,-2780
11748,-3504,-7195,19682,25332,-4572
710,-3504,-15954,20686,12296,-6584
-2927,-3552,19326,31817,32467,6828
-611,-3504,-21119,28894,24396,-1748
-1758,-3520,356,31817,18952,4048
-1527,-3504,25255,31817,5496,-27976
1672,-3504,-8390,24458,17372,11492
-791,-3520,10779,19342,12412,4328
1292,-3536,9979,17566,18836,2096
114,-3504,4014,14258,13672,4400
-1176,-3504,-1401,12918,8408,2104
1295,-3504,3679,16770,6116,1632
1297,-3552,3919,14938,4420,1248
995,-3536,1264,15714,6508,1820
-93,-3552,-3845,16606,-348,4716
1991,-3536,4152,16154,1340,2936
2873,-3536,-621,16042,4364,2684
-164,-3520,-4896,15510,-476,5020
756,-3536,3137,16810,1888,3512
2409,-3520,-318,16262,4740,3252
2331,-3504,-3902,15522,2564,3760
2011,-3520,-291,15342,2688,3880
1125,-3520,444,14946,3764,4076
1
-32558,-3536,-32598,29198,-1044,-824
-32558,-3520,-31678,31817,-22284,1364
-15616,-3536,-20611,31817,32468,21148
-4723,-3568,-18471,17254,-32508,14488
10037,-3520,4491,13318,-8168,2064
23471,-3568,11406,4054,-1200,-6084
17387,-3536,9043,13142,13700,-1196
10757,-3552,-24170,15590,8248,-8064
-1251,-3536,5506,20406,10504,4564
-2379,-3520,-17367,31817,26972,-3920
-13748,-3536,-30432,31817,22024,3520
-14633,-3520,-1573,31817,16168,13436
-4921,-3552,18901,31817,30284,-348
3384,-3536,25935,22626,28412,17980
2568,-3520,16279,13698,22900,2204
1184,-3536,5315,18026,18512,5100
1102,-3552,-8441,13650,9536,632
1491,-3520,-1769,14518,2144,1588
-879,-3536,2262,14950,3548,2828
876,-3520,-717,17970,2768,188
1537,-3536,-1512,16414,-564,3428
1394,-3520,2194,15338,2440,3124
-54,-3552,-5233,15638,1060,4084
190,-3568,-4734,16046,564,4512
1960,-3552,-1973,16962,3644,3588
1936,-3536,-4017,15962,1964,4572
313,-3536,-2242,15630,2280,4196
34,-3520,-1064,16042,2104,3928
1048,-3536,3072,15522,2092,3124
1510,-3520,5628,15590,3632,3704
1
-5632,-3536,-27124,31534,-26992,16580
-14769,-3552,14075,18798,-25228,10968
555,-3536,10650,19562,-9088,3504
679,-3536,-1279,8014,-4220,10692
3287,-3520,-4522,1910,-10916,3816
18285,-3536,9152,8834,-10552,3404
25295,-3568,812,9718,-6992,4108
16298,-3568,145,6402,-8296,5488
8651,-3536,-14543,23330,56,2388
2298,-3552,-9002,31817,24228,-12020
-12395,-3600,-18567,31817,32467,-4604
-11461,-3552,-19127,31817,28128,1688
-10605,-3552,9567,31817,19804,10576
-8055,-3552,-32599,31817,10012,-9856
7424,-3552,23522,20174,32467,7192
30,-3568,-1826,11430,12512,8936
-1525,-3520,9973,17698,6472,-4724
-172,-3536,1000,15538,4560,-720
-171,-3536,8042,13638,5792,2716
1127,-3520,766,16142,8292,-272
636,-3536,-6153,15402,1600,4292
694,-3568,1665,16390,1536,2012
1745,-3552,-1257,16674,5312,1612
489,-3536,-5625,15814,428,3552
894,-3520,833,16610,1560,3228
1884,-3584,1366,16986,2484,3452
1977,-3536,2038,15734,2908,3640
876,-3552,615,15866,4464,3208
706,-3552,-3862,16294,5056,3092
1230,-3568,-5882,15914,756,3320
2128,-3552,-1517,15250,2212,3824
2014,-3536,1342,15270,4328,3400
1
-31102,-3536,-22669,31817,-28828,7740
-14293,-3568,-20190,21106,-30224,21872
-1229,-3552,-19400,7518,-18940,12816
-1659,-3536,8028,3962,-4264,9216
14913,-3568,6047,7734,4208,-712
18989,-3552,-8017,6110,-5480,6228
17887,-3568,-4189,5402,-6940,2964
6827,-3552,807,12882,-12396,5628
9977,-3568,-1049,21914,4640,-8120
2829,-3536,-5027,28942,11896,612
-13404,-3552,-28192,31817,15036,-1128
-20815,-3568,-22067,31817,24020,9412
-26424,-3536,-12185,31817,18324,7536
-19773,-3584,17637,31817,28604,-29480
-408,-3536,32173,31302,32467,15608
10284,-3568,28697,14862,20880,7012
10273,-3552,2059,15950,23356,3328
-1851,-3568,-3000,8318,7092,-8
-2127,-3552,1130,15130,1776,508
-1349,-3552,4242,15802,408,1200
-2852,-3568,4213,16750,860,2100
1135,-3536,-4662,17206,3336,2888
-846,-3552,-6566,14770,-100,4764
-492,-3568,-831,16338,1676,3712
1203,-3568,-2143,15978,5164,2592
416,-3552,-7367,16018,4072,3552
-465,-3568,-6004,15654,2408,4496
-352,-3536,196,15982,3408,4472
604,-3552,3647,15538,5044,3464
1023,-3536,3660,15430,6036,3816
1
-26042,-3584,-1214,22210,-20112,22932
-20652,-3568,-14449,22018,-15840,1076
-8753,-3552,-16476,13266,-18764,14636
2081,-3552,-3883,12762,-12048,6152
14784,-3536,15273,8238,-7684,2964
18464,-3584,15236,11926,-5240,2844
18476,-3536,12475,7038,-252,-3692
13651,-3568,12072,18354,5224,-300
15410,-3552,-76,18610,26980,-12576
-5490,-3568,4345,18462,20896,808
-258,-3552,-9422,31817,30992,-2068
-3891,-3552,-6296,31817,28684,-720
-9703,-3536,-3161,22286,24364,12988
-842,-3552,12487,31817,22564,1288
-469,-3584,10931,21970,19360,12332
862,-3568,4797,16994,17684,1592
2781,-3584,2680,17770,13452,2492
2186,-3568,-439,16710,6716,3288
-560,-3568,547,13634,7148,2676
-1102,-3584,2,16022,5092,2800
706,-3568,1630,15278,3400,804
1924,-3536,4113,15618,6672,1404
1327,-3552,-1826,15926,3680,2368
1567,-3568,-1009,16138,2108,3316
3629,-3568,1192,16242,5144,2440
4522,-3552,-1260,16154,2384,3280
4937,-3536,2569,15314,3860,2996
3434,-3600,1435,15134,5092,3432
397,-3584,-1071,14654,3736,4468
-1439,-3568,-2013,15050,3804,3896
-2256,-3552,-3277,15286,4384,3872
-2922,-3600,-5192,15870,3280,4156
1
-10236,-3616,430,26950,-15284,48
-14344,-3600,19956,23054,-10088,18648
-16341,-3552,4951,15230,-2380,9020
-4997,-3600,-11724,5750,-3252,15060
3669,-3568,-19449,7114,-12632,13424
18174,-3584,4427,2086,-13408,6412
27629,-3568,8584,13662,-4564,3112
23532,-3584,-3889,1542,-5348,-892
11623,-3584,-9483,14670,-4572,-2096
10172,-3568,-11200,26706,13888,-9204
-13110,-3584,1330,22982,13640,1472
-8199,-3584,2422,31817,25136,-5820
-8038,-3568,-17659,31817,23340,-1096
-11409,-3584,13136,31142,25648,10016
-4400,-3600,-32599,31817,13456,-6332
5690,-3568,10844,16630,29760,14388
-155,-3616,-5507,12710,11004,9876
1132,-3536,233,17138,11236,9544
4951,-3552,11359,17206,12820,652
4018,-3584,2213,14562,7784,2084
839,-3536,1284,15666,3988,4752
2314,-3584,1986,16010,4336,2968
3307,-3584,-128,15306,3544,3480
2118,-3568,-1106,14838,2104,3900
1521,-3584,-602,15746,2112,3160
949,-3584,-914,15582,2388,3624
572,-3568,-1308,15738,2600,3144
1821,-3552,-1884,16066,3276,2636
1603,-3568,-1424,15374,1644,3980
-418,-3600,1352,15258,3212,4592
-110,-3552,206,15442,4612,3524
190,-3568,-2443,15446,3900,4276
1
-32558,-3584,-9677,31502,32467,-16244
-32558,-3568,-18142,31817,19072,-8608
-30787,-3584,-30223,31817,5456,-6988
-20444,-3568,-30239,31817,-27848,10508
-10259,-3600,10503,31817,32468,9128
-4929,-3584,-3468,10898,-18036,12196
2724,-3600,-13301,10714,-17856,6648
13107,-3552,14711,3050,-6852,2428
15826,-3568,647,7866,-1296,2328
14462,-3600,1446,3470,-9308,-1212
235,-3584,3588,16314,1240,2436
1384,-3568,-13470,30054,12732,-8336
-11359,-3584,-6640,31817,30500,6972
-21804,-3584,-32598,31817,22672,8848
-11870,-3568,26158,31817,28852,9500
10210,-3584,-23024,28598,32467,5648
9199,-3568,-32599,18830,30840,1624
1268,-3600,11718,7258,18720,13044
2593,-3552,3773,11782,13756,-288
3931,-3600,817,14066,10520,7444
2052,-3600,6673,15022,7764,1720
735,-3584,5174,14758,7416,1264
-789,-3568,-3559,16446,4300,2640
1332,-3584,-3185,16042,4456,3956
1363,-3584,-2884,15198,4064,4596
-102,-3600,-2866,14422,4384,5004
390,-3584,-5919,15326,4500,3760
1411,-3600,-5650,15294,4560,3228
2322,-3600,-6176,15790,4600,3200
3318,-3616,-6008,15482,3916,3952
3800,-3600,-3245,15130,3648,4072
3518,-3568,688,14422,3836,4744
1
-32558,-3568,-29118,31817,-18448,14776
-11981,-3616,4741,31817,-21780,2568
-5235,-3632,6452,9774,-13344,22608
-10676,-3648,-17761,-414,-6596,12160
7302,-3600,-13697,17178,-12592,232
19210,-3600,13938,-366,-660,6700
14117,-3584,-4220,7734,-2224,5484
17369,-3632,961,4634,-10396,-5644
13410,-3584,17601,9374,6400,5392
7125,-3600,-8201,17146,12068,-1784
9054,-3600,59,23730,15792,-7332
2883,-3584,-9274,23070,32467,-3000
-7686,-3616,-20571,29690,15020,-792
454,-3600,15534,31817,32467,2188
-11166,-3584,5007,31817,31580,-15044
3179,-3632,10527,25222,32467,11096
5747,-3616,6061,16046,21808,2848
4652,-3616,14654,10758,14340,5196
3012,-3632,10453,13474,13752,776
2327,-3648,4382,12110,7996,1208
1247,-3632,190,14502,4012,232
2963,-3600,2711,15790,5540,1008
2551,-3616,-766,14478,7312,2472
463,-3600,928,15082,4288,3860
1152,-3600,-1238,15374,4964,3712
1518,-3616,-2690,15646,4620,3756
1615,-3632,-1886,15710,5536,4268
3063,-3616,-2646,16262,4976,4140
4503,-3632,-208,15698,3636,5160
4045,-3632,1275,14834,6196,4852
1
-4219,-3600,23798,29674,29464,2120
-2479,-3616,-32599,31817,32467,-8348
-20350,-3600,13613,31817,32467,-11152
-32558,-3632,-5565,31817,32467,-18588
-32558,-3616,5849,30982,25328,-10744
-32558,-3600,-16909,31817,25128,-13776
-31353,-3600,-32598,31817,-5184,-1952
-16384,-3632,-12786,29342,-20716,4664
-17139,-3600,10657,16254,-13520,12268
-17343,-3616,-11576,13346,-12924,13560
-9006,-3600,-16681,8122,-9648,8296
4696,-3632,-966,9458,-9140,6944
17201,-3616,8343,6682,-5784,5896
16127,-3600,16876,4450,-6640,4896
19534,-3632,13973,12350,-32,-2756
25099,-3584,11834,9510,10884,-6516
9029,-3568,11108,15198,13404,-580
9421,-3600,-10326,17310,20520,-10384
-13529,-3632,1494,31817,26420,-3340
-2577,-3600,24703,31817,1756,-16668
9768,-3632,16775,26170,26888,7712
4670,-3600,21372,11558,13100,9448
2817,-3600,18190,18154,18508,2040
4267,-3648,5286,14914,13268,1552
2479,-3632,5137,12542,8276,2972
1092,-3632,4783,14318,5156,1796
-313,-3616,3386,15894,3488,3852
-1039,-3632,2193,15850,3812,2876
-103,-3632,-2578,16002,3144,3256
471,-3680,-2148,15262,1896,3952
1
-4136,-3600,-26149,21434,32467,12448
-5437,-3616,-6075,31817,19772,4948
-6843,-3616,16049,31662,26992,-13896
7413,-3632,17239,23874,23928,5924
7623,-3616,21132,12978,22240,7300
-559,-3632,-783,12246,16652,8052
1701,-3616,8259,13554,13108,196
6228,-3616,5744,14798,17412,-340
2807,-3632,4016,13838,9124,5168
2484,-3584,4304,16766,8928,2948
3075,-3632,1237,15074,912,5908
4933,-3632,6218,13938,2476,3060
5743,-3648,531,15406,1776,4576
3190,-3632,-5179,14278,2316,4800
2543,-3648,-5995,15330,2276,2896
853,-3616,-3891,15418,128,4924
-1325,-3632,-172,15738,1956,4324
-1401,-3616,-1484,16518,2720,3848
-934,-3632,-1405,16042,2916,4012
-460,-3632,-1591,16242,2468,4948
-1214,-3616,343,15402,1828,5168
-867,-3664,2779,15910,3172,5036
204,-3632,1860,15694,3640,4880
721,-3648,509,15622,4900,4500
-973,-3664,-2106,15122,3904,5028
-1116,-3664,-1054,15778,3172,4232
-69,-3616,86,15894,3692,4400
115,-3600,448,15306,3240,4832
-61,-3664,1030,15098,3784,4344
-422,-3616,-1587,15410,5016,4272
-707,-3600,-4608,15774,2852,4636
-1520,-3632,-3418,15446,3092,4776
1
-31703,-3616,-24382,31817,-19504,-6120
-18056,-3616,7996,31817,-9636,2632
-11878,-3632,-12640,25178,-18748,13688
-11681,-3616,-3439,182,-20560,19732
1208,-3616,-3431,18442,-12736,8092
24579,-3632,13279,4046,-5112,1564
16468,-3616,17144,3122,-124,6140
18046,-3616,1477,7466,-4588,-6752
18908,-3600,11351,8514,2460,-72
2435,-3648,-9753,14590,11100,1216
5505,-3664,-5048,29018,15436,-9824
-1620,-3648,-13683,29482,32467,7544
-12521,-3616,-14052,31817,13816,-4816
6918,-3648,-32599,21154,32467,9708
2337,-3664,2704,11174,18336,2988
30,-3632,6525,14246,10628,3288
-926,-3648,9450,12698,15580,4048
2609,-3600,2486,14050,8096,-792
1880,-3664,2959,14934,4428,2116
-430,-3648,646,16166,3416,2220
1767,-3632,1155,16346,4136,1680
9,-3632,998,15510,1604,5544
-554,-3648,2496,15174,4092,4356
2096,-3632,-3310,16086,5660,2620
732,-3616,-5529,15402,1912,4772
1038,-3648,1157,16350,3356,3084
2265,-3632,781,16002,4444,2760
1585,-3648,120,15190,4196,3560
1292,-3616,-477,15314,4800,2880
1318,-3664,-1707,15374,4552,3052
1
-32558,-3632,-8388,31817,32467,-22164
-32558,-3648,-17825,30234,21968,-7008
-32558,-3632,-31533,31817,10372,-7052
-21751,-3648,-23308,30574,-14508,1908
-26968,-3648,12091,27222,-11076,16832
-21606,-3600,-13739,20458,-26184,11216
-2866,-3616,-6059,-4562,-11508,11416
2763,-3632,-13583,4422,-5428,8760
12262,-3632,1085,582,-4800,-644
12398,-3616,10077,582,3376,4736
14428,-3632,-3515,4654,-4016,1208
8966,-3648,13866,3458,-2432,6276
13961,-3664,6956,17110,7560,1844
13845,-3648,3491,13958,6328,-5480
6542,-3648,2760,18650,21088,2284
9401,-3696,-15147,29226,23644,3672
813,-3648,-2595,28218,23404,4316
-2011,-3664,-9089,31817,21736,568
-3624,-3680,7434,31817,26476,-6352
6557,-3648,8641,27310,31912,3576
4293,-3632,8479,13762,17708,10768
-537,-3648,13215,15482,14800,3944
1661,-3632,12600,13570,11448,776
3158,-3648,10389,13646,12688,1600
-279,-3648,4978,14170,6396,4276
1014,-3632,6785,16150,7012,1628
731,-3616,2889,15362,6296,3756
-880,-3632,1383,15394,2604,5204
924,-3664,2776,15798,3644,3608
1480,-3680,-2475,16174,4292,3828
-14,-3664,-2419,15562,2712,4860
-227,-3632,-662,16202,3008,3824
1
21048,-3632,23585,10946,-8320,2216
26131,-3648,-32599,8366,7784,-8912
23092,-3632,9650,1562,21712,-5528
14164,-3648,1261,7782,8096,-6344
6366,-3648,20418,9886,21592,-6628
4799,-3632,-23604,12346,17076,-4884
-2750,-3648,-19554,15546,4404,2112
-6330,-3648,-5505,30950,11864,4172
-10590,-3664,-19773,31817,20832,17308
-4951,-3680,22317,31817,10624,10092
-1845,-3648,-2341,31466,15536,15180
-2110,-3664,14536,23498,22616,7536
1111,-3680,16902,14318,16700,6716
3690,-3648,9846,13798,13824,4916
5215,-3664,6367,13834,8100,4276
5791,-3648,8458,12546,7828,2536
4184,-3680,3428,15218,6684,2160
3105,-3664,2650,16478,3028,1600
3525,-3648,3889,16810,3360,640
3378,-3616,-956,15830,2920,2184
2976,-3664,-2763,14858,1376,2900
1941,-3680,-2626,14978,3236,3216
742,-3664,-4660,15450,2244,3288
734,-3664,-861,15338,1756,3480
1388,-3680,1696,15982,3952,2884
1995,-3664,-97,15898,4264,3748
1919,-3664,-1028,15502,3780,4108
763,-3648,-1288,15266,5284,4400
-1048,-3664,-2910,14970,4360,5560
-1085,-3632,-1204,15338,4200,4392
-477,-3648,88,15466,5272,4136
216,-3696,-1442,15450,5096,4408
1
5176,-3648,21622,21590,24004,10612
839,-3648,-32599,28994,32467,2364
-21912,-3632,-32599,26850,32467,-9516
-32558,-3648,-1622,31817,32467,-17516
-32558,-3680,13589,31817,30788,-16300
-32558,-3664,5682,29546,32467,-8676
-32558,-3648,-31588,31817,13204,-12520
-32558,-3680,-32598,31817,-29192,4888
-14314,-3632,17075,31817,32468,8620
-9808,-3664,-11202,22614,-26300,21604
6279,-3648,-13705,10754,-30312,11056
20898,-3664,15587,12238,-4136,5808
23771,-3664,727,9746,-3284,-5116
15899,-3648,10477,12558,-288,-2236
11123,-3664,9345,28678,24688,-10564
5498,-3648,-18329,18158,24836,-2180
-3063,-3680,906,31817,28728,10624
2099,-3664,-19839,31817,32467,-4160
-4163,-3648,5576,30554,32467,18700
9976,-3680,-32599,31294,23132,-9264
12388,-3664,22938,11266,23508,10256
2711,-3648,4716,8786,16040,2088
2200,-3664,-7301,14470,8604,684
1847,-3664,-3624,14822,4908,2884
2437,-3648,-3084,15526,7784,-112
-224,-3664,-6781,14514,5640,3192
-3399,-3664,-4304,15514,6664,4772
-1345,-3648,-1998,15746,5776,3676
2639,-3664,58,16054,7020,3468
987,-3632,-1305,15038,5888,6536
-36,-3680,86,15474,4532,5008
1229,-3664,2019,15894,6188,3988
1
-32558,-3664,-3482,31817,32467,-31028
-32558,-3648,6210,31817,32467,-16564
-32558,-3632,-20433,31817,20144,-20912
-32558,-3664,-32598,31817,-12960,-3616
-27517,-3680,1590,31817,-24580,13496
-14493,-3648,19939,30034,-14864,10852
-14469,-3664,-32598,3138,-22800,25880
4448,-3680,-23416,17242,-32260,10280
27106,-3648,20016,8666,-11064,-1520
23094,-3664,11447,10826,292,4048
19443,-3664,-4199,9830,1968,-12564
7178,-3680,27248,10198,20864,936
8317,-3632,-19619,19042,22600,-4284
-94,-3664,-10880,22442,15496,6988
-8284,-3680,-18914,31566,32340,4620
-11701,-3664,-21849,31817,20644,-2688
-4870,-3664,9975,31817,27576,76
6790,-3648,29729,23510,31620,1444
3516,-3664,11665,12414,26120,7556
-658,-3696,-1033,12474,10928,4160
1317,-3648,7509,14122,10660,1268
2103,-3664,4982,14242,10752,3164
3511,-3664,2800,15290,5844,572
2659,-3648,5109,15118,6772,1580
-434,-3664,4237,15326,5804,4132
791,-3648,2621,16214,4492,1236
2569,-3680,2828,15874,4824,3352
1009,-3632,1294,14814,5156,4836
1413,-3648,788,15222,5408,3292
1939,-3680,-1230,15362,6568,4056
583,-3696,-4955,15434,5272,4528
136,-3680,-4046,15414,3220,5024
1
-32558,-3664,2359,31817,32467,-31388
-32558,-3616,-3685,30470,32467,-19640
-32558,-3648,-19772,31817,21232,-19492
-32558,-3664,-32598,31817,2104,-21368
-32558,-3648,-15301,31817,-27968,19284
-22907,-3680,5087,31817,-28508,2488
3146,-3664,-32598,11906,32468,18812
11727,-3648,6451,11758,-17532,13836
22559,-3664,25283,6250,2388,-2376
24827,-3632,8523,3242,7856,1104
19989,-3648,3508,5266,552,-5196
5926,-3664,10505,6658,11468,-1288
11546,-3664,-18424,19170,11788,-6008
1175,-3648,-5205,16010,12188,3552
-8843,-3664,-14648,24234,19520,3532
-7149,-3664,-19649,31278,14944,15048
-13728,-3712,-4226,31817,26064,4540
-10784,-3664,19262,31817,15312,-29724
3832,-3664,18546,29186,21656,10008
2708,-3680,32367,17426,20964,7328
-2030,-3664,14018,15526,21820,6276
714,-3664,4405,15046,13804,2660
-25,-3680,186,13470,7588,5200
-856,-3648,6554,14722,6440,3788
2585,-3664,1583,15046,6636,-24
1779,-3680,-1358,14854,2912,3000
-582,-3648,2278,15150,2600,3184
34,-3664,718,16366,4616,3320
-698,-3664,-16,15414,1980,5056
-715,-3680,-435,15366,3792,4064
1060,-3664,-3104,15402,4336,3320
727,-3664,39,15222,1196,5916
1
-32558,-3680,-8019,29618,31852,-21744
-32558,-3664,-20821,31817,23168,-15988
-32558,-3696,-32598,31817,-6792,-7168
-18872,-3680,-5280,31817,-14424,2680
-26216,-3648,-3691,31817,-31680,16732
-15111,-3696,-21966,21594,32468,18000
15818,-3648,4356,21750,-17312,7368
24356,-3680,14894,11490,-9556,4800
26153,-3664,12329,17906,424,-3780
28099,-3664,15726,13698,15528,-14228
11079,-3648,-7455,10542,26804,-1292
-901,-3696,-24487,30982,12648,-1872
-5026,-3696,-9171,31817,32467,4672
-13118,-3680,-27929,31817,25812,3816
-9532,-3680,3883,31817,22872,2784
-1685,-3728,-32599,29790,32467,4484
7630,-3664,23059,14834,24328,16100
960,-3680,15926,12074,19656,3908
1372,-3696,8645,13290,13168,3260
3966,-3664,7174,11390,7728,1904
2918,-3680,6912,12466,8492,1940
632,-3680,1854,14710,4972,3012
92,-3664,2863,15874,4628,2320
104,-3680,1850,15958,4656,4372
1045,-3648,1046,15922,2868,4040
2419,-3664,235,15110,6916,4092
1327,-3664,-4874,15738,5324,4796
612,-3680,-2045,15486,3608,4792
315,-3664,545,15974,5068,4208
-337,-3696,-243,15370,4572,4708
-335,-3680,35,15282,5372,4192
-8,-3664,-1065,15194,6288,3728
1
-32558,-3680,2440,26894,32467,-24644
-32558,-3664,-13137,26694,25600,-12892
-32558,-3664,-32598,31817,3052,-13648
-29707,-3680,-32598,31817,-22488,10588
-16930,-3696,-25234,31817,32468,13428
8095,-3664,-11236,14114,32468,8544
4725,-3680,-8527,4942,-21796,14752
12573,-3664,8314,13274,-14208,-2504
21323,-3712,10680,13030,9180,-3568
7270,-3680,2594,11746,10480,-1840
-993,-3664,27673,19574,21028,-9940
3563,-3648,-32598,17970,32467,-3476
-14619,-3680,-22893,23342,3636,9788
-14413,-3696,6187,31817,32260,17400
-7241,-3680,-12135,31817,21816,2680
-12416,-3696,6044,31817,32467,-16024
10513,-3696,18149,24258,27884,8396
2432,-3680,20985,13786,20104,9984
-195,-3680,7448,14002,16700,3408
3595,-3664,3483,15378,10480,1148
2597,-3680,2850,14638,4468,2152
3405,-3680,9827,13682,7592,760
35,-3696,-2277,15122,5856,2568
-556,-3680,-4463,16142,2164,3872
1067,-3696,3585,15598,2460,4188
749,-3696,2193,14854,5528,5156
-792,-3680,-344,15018,3600,5292
-367,-3696,1324,15682,4412,4424
-68,-3632,-223,15854,4812,4788
101,-3680,68,14954,4204,5160
843,-3696,779,15130,5300,4548
287,-3696,-977,15070,5144,5032
1
22774,-3696,13977,10434,-5404,6944
24072,-3680,11841,11650,-4552,-632
19022,-3696,12764,1678,884,-1080
13104,-3664,14496,18574,9832,-984
13558,-3680,-13202,15374,27600,-13892
-2935,-3680,2379,18510,20284,1852
4117,-3696,-10423,31817,32420,-3296
3539,-3712,-21266,27118,25688,5532
3848,-3680,609,14478,19844,14784
7042,-3664,15271,31817,30492,-5236
7209,-3696,10783,17022,18528,15256
1211,-3680,9558,15234,17424,4108
-2360,-3664,7876,14398,15104,4148
-2177,-3696,980,13394,12600,4240
277,-3728,6478,14298,8816,1732
2007,-3680,6874,14126,8168,2524
4247,-3696,7734,14602,7512,840
4651,-3696,6735,14222,6884,2688
2486,-3680,4420,14914,5472,3408
1477,-3696,2582,15298,7160,3020
-1351,-3696,-2826,14726,5312,5264
-1984,-3712,-3995,16286,4760,3736
-299,-3680,-2343,15214,5376,2960
-37,-3664,-2680,15114,3556,4132
-1986,-3712,-1948,15254,3676,5136
-2434,-3712,-2174,15706,5480,4104
-1548,-3696,-5714,15822,4556,3920
-196,-3696,-5794,16006,3788,3772
1019,-3712,-3182,15682,4636,4116
1519,-3696,-1845,15902,4848,3848
2141,-3680,-1455,16606,4524,3836
950,-3680,-1718,14766,4488,5224
1
-24072,-3680,-2117,31817,32468,17488
-13694,-3696,9742,10806,-15800,10672
-3782,-3680,-27597,14946,-20396,19552
12893,-3680,-7889,19354,-24472,7300
25745,-3664,21746,8702,-7040,712
28993,-3680,9988,11190,5840,-992
16418,-3680,5417,4758,-2000,-3508
7352,-3696,12771,13966,15044,-3180
10863,-3696,-14441,27058,28660,-12604
-5665,-3680,-3452,16374,32467,2324
-7935,-3696,-26070,28434,25348,-520
-5595,-3696,-12287,28330,27200,15128
-15718,-3680,-23721,31817,32467,4248
8593,-3680,4734,23102,28624,10280
2904,-3696,10292,15014,21564,9716
2959,-3680,16449,15610,18284,2472
3112,-3696,7286,13594,18192,3804
2386,-3728,220,12018,6484,2640
1919,-3680,8829,12670,7992,1764
782,-3680,3313,13450,9456,3636
2452,-3664,559,15234,8016,1960
1745,-3696,173,15854,5844,4540
1069,-3712,1463,14786,5088,4396
2490,-3696,1211,15118,6976,3196
888,-3696,-2575,14314,6328,4968
579,-3712,-1752,15110,5380,3824
1034,-3696,697,14830,6680,3356
-234,-3728,-533,14474,6356,3984
-806,-3728,-2094,14462,6048,3604
-399,-3680,-2486,14442,6284,3976
-185,-3664,-3443,14350,5336,4148
611,-3696,-2520,14978,6460,3796
1
-32558,-3680,-11607,26274,25548,-15552
-32558,-3680,-24824,31817,20216,-18340
-32558,-3696,-32598,31817,-9436,2856
-19636,-3696,453,30534,-21704,16276
-12173,-3712,-3992,25746,-20184,18072
-1208,-3696,-25140,18266,-22884,12860
11613,-3696,-10724,6714,-18568,1772
24028,-3680,9948,15570,-6308,3372
22558,-3696,10803,6450,2052,-5856
11497,-3664,7041,13190,4496,-1492
12535,-3712,10145,25162,24852,-7100
-1298,-3696,-32598,6418,23592,2452
-12320,-3728,-18139,31817,12312,3404
-13485,-3712,-9039,31817,32467,9816
-11822,-3712,-6239,31817,19904,3972
-7936,-3696,-32599,31817,23184,-25180
11068,-3712,14377,19366,32092,10048
6641,-3680,13038,11410,20072,6848
1849,-3696,4658,14938,12636,4488
2350,-3680,653,10894,11148,4508
608,-3648,381,14646,6088,2840
-455,-3664,1181,13922,4976,4032
114,-3680,504,15618,6172,1304
-140,-3696,-6190,15750,4576,4024
441,-3696,-2746,15806,1512,4988
1692,-3680,2739,15266,6216,3520
241,-3696,-2068,15170,5620,4792
-679,-3696,-1981,15254,4452,4876
890,-3712,1200,15638,5204,3944
997,-3696,965,15134,4312,5564
-211,-3696,1876,14874,5096,4820
-1125,-3712,53,15130,5376,4096
1
-32558,-3712,-29848,31817,12708,-18040
-27905,-3696,-21801,31817,-16876,-3244
-26385,-3696,8609,31817,-23792,25116
-13648,-3680,3819,22002,-15616,17328
10,-3696,-22731,10434,-20120,20764
18234,-3728,-10633,16214,-24504,5508
25405,-3728,28002,7898,-8356,1108
23717,-3696,9730,14138,9084,-2280
16503,-3712,-380,5494,3304,-10832
3197,-3696,10755,14402,21504,120
11580,-3664,-17838,31817,26436,-12472
-2237,-3680,-7275,20998,28860,6388
-5428,-3696,-21368,26634,14224,-5516
-4181,-3696,1369,31817,18448,-720
3839,-3680,-32599,31817,-4132,-9376
10905,-3696,16032,19946,24760,8048
515,-3712,13986,14042,21100,5120
-2941,-3712,2408,15518,18356,2904
2100,-3696,2555,15914,11896,1872
3537,-3712,7203,14742,13328,2864
197,-3712,-1031,13530,8396,3996
-546,-3696,2133,14818,5456,2324
2996,-3680,-2885,15986,5856,708
3272,-3712,-6311,15934,712,3480
395,-3696,2699,14754,2144,4584
-948,-3680,522,15410,4544,3340
121,-3696,-3526,15578,4344,3844
1625,-3696,-4949,16382,3984,3480
1538,-3712,-2685,14838,2656,4716
389,-3696,670,14882,4904,4380
1069,-3696,-614,15534,5416,3208
1050,-3712,-2020,15134,4228,3880
1
-30826,-3696,-32598,31817,-22488,-3296
-13860,-3712,8524,31817,32468,8132
-6546,-3696,-9199,18930,-27680,20920
6381,-3728,-12687,16934,-26332,12892
19511,-3680,12353,7546,-10564,216
20823,-3696,10706,9766,-1856,756
22229,-3696,14215,10418,5020,-8040
7017,-3680,14459,15482,10236,-468
8233,-3744,812,19382,18548,-12660
4083,-3696,157,24854,30544,2312
-4528,-3744,-28178,21414,23412,1788
-6883,-3712,-12295,30430,12664,8804
-4399,-3728,-781,31817,32392,2072
1791,-3712,25896,31578,23156,3076
3937,-3712,15249,19610,28612,16080
6329,-3696,8090,14782,17532,2956
4574,-3712,11953,13342,13992,4944
552,-3680,3534,11602,9640,3212
2537,-3696,-1551,13518,7152,812
936,-3712,-6567,14186,4652,3880
380,-3680,-646,15710,3128,1900
776,-3696,-1183,16002,5048,2396
-600,-3712,-2659,14938,3188,4196
383,-3712,716,15238,3568,4512
902,-3728,30,15670,5120,4140
-463,-3712,-1276,15162,3824,4440
-412,-3696,353,15882,4896,3556
982,-3728,-151,16042,3196,4164
1111,-3712,3927,15318,4464,4484
-412,-3712,1716,15130,7112,4116
-370,-3728,-1649,15614,5320,4200
931,-3680,-363,15782,5032,3976
1
-20036,-3696,-22658,31817,-29528,-3044
-16224,-3696,5609,30094,32468,13924
-14367,-3728,-17557,16450,-32660,16204
16809,-3680,4946,15718,-17856,2668
21201,-3696,22274,1202,-304,5552
20126,-3696,15665,8838,908,-4352
17861,-3680,19143,4090,11060,-6628
6773,-3696,3907,9706,14184,-8
7419,-3728,-7134,18866,14108,-7960
-4060,-3712,3775,25214,23252,1656
-7085,-3696,-12678,25970,20452,-9088
-7053,-3696,-4305,31817,23212,-944
-1162,-3712,4316,17162,19296,11072
4858,-3696,-32599,24810,26976,-1620
6163,-3760,15791,18718,18636,5076
4362,-3712,9582,14918,18524,624
1969,-3696,2700,16686,14520,1808
2332,-3728,-1171,14486,7508,1464
2266,-3680,-3276,15530,7096,1120
3257,-3696,1601,13418,5776,2332
2551,-3728,2796,14974,8108,1012
557,-3744,-2931,14954,4860,3672
114,-3712,-2164,15618,4584,4032
953,-3712,-2815,16102,4124,2216
1245,-3728,-3501,15598,4592,2676
-655,-3680,-1955,14994,1024,4556
-427,-3712,4519,15178,3372,2036
1099,-3696,1720,14922,6860,1900
635,-3696,-2825,14750,3368,3468
310,-3712,1709,15286,3900,3212
1
-32558,-3696,-32365,31817,13140,-19068
-32558,-3728,-24618,31817,-5196,-3208
-32558,-3696,-4774,31817,-29160,16824
-4281,-3728,-15085,28046,32468,19536
9207,-3712,-19354,14634,-29256,25260
22915,-3696,-899,14526,-27320,-3168
31568,-3696,20095,10062,2344,-2128
24431,-3696,-1692,11158,4960,-10352
6590,-3680,20689,9822,23836,-14316
2707,-3696,-18223,13718,31276,-4256
-5137,-3696,-21963,19706,13124,920
-8816,-3712,7809,31817,32467,4664
-5084,-3728,-26424,24486,23552,4700
-4211,-3664,9609,30134,20844,5248
-849,-3680,26077,28686,12072,2880
696,-3728,-2972,20782,16828,10256
-596,-3664,-377,18738,11608,5420
884,-3744,5957,16262,9124,3624
2102,-3728,8199,17762,13444,2472
2411,-3728,961,14026,10036,3240
2848,-3728,804,14770,7384,2464
1222,-3728,-1389,15702,5980,3824
1108,-3728,3264,14634,6780,3040
1460,-3712,767,15122,6848,4088
731,-3728,-348,15702,2844,4120
1737,-3728,4034,16462,3160,2908
2303,-3712,2093,15542,4016,3220
1583,-3696,959,14806,3856,4088
1074,-3696,370,16102,3744,2996
1001,-3712,525,15374,2672,3488
1187,-3696,2030,15462,3492,3228
601,-3696,186,15306,4532,3536
1
-32558,-3680,-32598,31817,10804,-27360
-32558,-3728,-31290,31817,-4396,4740
-28741,-3712,-1881,31817,-31616,820
-15754,-3680,-13760,24394,-18232,20852
-5136,-3696,-32598,19806,-23744,19284
19089,-3680,6571,14538,-13932,4024
29509,-3712,21291,5914,2088,5472
28002,-3696,3419,10486,-2592,96
24755,-3696,7090,3662,-2156,-6196
15575,-3712,7202,21318,10580,-2980
7771,-3728,-11803,8282,16428,-7888
2834,-3696,7294,26842,24124,1060
-860,-3712,-22310,26954,32467,-2424
-9666,-3712,1009,27790,24160,5676
-3043,-3696,-2644,23490,32467,4932
7421,-3712,21468,22006,25900,12708
-1395,-3712,-2326,13990,21156,9996
2025,-3728,-2350,17966,12272,1200
553,-3712,763,15862,11500,5700
313,-3712,-71,14822,8380,3224
6140,-3728,307,17030,7888,436
3736,-3712,-1406,15122,5520,4868
151,-3680,1674,14350,5972,3268
1668,-3696,312,16394,3632,2020
1667,-3696,2688,15074,2276,4116
1294,-3680,2665,15186,4472,3248
1531,-3728,-1320,15610,4652,2984
472,-3696,-128,15498,3920,5156
126,-3744,1582,15446,4992,4432
948,-3728,2227,15274,6060,4216
488,-3696,-362,14898,4624,5048
1
-32558,-3728,-14138,31817,32467,-22232
-32558,-3728,-20698,31817,21360,-25144
-32558,-3696,-32598,31817,-5404,-7396
-19657,-3712,-17803,31817,-32052,2308
-15329,-3728,3458,30798,-32608,21316
-2518,-3728,-13235,26926,-23632,16408
15851,-3712,-2076,12750,-17152,6384
31220,-3696,21097,14002,-5116,524
24034,-3760,14022,4342,3464,-5372
16808,-3712,9988,7442,4968,-9564
16132,-3696,-15254,19974,18264,-2284
1192,-3696,-19888,12146,10744,1024
-9837,-3744,-124,31817,17392,4996
-7260,-3728,-24452,31817,28688,-6696
-13771,-3696,-13909,31817,19268,6676
-8456,-3712,-32599,31817,7920,-27372
5266,-3712,28633,21958,26236,9752
647,-3696,19940,14102,21768,7940
1338,-3696,4040,12526,12408,2752
925,-3712,3673,15310,11832,3088
-1966,-3696,-3761,13682,7840,4384
-770,-3728,929,15526,6000,1948
118,-3712,-1267,15982,3620,3408
1012,-3696,1239,15710,3008,2548
2237,-3696,2791,15938,3356,3724
2195,-3712,1105,15098,2792,4948
391,-3728,1291,15326,3596,4384
616,-3728,-937,16306,3128,3360
721,-3712,-471,15758,1880,4180
-421,-3728,1602,15654,3820,4352
-95,-3696,1041,15822,4656,3472
213,-3712,-492,15778,5348,3896
1
-32558,-3712,-192,31817,32467,-28884
-32558,-3712,-7660,30142,29588,-21896
-32558,-3728,-30519,31817,21476,-11368
-32558,-3712,-32598,31817,-16068,-18832
-32402,-3728,-11579,31817,-32284,21808
-11762,-3696,3483,31817,32468,9992
2006,-3744,-12231,7302,-25848,20984
14707,-3728,-5697,15182,-19908,7072
30337,-3696,27719,13178,-2812,-8308
25663,-3712,12588,5858,10360,-2288
12212,-3728,149,6706,-6124,-6724
5483,-3728,13201,13194,21132,-248
2937,-3712,-23932,27658,17388,-3916
-2053,-3744,-5631,27878,32467,2964
-8733,-3728,-32598,26934,21232,16372
-10762,-3744,-2155,31817,18496,6948
-18766,-3712,-21497,31817,32467,16028
6128,-3728,15993,26614,22352,3532
5739,-3744,20649,16298,23452,11568
2048,-3728,2472,13418,13700,3696
2913,-3728,9824,14110,9252,2916
2835,-3696,6089,14854,9636,-32
421,-3712,3938,13142,5404,1980
-583,-3728,3596,15138,6672,2592
570,-3728,2334,14826,4936,3488
930,-3712,5585,14942,6064,3156
322,-3728,752,15418,5632,5496
1034,-3728,-452,15570,2604,4300
3008,-3712,2193,15274,5392,3504
1312,-3712,-1101,14982,3864,4700
832,-3728,1373,15466,3832,3588
1028,-3712,1557,15230,6084,3236
1
-3107,-3696,30463,21294,32467,-444
-4848,-3712,29220,27726,32467,-6852
-21652,-3728,28795,31782,32467,-17836
-32558,-3728,6568,31817,32467,-26832
-32558,-3712,-14139,31817,32467,-21268
-32558,-3760,-27952,31817,14208,-17112
-32558,-3696,-32598,31817,-18344,-84
-25901,-3712,9219,31817,-24092,2928
-13921,-3728,1933,27974,-26680,23668
26993,-3712,11169,5258,-4520,284
22871,-3728,-2134,5218,-3500,3232
20669,-3744,4907,8742,-3696,-10124
12745,-3712,-32599,16206,26424,-172
9360,-3696,-32598,15134,17616,-5968
-2503,-3696,-26789,18150,9704,6308
-5915,-3712,-6357,31817,13092,11492
625,-3696,-3700,31817,32467,-9124
-331,-3728,-19389,31817,32467,32767
3145,-3744,-32599,25522,22332,-4700
6498,-3728,18653,17850,22872,7148
4526,-3728,4036,11694,14556,464
-2596,-3728,5236,13010,9184,3512
-3304,-3712,2792,15058,9136,-180
-2269,-3696,8704,13494,7184,-136
-5704,-3728,25,14966,8068,3640
-1280,-3744,-537,16450,3296,2044
1033,-3728,4763,16258,3076,5344
-1700,-3728,2231,15574,4472,5420
-147,-3744,-3028,16910,3616,3324
-296,-3728,-3393,15994,2680,4932
1
-18701,-3696,1853,31817,-27824,9448
-16819,-3760,5671,22958,-22044,22420
-10458,-3712,-20469,24454,-19532,17168
18205,-3728,-2803,17974,-20476,3432
30441,-3728,25810,8498,-5128,5640
27335,-3712,10600,11606,1072,-5708
29705,-3712,16900,6218,12304,-13292
16851,-3696,-3969,7310,27504,-3784
6513,-3728,-13962,19454,6828,-11760
6798,-3712,8152,23214,32467,1692
714,-3728,-28832,26962,28860,-6400
1690,-3728,5733,27362,25524,-1188
214,-3712,-32599,29082,11856,-32768
9184,-3728,168,17070,25304,6624
393,-3760,-7264,16506,17352,5656
362,-3712,-8986,18338,9828,1284
2339,-3744,6785,17746,7864,2748
2350,-3728,2707,16702,10012,2156
2665,-3728,-1702,16222,6040,3284
237,-3744,1958,14914,6100,3892
-424,-3712,1058,15418,5480,2016
1253,-3696,4088,15546,3860,3084
2002,-3712,4563,15926,6200,2424
1283,-3744,878,15114,5828,3072
238,-3728,-1573,15390,5112,2764
-713,-3696,-2874,15246,3264,3928
852,-3696,-539,15010,4292,3752
261,-3696,723,15090,3884,3608
-179,-3712,968,14954,5792,3564
-258,-3728,-2238,15174,5108,3532
1
-25985,-3696,20970,23914,32467,-8480
-32558,-3744,2140,31817,32467,-30244
-32558,-3744,-4665,30178,32467,-21216
-32558,-3696,-17240,31298,16592,-15544
-32558,-3712,-28260,31817,-856,-17552
-30276,-3680,-2608,31817,-14612,5760
-24224,-3728,3785,31266,-21500,19656
-15543,-3744,-21182,17006,-17940,15652
174,-3712,-14000,13986,-15012,14520
14634,-3728,9351,6714,-8208,8900
25536,-3744,14194,12590,-5544,3300
17948,-3744,14218,18026,5504,-9136
22439,-3744,-3096,26038,30236,-10756
4282,-3728,-15607,22250,30156,-5208
-5866,-3744,1177,31817,32467,480
-7036,-3744,-31875,26310,28608,5096
-18526,-3696,-32599,31817,14316,-26012
3672,-3744,10440,26162,32467,10984
3268,-3712,17660,15926,19064,4180
1726,-3728,5252,17854,20328,2492
2260,-3712,1285,12438,8228,3528
91,-3744,5001,13866,10452,3824
-381,-3728,3225,14942,5480,2724
1530,-3744,6845,14818,6748,2104
3031,-3744,533,16338,7124,2240
929,-3728,762,14834,2268,5144
-827,-3728,5643,15582,3664,4656
1179,-3744,251,15798,5128,3616
2105,-3728,-3039,15802,4660,4316
1362,-3696,-3255,15518,2536,4600
1
-21833,-3712,1366,31817,32468,16072
-9724,-3744,-18299,17174,32468,22416
-2398,-3728,-16761,5946,-28972,14160
11660,-3696,6116,9018,-12544,4084
16107,-3712,13906,5934,-6600,2700
11170,-3728,15437,11854,-1880,-3752
5537,-3728,16531,11014,10224,-8256
5004,-3712,-8934,23806,14168,-1096
-529,-3728,-4643,29942,22748,-1552
-6745,-3760,-3801,31817,26048,4900
2267,-3744,-1309,31817,19560,5692
-2314,-3712,9890,31817,32467,2936
-843,-3728,-32599,27374,7444,-25816
6451,-3744,20789,17526,25056,7544
1562,-3744,10357,11742,19832,5196
2611,-3728,1117,13182,12728,1864
4748,-3744,5255,15654,12756,1048
530,-3712,2012,14278,8316,3792
-1184,-3728,500,15134,7708,3208
-32,-3744,1616,16258,6528,4140
788,-3744,1000,15654,5144,4456
1857,-3728,3074,15402,4644,4232
740,-3760,2134,15322,4776,5248
1245,-3728,-1942,16242,4276,3280
1839,-3728,-2604,15534,3060,3992
569,-3728,-1329,15434,3996,4252
416,-3744,-1019,15670,4676,3764
1800,-3696,-62,15810,6012,2972
1651,-3728,-1309,14990,5000,3948
-502,-3744,-370,14022,5256,4368
-307,-3712,-752,14814,6112,2512
-229,-3728,-2147,14878,5492,3424
1
