6998,-1936,-32598,-9862,24156,-1816
4839,-1968,3351,31817,32467,-13524
6105,-1952,-32599,31817,32467,-1708
-16539,-1952,-11006,21810,32467,2908
-15828,-1952,-11303,24334,-1900,5704
-13004,-1952,88,15062,9340,10248
-11135,-1952,-9096,10426,8276,10748
-8055,-1936,-17744,3794,9000,9984
-3679,-1968,-1115,4746,5012,5736
362,-1968,15424,4610,11548,5460
1333,-1936,3274,4474,20404,4508
1460,-1936,-1215,2714,22348,2432
2672,-1968,9173,-7694,22392,6272
7224,-1936,-11200,-17786,24344,8672
13515,-1920,-15786,-19218,17380,-3996
17061,-1952,23787,-24910,15324,-4304
9264,-1936,14300,-19758,22720,-3944
-2551,-1920,-5002,-14170,18132,1860
-4873,-1904,-4746,-7746,14300,4908
-1158,-1952,-1520,-1490,15628,5620
1774,-1968,1462,1374,15768,2120
956,-1936,1211,966,16812,1072
-550,-1936,-1489,2314,17392,924
624,-1936,217,2138,15968,840
631,-1936,2682,590,14972,1392
697,-1968,660,270,15228,1532
975,-1936,-1257,-142,14168,1660
2322,-1952,-320,-602,14364,1200
3134,-1920,2775,-942,14628,540
3217,-1952,4528,-1478,16040,508
2536,-1952,3470,-2130,17272,448
743,-1952,2370,-2054,17588,580
0
-63,-1904,6603,-3934,23796,-4576
-4482,-1904,25207,31817,32467,-26792
-8204,-1904,-1388,31817,32467,-19092
-14663,-1904,-2590,29458,19380,892
-12969,-1904,-17378,27962,1456,8952
-6252,-1888,-2152,19574,-2272,9556
-3995,-1888,4242,13634,6468,7884
-3748,-1888,1886,9778,9352,5232
-4322,-1920,1589,6774,12788,3916
-5652,-1888,3039,3706,13724,3532
-8807,-1888,4350,-246,16084,4988
-10157,-1888,2708,-3146,18660,6632
-2177,-1888,1859,-3026,20624,3124
4796,-1888,-3668,-5710,30688,3524
5311,-1856,-613,-8654,19976,3800
4255,-1888,4076,-5938,20268,1872
7217,-1904,8078,-5798,15604,-444
7265,-1888,5948,-7886,16924,1120
3865,-1872,-879,-7106,17660,1364
-39,-1904,-2327,-5650,14276,2712
-2755,-1904,-2872,-3374,15744,2780
-3464,-1904,-2949,-594,17320,2920
-1690,-1872,-3910,1858,17656,1704
1317,-1872,-4477,2226,17108,1112
2341,-1872,-2675,1854,16712,1796
1709,-1872,-1551,1714,16572,1852
1246,-1904,-2580,1822,17020,1808
1384,-1888,-4562,2238,16996,1820
1744,-1888,-4618,2030,15620,2200
2321,-1888,-2662,1750,14784,2568
4035,-1920,-1166,1598,14216,1800
5047,-1872,-1042,938,15264,2464
0
11126,-1872,-32433,-21634,12976,732
8182,-1872,-3328,12138,5456,6444
-6324,-1904,5053,31817,32467,5776
-3286,-1904,13083,31817,32467,-2780
3863,-1872,-32599,-10690,21460,-2488
-26354,-1872,-31280,16086,1740,9224
-15898,-1904,-6512,22946,-17148,13640
-11389,-1904,-2334,11466,5188,8836
-10369,-1904,-12535,8446,10544,6104
-7010,-1872,-3390,12954,6200,2028
-618,-1872,2554,9266,15724,3976
1147,-1872,2904,15770,21520,4180
-8641,-1872,699,8818,14544,11288
-16150,-1904,-9433,4062,11988,6508
-12102,-1872,-9741,2702,11224,3952
-9516,-1872,2998,-14966,9980,7032
-2052,-1904,13376,-12614,10604,5384
4650,-1872,19518,-13438,15152,8252
7390,-1872,15698,-15546,21400,6056
7981,-1872,7038,-16426,22160,7952
5695,-1872,1668,-14734,19312,5496
8239,-1872,8599,-11578,18744,4200
7258,-1872,7070,-9522,22176,5444
4572,-1904,-841,-5414,22276,3580
4436,-1872,-1650,-950,22284,1124
3765,-1872,-2596,1450,19076,1256
892,-1872,-3645,994,15048,1356
-2072,-1904,-1736,538,11536,1120
-3988,-1872,398,-574,10952,1336
-4631,-1904,1773,-1086,11308,1328
-3091,-1904,533,-806,13084,316
-179,-1872,-657,-1074,13800,32
0
3151,-1872,-32598,32274,15424,-2260
6120,-1872,-24064,31818,-9112,2792
13328,-1872,-11356,-994,-668,2020
23807,-1840,-32599,31817,-2884,12976
4571,-1872,-19730,31817,32467,-28492
-8168,-1904,-32598,-2466,32467,208
-228,-1840,15723,31122,-22924,12784
889,-1840,10920,29982,2960,1968
-10028,-1872,14229,31817,11232,1860
-13519,-1904,8848,31817,2880,1908
-10575,-1872,9205,19670,1092,4132
-10649,-1840,3018,-1686,4652,14384
1393,-1904,-18086,-17786,4672,5300
5565,-1872,3123,31818,5744,11720
986,-1872,12164,-26842,20392,15612
8662,-1872,758,-20062,30024,-2956
17965,-1872,11106,-17250,32467,-1332
11569,-1872,21020,-12434,25084,-1208
1781,-1872,7383,-6710,22216,260
-2810,-1872,-9137,14,17672,-468
-2525,-1872,-6987,3602,11956,-908
-2017,-1872,2049,1710,12296,-308
-2944,-1904,6964,1610,13732,296
-3233,-1872,5852,2370,15716,-460
-2339,-1904,2255,1710,16396,-560
-2517,-1840,194,282,16264,200
-3875,-1872,-2566,-174,17812,1388
-5799,-1856,-5869,-30,17264,1480
-5106,-1888,-5228,618,15512,636
-3917,-1856,-1027,598,15464,936
-3956,-1888,2206,-250,15372,1160
-2694,-1856,2521,158,14972,420
0
-32559,-1856,-32599,31817,5340,11996
10367,-1888,-541,31817,32467,-15904
-4746,-1856,21525,4470,32467,-15940
-18440,-1824,-18938,4670,15508,18248
-11000,-1856,-32598,27362,4412,-5696
-1425,-1824,10162,12130,-3992,10928
-11409,-1856,13857,12154,17320,9156
-11501,-1856,-4162,15098,14240,5716
-8233,-1856,-16922,9090,8088,4620
-9011,-1856,-7918,5110,7472,8504
-13864,-1856,5739,866,9780,8032
-10589,-1856,4881,3522,13576,6736
-7207,-1856,-3395,214,16044,7204
-171,-1856,-2964,-246,15228,2208
11994,-1872,5017,-3746,12852,628
16997,-1888,23211,-10486,8572,1472
13899,-1872,29971,-14670,17028,5356
9259,-1856,14151,-11786,23892,2768
12301,-1840,2015,-12158,22676,-1184
17056,-1856,8924,-11410,22512,-2612
16139,-1840,9231,-8466,22524,-872
10307,-1856,-671,-6014,19032,-772
4438,-1872,-6632,-3254,16952,-944
-897,-1856,-6629,-1206,14348,-232
-6086,-1856,-5288,-690,14416,716
-7553,-1856,-5282,1726,15176,680
-5945,-1856,-4131,2710,16908,-52
-2943,-1856,298,2586,17040,312
-2347,-1856,1818,2982,17144,1136
-2614,-1856,1513,2950,16812,1152
-2481,-1856,-75,3854,16708,1900
-1947,-1856,-2212,3462,15324,2216
0
-32559,-1840,-32599,31817,18280,-11388
20414,-1840,32396,31817,32467,6196
-8437,-1808,-30966,14462,23360,-6512
-11402,-1840,-3464,22386,-812,1168
-5246,-1840,-12308,11162,13984,6252
-8027,-1840,5310,8542,2004,7012
-10214,-1840,14129,11230,12588,4960
-12640,-1840,36,12734,9696,1912
-14148,-1840,-1688,16150,10396,-256
-19250,-1840,3435,12890,12384,852
-19739,-1840,-6925,10274,15360,1772
-16222,-1840,-11356,3298,16112,1256
-8351,-1840,-9026,-1854,13660,-1320
672,-1840,3410,-8158,15132,232
4604,-1840,9129,-13126,24856,3736
18500,-1840,-3553,-6718,32467,-6936
31924,-1840,-7231,-12298,31020,-6032
25498,-1840,657,-17758,19620,1860
9104,-1840,7787,-16186,15280,3612
-665,-1840,13254,-14362,14252,2032
-2423,-1840,6764,-8882,18348,1372
-74,-1840,-6502,-5158,14488,292
2271,-1840,-8468,-3598,9400,-452
3343,-1840,-1556,-734,11968,-772
2221,-1840,3680,1186,16396,-660
167,-1840,5259,622,16372,-772
-310,-1840,347,822,15564,-1004
941,-1808,-5725,2002,17644,-768
1339,-1840,-4873,2498,16824,-652
-595,-1840,1779,1570,14372,216
-3331,-1840,5122,850,14780,1024
-3881,-1840,5393,598,16540,72
0
4971,-1824,-32599,31817,7088,9504
8896,-1824,25711,31817,32467,-18016
1739,-1824,-929,19634,30140,-10740
-20703,-1856,11772,5014,716,3376
-26341,-1840,-21184,12950,13424,6168
-17937,-1840,-17139,15058,-788,3716
-16462,-1840,4102,13794,1876,8128
-13598,-1840,2454,18858,10376,328
-6738,-1872,-2788,22138,9104,2712
-8940,-1808,-1272,15246,14656,4156
-14027,-1840,1794,6166,13100,6336
-14905,-1840,357,-5722,17276,10184
-8471,-1808,-11709,-14254,13380,6252
-3528,-1840,-2036,31818,17960,9872
-2299,-1840,17596,-18094,19736,12576
14294,-1840,-5198,-13602,20628,604
24710,-1856,-990,-16022,23016,4100
21931,-1824,26012,-15342,15584,5248
12276,-1888,21569,-11034,19160,5592
1242,-1824,-7591,-7338,20400,3940
-777,-1856,-13033,-4678,12288,-168
1216,-1856,-122,-1306,10680,-312
1705,-1824,8796,-834,14168,676
1033,-1824,3806,530,18028,636
1033,-1824,-5732,1790,18772,440
617,-1824,-8001,2262,16900,1380
-64,-1856,-3435,1978,15384,2284
-1596,-1856,1455,1190,14372,3352
-1737,-1824,2680,686,13464,2712
-725,-1792,3030,-246,12108,2384
511,-1856,2461,1350,16732,1608
2608,-1824,-539,1758,18176,296
0
10591,-1808,-32599,31817,17380,8108
7497,-1840,-32599,31817,32467,-32768
-25102,-1840,-5682,-10958,32467,4332
-24252,-1840,-28605,31817,9120,208
-11829,-1856,-9191,12598,-4744,12108
-12812,-1856,5234,13450,2192,10564
-10981,-1856,-5819,12246,7904,8632
-4170,-1824,-6869,13466,3728,2848
-3913,-1792,4168,10194,8396,6808
-10106,-1824,136,8798,14848,4836
-11279,-1824,-917,6962,12412,4560
-8436,-1792,10316,3054,13056,1480
-2322,-1824,12521,-6214,18376,2660
799,-1824,9782,-15606,15744,1656
1721,-1824,9331,-23418,13892,2296
-8431,-1856,14203,-17458,25464,9240
-12040,-1792,11946,-9638,21572,4188
798,-1856,1750,-3958,20672,156
5632,-1824,12,-7510,19512,3472
3174,-1824,1197,-7474,16096,2628
1967,-1840,5026,-5506,15828,344
514,-1808,4915,-3790,18148,-1960
-3160,-1840,35,-674,19012,-3420
-3891,-1808,-1809,822,17204,-4812
-1844,-1808,-2118,2926,16960,-2944
-782,-1824,-683,2670,14532,-660
406,-1808,1706,2614,14488,604
2355,-1840,1345,3150,15372,664
3995,-1808,-249,3082,16064,412
3768,-1824,-1050,1930,16064,76
3192,-1840,-1545,1626,16332,-476
3601,-1792,-2146,1858,16760,-1280
0
2235,-1824,-32599,31817,14136,-2596
7290,-1840,-32599,31817,32467,-11264
-13419,-1808,15309,-246,32467,3860
-27811,-1808,-32514,15362,12568,3212
-20990,-1808,-17531,19474,2292,2392
-17946,-1840,12284,16670,-1292,4260
-18940,-1840,-241,14234,12696,4860
-16280,-1808,-18185,16682,10548,448
-11886,-1840,-14741,11022,8916,1940
-7354,-1808,3233,6238,11788,1060
1838,-1856,1386,-586,20584,3968
4712,-1824,867,-10218,16540,6184
7047,-1808,6872,-18730,15008,9312
16762,-1856,14987,-23590,23492,6028
27006,-1792,15080,-11294,25308,-3892
-3446,-1824,-2052,-4682,21544,-2004
-2694,-1792,-464,-710,17644,-2220
-827,-1808,444,682,15468,-1176
-903,-1808,1751,2610,14972,-1248
-1428,-1808,1331,3246,16004,-1288
-1594,-1808,-2144,2854,16180,-1528
-1453,-1776,-5770,2686,16216,-532
-2200,-1808,-7029,2578,16268,356
-3113,-1792,-5035,2182,15216,480
-2957,-1824,-2167,1674,14760,928
-2851,-1824,631,714,14628,1276
-2092,-1824,1731,122,14940,768
-1630,-1792,1643,-742,15456,844
-1272,-1824,1275,-1134,15648,288
-576,-1808,213,-1026,16140,196
0
23348,-1824,-21724,-14374,-1680,-632
-32559,-1792,-32598,6166,-8416,-144
6152,-1792,21971,31817,-8804,14224
-9731,-1776,-32599,31817,20924,-32768
-20403,-1856,-16781,-21978,32467,25368
-23720,-1792,-32598,15214,-4232,5996
-10908,-1808,-4371,18834,-1100,3904
-6158,-1808,18989,12970,3880,11424
-8856,-1808,-12410,14122,17460,9592
-8925,-1808,-29438,15178,9680,4856
-9411,-1808,-10104,13430,6860,6084
-9348,-1840,6971,9318,13060,4760
-5952,-1840,-522,2750,17664,4332
-2941,-1808,4073,-4182,15560,2544
4363,-1824,10337,-10390,15036,-1308
7229,-1824,8336,-21758,18432,14156
-1982,-1824,-4330,-22646,19728,20356
8951,-1792,12801,-8270,19260,5016
17446,-1792,28432,-14474,25568,1360
3626,-1824,-2113,-11710,32467,-1856
-4901,-1792,-19151,-5226,23464,-5248
-4897,-1792,-6231,-1426,14188,-3584
-4023,-1824,5673,2742,15492,-2756
-2383,-1824,9363,3374,13280,-1744
-1679,-1824,2997,2986,14096,892
-2464,-1824,-2119,4830,15220,2464
-3435,-1824,-388,4974,14120,2412
-2791,-1792,2288,4542,15268,3040
-2040,-1808,2243,3498,16628,2976
-1150,-1808,2674,2274,16552,3060
-1543,-1808,4816,1374,16816,2596
-1171,-1808,5601,1198,17240,1372
0
-32559,-1792,-32599,31817,16156,-1456
28923,-1824,14711,31817,12656,-28032
-20193,-1824,-3369,-2382,32467,10948
-31899,-1792,-10416,11126,400,8104
-18579,-1792,-17275,26058,11908,-4068
-4312,-1824,2813,16786,-2412,4684
-1202,-1760,19823,22150,3356,8
-3115,-1808,9889,18298,9040,-300
-5459,-1840,-3500,14766,10828,588
-9633,-1776,646,6822,12872,2468
-11795,-1776,4065,-2922,15792,3748
-14501,-1808,-8387,-14682,23064,11800
-19775,-1776,-17246,-20510,20252,14700
-20899,-1776,5978,-24222,17584,16076
-7003,-1808,2682,-11158,21948,7764
6388,-1776,-4568,-8798,19372,6608
6288,-1792,9714,-7658,16944,6448
2968,-1760,7449,-4802,20396,4164
3619,-1824,-8557,-894,18032,2840
5400,-1760,-6743,866,13076,2300
5292,-1824,3832,278,12188,2076
2567,-1776,8720,1506,15696,2324
1377,-1776,756,3094,19620,1224
1191,-1744,-8970,3030,17556,1452
426,-1776,-6734,3362,15536,2784
-848,-1808,809,3370,14740,3528
-1718,-1776,3874,2698,14172,3548
-1644,-1808,3003,2086,13196,3860
-1283,-1792,1419,1218,13516,3784
-418,-1792,-869,1238,14952,3536
651,-1792,-2392,1694,16884,3456
1650,-1792,-511,1506,17292,2828
0
27959,-1776,22146,-26778,-84,6108
29528,-1776,-32599,-16738,7664,1284
25992,-1776,-282,-4782,9704,84
16247,-1808,-3312,10722,-1588,344
11602,-1808,23754,31817,5060,10208
8582,-1808,5574,31817,32467,2876
-6599,-1776,-29906,10522,24348,4188
-13446,-1808,-17861,12722,5508,6748
-20756,-1776,10912,23050,11576,5328
-16712,-1792,19181,30682,16476,764
-17072,-1792,4997,22218,11692,6068
-23927,-1760,-8676,15330,11224,6700
-22047,-1760,-7901,8118,6496,5248
-12297,-1760,-6249,-7058,6920,13580
-7932,-1792,-4466,-23290,6704,18132
668,-1776,12899,-21266,3552,9388
8092,-1776,16897,-23222,19572,13012
8852,-1776,-527,-12682,22284,8860
9213,-1776,-4237,-11542,18532,5284
8653,-1776,3480,-9566,19912,3856
7390,-1808,5602,-4546,20644,2152
6051,-1776,212,-2182,18952,1144
4186,-1808,-4587,-2230,16284,660
2313,-1760,-2085,-1106,14460,1244
-1408,-1792,664,-926,15532,2932
-3680,-1792,-1278,-570,16272,2300
-1706,-1792,-3957,954,15888,2592
-18,-1776,-3766,1274,16528,4096
-316,-1776,-1915,742,15452,4580
-466,-1744,151,-450,15468,4244
0
3148,-1760,-32599,31817,-7928,2668
13947,-1760,-32599,31817,30460,-20528
20853,-1776,301,-2466,32467,17544
-5023,-1776,-4064,-378,-2732,7432
-26960,-1776,-16046,20054,13440,1420
-26863,-1808,-10015,23530,-136,3280
-32033,-1808,2676,20994,72,3360
-30124,-1776,-2429,17754,5400,1664
-24626,-1760,-13701,12394,5364,2088
-20037,-1776,-9114,2954,6320,3772
-18685,-1760,5339,-9658,9608,9564
-14112,-1760,9093,-9162,10236,7384
-1488,-1792,18623,-9610,23600,9040
10989,-1760,9967,-8718,32467,4108
19654,-1760,4056,-11086,29988,4728
9327,-1744,11390,-17174,25804,14200
-1450,-1776,4552,-9506,26360,7524
3856,-1776,-7042,-5418,22040,3296
8681,-1776,-11413,-4342,15000,1928
8824,-1776,-6003,-2170,12228,2240
3994,-1760,1571,-1614,12872,2932
-940,-1792,4354,-18,13764,1860
-1706,-1760,2375,2170,15336,504
-648,-1760,-3318,2910,17928,1180
-577,-1760,-8585,1758,16872,1932
-978,-1760,-8953,1434,15104,2284
-1047,-1744,-6168,646,13976,2828
-706,-1776,-2780,510,14336,2816
-449,-1776,9,-62,14768,3024
-346,-1776,1945,-174,15896,2888
-179,-1776,2763,-458,16800,2688
-183,-1760,-156,2,19376,2552
0
24866,-1776,14839,-25142,1084,9680
32694,-1744,-32599,-21698,164,2160
-32559,-1744,-32599,-2790,6112,-5764
-32559,-1760,-32599,31817,9580,1896
24734,-1744,828,31817,24312,-2592
-24211,-1760,-28287,20090,11020,6680
-10619,-1744,-15571,17466,4568,2036
-5187,-1712,17984,17142,-5052,2604
-15350,-1744,6169,13606,12420,2784
-21246,-1744,-11291,17998,12680,-1660
-19849,-1776,-15177,15030,15328,-2608
-19803,-1728,-10497,1718,13964,7228
-19654,-1760,-9269,-12862,23180,7156
792,-1728,-9402,-18374,15268,1620
10300,-1760,17049,-20050,19128,14544
5659,-1792,19647,-18782,25312,17560
3288,-1760,3244,-10654,25420,10760
11717,-1760,-1364,-5226,20748,-1992
14520,-1744,7,-5202,19380,-840
7025,-1744,677,-4082,18620,-292
86,-1744,-3850,-1542,19040,-2116
-2662,-1744,-12485,138,17880,-4140
-5556,-1744,-13701,470,16404,-1788
-8034,-1776,-6602,1134,14936,-1084
-6840,-1760,30,2154,14872,268
-4162,-1744,1705,2890,15796,1948
-2343,-1760,-199,2610,15884,3496
-1158,-1760,-882,1630,14456,3712
-437,-1760,1430,2026,14728,4200
-772,-1728,4202,1346,14640,4132
0
10358,-1744,-27270,3122,-2388,19696
940,-1744,-23161,31817,12592,18500
11746,-1760,24854,31817,32467,-32768
25804,-1728,-32599,-27386,17660,32767
-23638,-1728,5181,-13234,17628,8912
-32558,-1760,-32598,31817,32467,5628
-19889,-1760,-4888,13722,32468,13228
-23498,-1744,27450,13110,-1064,4312
-16976,-1744,19486,8134,6708,3004
-6586,-1776,-7015,6330,15708,616
-1133,-1744,-8595,310,7228,668
3166,-1776,6087,-42,11200,-52
3854,-1728,11090,-4106,17072,1768
1952,-1728,7317,-12846,16104,5548
-4638,-1760,3014,-21970,21056,7128
-6439,-1776,3505,-29646,13984,3020
-11029,-1744,16749,-15514,22504,10320
-8584,-1744,20826,-8386,27192,4716
3009,-1712,5749,298,29372,-308
10828,-1760,-14381,-1766,20888,-508
12613,-1728,-18148,290,13896,-1048
9637,-1728,-6517,1042,10552,232
2900,-1760,4214,498,13824,1600
-3325,-1744,5740,358,15572,1164
-4889,-1712,1404,1162,15312,144
-2850,-1744,-3466,750,15932,148
-483,-1744,-4539,-150,15992,808
-13,-1728,-1944,-622,15096,1992
-1458,-1776,2859,-1630,15036,2220
-1662,-1760,9053,-1846,14780,1332
22699,-1776,7904,-27174,5044,4088
26603,-1744,26232,-31430,5896,2172
-32559,-1728,-3617,-9014,9516,-2208
31388,-1760,-32598,7130,-1764,2828
11104,-1728,-13660,31817,-11332,10500
-3426,-1728,12577,31817,25024,-9672
-2793,-1712,-32598,-14730,32467,12188
-7151,-1680,-8016,23334,-10952,5216
-7813,-1712,19381,11178,-1328,7564
-17195,-1744,13472,13378,6028,10296
-24422,-1744,18288,13650,4752,8964
-24948,-1728,27316,17850,8180,1224
-18407,-1760,6549,12906,18700,3132
-13470,-1712,-2500,4370,9212,3236
-10728,-1744,11609,-4558,8400,4504
-8302,-1744,10738,-15526,16600,10796
-7220,-1744,2120,-24710,15136,11524
-1752,-1728,9716,-8214,16980,10548
9149,-1760,23644,-5450,19640,1836
13776,-1760,19932,-6342,28052,764
7611,-1760,4982,-3726,28400,828
2948,-1744,-3046,-2042,23220,-2032
1633,-1776,-4111,-2558,18768,-1476
57,-1712,-4138,-1614,16904,-496
332,-1744,-3712,-346,15880,-1148
1514,-1712,-5184,410,15580,-892
2409,-1728,-5797,1382,15556,-1204
2845,-1728,-5534,1850,15376,-1372
1686,-1712,-4733,1786,15280,-532
31,-1776,-3291,1606,14448,-132
-1009,-1776,-1463,1270,14076,236
-1566,-1712,-315,790,14016,620
0
-6735,-1696,-32599,31817,5744,-29420
-1903,-1744,28404,16854,32467,9152
-19593,-1744,-32598,18534,12864,612
-6562,-1744,-32598,23394,-5104,6040
-1580,-1744,-1686,10650,-3156,11204
-5723,-1712,-5321,10522,6004,9420
-6203,-1728,-9302,13622,6224,6780
-5727,-1728,-12008,11362,7596,6828
-8492,-1728,-3794,7254,7252,6764
-9556,-1728,7522,5034,9780,5152
-7341,-1696,7565,190,13888,6244
-3830,-1712,3717,-9086,12556,6568
2295,-1712,-372,-17270,13608,4036
9139,-1712,13721,-9826,16980,2632
9510,-1712,22877,-11138,22984,1372
7552,-1728,20956,-10310,26720,-724
3902,-1728,1741,-8702,27972,-104
560,-1696,-9744,-5286,23508,1196
-462,-1744,-4669,-3250,18708,2336
1783,-1744,1500,-1502,17200,-196
2959,-1712,3965,-1646,16376,208
-1298,-1744,6349,1834,16484,200
-4472,-1696,6863,3842,16876,-884
-3399,-1728,2200,5982,16792,-868
-1473,-1728,-3467,5510,15248,732
-1234,-1728,-5268,3746,13364,1844
-1112,-1712,-2863,2562,12536,2192
-1735,-1712,445,1822,13448,2368
-2270,-1712,1488,1702,15184,1800
-2237,-1712,1935,1642,16236,1364
-1972,-1744,1147,2046,17936,996
-1270,-1744,62,1726,17968,1036
0
9425,-1712,-32599,31817,23520,29364
-10930,-1744,-32599,31817,32467,-32768
1888,-1696,-19467,6318,32467,32767
-2676,-1696,-32007,28474,-9304,3972
3736,-1696,-14843,10606,-6952,12460
406,-1680,7810,11494,-5804,9744
-9216,-1680,14572,7502,-180,6692
-14881,-1712,17232,9530,4780,1016
-14564,-1712,6514,7558,10756,-228
-12616,-1728,-2147,2866,7340,148
-11212,-1696,4189,-2082,9560,1304
-12354,-1728,8426,-11554,13528,3916
-14354,-1712,12137,-19662,17712,6196
-2629,-1712,8019,-6394,19856,-1232
4291,-1744,5978,-11710,23960,7140
890,-1744,1770,-10430,22720,6316
147,-1712,-369,-5750,21292,5312
1828,-1696,537,-2498,18768,4672
3775,-1712,2038,-2138,18424,3376
4944,-1728,2983,-1982,17024,2204
5212,-1760,3974,-1806,17124,1464
4351,-1696,1479,-2098,17752,560
3314,-1680,-4976,-1982,17712,132
2299,-1712,-8533,-1866,16664,524
1977,-1712,-6031,-1022,15220,488
2249,-1712,-508,54,16152,800
1764,-1728,1267,102,17408,1268
928,-1728,-783,138,17240,1360
102,-1696,-2969,130,16088,1620
-214,-1728,-3063,-198,14568,1892
-1024,-1712,-1998,-90,14412,2100
-1678,-1712,-1029,-70,14580,2164
0
28163,-1728,-12825,20510,3656,13416
-13768,-1696,-32599,31817,11448,15780
13549,-1680,-32599,31817,32467,-3060
-17752,-1712,443,7054,17564,4528
-21701,-1712,-26602,28314,14228,5600
-9156,-1728,-21481,20398,-4116,2600
-16979,-1728,13646,5666,-4700,10108
-29633,-1728,17202,5618,6748,7952
-27405,-1712,150,3046,8552,2880
-14804,-1712,-1727,2406,6300,-2056
-4216,-1712,12031,-406,10560,-744
-2615,-1744,19542,-1478,16152,1156
-4242,-1696,14640,-3614,22064,1568
-970,-1728,2105,-4642,24504,632
-3745,-1696,-10222,-10990,28096,10520
-6316,-1728,-18263,-11838,23644,9528
-688,-1712,-12045,-5558,20960,3524
8441,-1712,-1348,-8574,17880,3000
12713,-1712,-460,-5402,17576,2932
12112,-1680,-3056,-3482,18232,3644
8576,-1696,-6050,-506,18840,3088
5712,-1712,-7335,1250,17184,1520
4301,-1696,-4386,2414,14552,604
3663,-1728,384,2866,14176,700
2813,-1728,3716,3230,14804,776
1733,-1712,4964,2606,14376,1088
69,-1712,3580,2506,15164,1396
-517,-1712,595,2238,15408,1432
-402,-1680,-1073,1938,14800,1936
-81,-1728,-298,1586,14452,2384
-245,-1696,2975,1062,14280,2644
-1163,-1696,4390,722,15616,2516
0
-22484,-1712,-31088,-14886,28148,12644
-7777,-1712,-32598,-12982,18992,8724
-557,-1680,-10532,-24874,-6304,20360
5659,-1728,15816,31818,-4188,12252
25497,-1696,16808,-11518,4296,8312
-32559,-1696,-15736,1654,-5600,1672
-32559,-1696,-32599,31817,-17112,4448
-4267,-1712,-5580,31817,32467,-6992
-9266,-1712,-32598,7814,32467,608
10507,-1680,-11121,182,-32044,-13160
-19491,-1680,28048,14634,18736,5924
-32222,-1696,12991,24426,13340,2988
-27265,-1696,-9477,23122,8072,3020
-19399,-1712,-14216,19002,6532,6912
-9465,-1696,14309,-6274,12300,9532
-406,-1696,10829,-9114,10960,3084
15129,-1728,16434,-10570,15316,404
14455,-1696,16233,-10770,24472,7992
11567,-1712,8066,-10638,23736,4684
9699,-1712,2113,-8970,27200,3504
9933,-1680,-1393,-6886,23576,-128
13453,-1680,-61,-4750,22508,-3060
14645,-1744,2980,-4322,18488,-1980
11630,-1712,5658,-3630,16496,-940
6614,-1728,6318,-1754,16616,-848
2535,-1696,3669,522,16808,-1608
1022,-1696,-892,1926,15984,-2008
-533,-1712,-3627,1646,15440,-872
-2398,-1712,-5674,1354,15048,-508
-4352,-1680,-6643,1294,14808,416
0
18532,-1616,2434,30026,13180,2940
-7238,-1600,-32599,31817,32467,-1108
-8642,-1600,13521,11858,32467,4944
-12471,-1616,-28931,15618,10128,2072
-8524,-1584,-6300,8538,-8276,8808
-12599,-1616,2658,7426,4680,7856
-14926,-1600,365,7106,9504,7868
-15111,-1616,-1945,5334,11672,8244
-15450,-1584,2491,4950,12676,8124
-11100,-1616,821,9774,17388,4544
-8808,-1632,-6191,7778,16912,3148
-3942,-1600,-6807,9454,15376,-712
-3312,-1584,-4048,5902,15968,1768
-6460,-1616,-1396,1962,14476,3176
-9454,-1584,6295,-1926,14220,3552
-11677,-1568,11156,-4958,12664,3748
-15532,-1616,7769,-8242,16324,11836
-14466,-1616,5730,-9486,15320,13068
-5463,-1568,11305,-5042,17032,11904
5099,-1600,5203,-4486,21156,7284
12997,-1600,971,-3686,19284,3296
13456,-1616,1575,-3090,18752,2728
7037,-1616,-379,-1702,20404,3504
-434,-1616,-6490,1146,21392,2548
-3931,-1600,-9864,2902,18780,880
-3092,-1584,-6423,3574,14444,0
-1106,-1584,-1374,3802,14468,1028
-858,-1600,920,3118,14592,2556
-1419,-1600,-298,2910,15092,3064
-595,-1616,-1258,3022,14656,2488
777,-1616,-1089,2706,14756,2692
660,-1600,-1725,1794,15292,3660
0
-32559,-1600,-16787,1070,8612,3140
12205,-1600,-9498,27318,2876,13124
-3389,-1616,-32599,31817,18972,-4984
748,-1552,-32599,18942,32467,-5968
-8230,-1600,-10516,1298,16732,1088
-14078,-1600,-29494,17246,13788,1180
-12630,-1584,-21784,12666,3904,4228
-19952,-1584,85,8986,4960,8996
-23763,-1600,-226,7838,8824,6484
-18384,-1600,-6604,7294,9676,1448
-8660,-1584,-2989,7286,11780,684
-5545,-1584,5115,2118,13716,888
-1912,-1568,14521,-762,10832,1032
-2721,-1600,9543,-4206,19140,5448
-6463,-1616,-35,-11162,16732,8760
-4765,-1616,2820,-17138,12808,10840
-7026,-1568,5986,-15002,21204,16696
-3465,-1600,11059,-11146,19228,11412
5131,-1552,12403,-5278,21888,5384
9537,-1584,-3393,-378,26860,2216
7637,-1600,-18270,934,20088,1248
4771,-1600,-11739,2166,14688,1268
4249,-1616,-709,2302,13472,1380
5840,-1584,3026,862,13852,1424
6176,-1600,960,-430,14752,2492
4481,-1600,-1154,-786,16124,2940
4171,-1584,1338,-246,15568,1876
2274,-1616,3948,-502,17064,3920
625,-1584,260,318,20492,2384
1738,-1632,-3225,1026,17080,2196
2559,-1568,-3557,418,15992,3048
1145,-1584,-4543,10,15192,3892
0
-1062,-1600,-8582,31817,23528,10012
-17769,-1600,-32599,31817,15168,-6312
-14927,-1584,-32599,17734,24764,-2408
-26238,-1616,-5477,15846,15140,4012
-20026,-1600,-32598,18718,9532,56
-15146,-1600,-25401,17386,-2260,292
-13892,-1584,-15745,12646,5092,4788
-13955,-1584,-14852,6314,8400,5740
-12844,-1584,-5746,1418,9528,3808
-9571,-1600,9857,-5226,13108,4984
-11535,-1568,14389,-10306,19412,9712
-11512,-1584,10152,-8646,21768,9952
-16129,-1584,7099,-12922,27108,21704
-9048,-1600,1149,-11706,26088,21072
2541,-1584,-10099,-2746,21228,10028
13595,-1584,-5653,-2766,17448,3460
14532,-1600,1106,-1814,16884,1496
11236,-1632,2106,1350,19272,688
10299,-1584,-5761,4466,16384,-1908
9077,-1584,-2313,2526,13316,-368
6608,-1584,2923,530,14560,904
2613,-1568,4024,-386,15020,2356
-216,-1600,1495,-302,15188,2916
669,-1584,1956,718,15116,2900
1897,-1584,1477,686,16700,3848
685,-1568,-1367,382,16836,4252
-826,-1584,-1967,762,16320,3548
-1589,-1584,-2391,562,15896,3888
-1835,-1600,-2027,1570,15184,3496
-409,-1600,-436,1798,15080,3268
953,-1600,-608,1614,15596,3448
1308,-1584,-1066,1174,15768,3340
0
23926,-1568,-19780,-13454,7372,5440
8408,-1584,-18446,6318,-1504,9848
-215,-1552,8564,31817,-2148,15992
2915,-1568,-19109,31817,32467,1608
17625,-1600,-3190,5850,10016,-4752
2114,-1584,23699,-2074,6324,6832
-12815,-1552,-516,17410,15084,4812
-12598,-1584,-12625,23594,4044,3964
-10217,-1568,758,24886,-156,8112
-10999,-1584,16002,26374,9360,5656
-14813,-1552,18270,10450,7976,3884
-13501,-1568,9579,-1266,11692,320
-15508,-1568,13725,-20322,15508,4564
-15789,-1536,4891,-19482,18672,12808
-10189,-1584,2703,-19914,18296,13140
-5007,-1552,11543,-15094,22304,10504
-8850,-1584,1411,-12786,26832,12412
-3420,-1584,-8305,-2970,22572,6096
3615,-1584,-10742,-1918,19608,5068
3039,-1584,-6136,-1178,17748,4968
1115,-1568,1722,1486,16852,2656
3219,-1568,7099,3734,14472,-1528
7629,-1584,7299,3262,18048,60
4664,-1584,1052,-566,16156,2588
-852,-1536,-944,-866,14316,2864
-3951,-1568,1840,-150,14288,2684
-2144,-1568,1851,826,13880,1516
665,-1584,-2890,574,16504,2936
1382,-1584,-5802,286,15168,3584
1318,-1600,-2405,446,14432,3260
755,-1568,938,214,15716,3052
680,-1616,-1352,98,16600,2280
0
30900,-1584,20157,-2034,2812,-10000
-32559,-1584,13978,6686,13576,5996
-32559,-1584,-26106,22586,11728,5736
14443,-1568,-1472,31817,30656,7148
-572,-1552,23109,15590,12336,-936
-333,-1584,1337,7618,15252,1840
-6226,-1568,-24937,17458,17696,2660
-11853,-1536,-12354,21102,5512,1016
-8555,-1584,4039,25294,6164,876
-7154,-1552,1329,19690,10672,4144
-8045,-1568,-692,6974,8296,3772
-9461,-1568,2107,-7286,9804,7940
-15174,-1584,6840,-27714,15240,5100
-18364,-1584,14084,-17782,13828,14320
-16155,-1600,8496,-23362,22740,19304
-5083,-1568,14120,-12182,20480,14708
3282,-1584,5851,-8858,24000,8800
6246,-1600,-11589,-4286,20464,2504
5554,-1600,-18156,-962,17352,1508
3390,-1584,-11208,538,15564,1048
1836,-1584,-2697,90,14884,1048
594,-1568,-734,270,15052,584
445,-1568,642,-14,14932,492
-970,-1584,1468,42,15864,1024
-3184,-1552,2170,438,15976,1956
-2968,-1584,4118,1010,15712,3164
-2535,-1600,3636,594,16480,4516
-1662,-1552,2267,-62,15108,5064
-572,-1584,1397,-914,15184,5040
-199,-1568,-480,-1994,15624,5484
651,-1552,-2102,-1526,15660,5664
1291,-1584,-963,-602,17216,6124
0
13788,-1584,5236,31817,32467,-32768
-13233,-1584,-32598,4158,32284,-12296
-779,-1568,-32599,22478,-9336,8660
-6262,-1536,15317,7126,13004,7596
-9164,-1520,2128,15950,3132,5272
-11753,-1552,2427,19222,7232,6688
-9957,-1568,-4292,16054,6904,4236
-10272,-1568,1084,9986,6984,4428
-12004,-1552,3130,3438,9632,3428
-7926,-1552,6921,-1714,10228,2360
-8463,-1536,1434,-17018,15252,10152
-9987,-1552,-4935,-27622,13228,11552
-15411,-1552,11989,-22082,18652,17288
-10743,-1552,10784,-13066,27128,12732
2844,-1568,-10810,-8514,27596,8656
2482,-1584,-6055,-6894,21592,4560
257,-1552,5183,-3482,17968,2576
2761,-1568,1019,-642,17912,832
4938,-1568,-8389,378,15748,692
4608,-1552,-2545,678,12632,440
3260,-1584,3790,-738,14272,1576
624,-1600,4478,-590,14860,2204
-329,-1536,3884,-34,15672,2676
-385,-1552,2395,-362,15944,3768
-102,-1552,1879,-786,16284,5160
345,-1568,1644,-998,15892,5276
936,-1568,36,-1498,15660,4804
1421,-1584,-1484,-1634,15436,4088
899,-1552,-2232,-1314,16300,3568
528,-1552,-2233,-1170,15976,2964
176,-1536,-2813,-554,16684,2492
514,-1552,-2613,-238,16428,2464
0
-16388,-1552,-9027,8698,12312,3720
-14880,-1552,-10591,16526,5024,3568
-13570,-1568,9045,13182,4160,6116
-13791,-1536,2742,15926,8044,3360
-10918,-1552,-4119,14770,5780,1800
-9732,-1520,6765,9970,6484,1428
-10754,-1568,14726,5190,9280,916
-3836,-1568,17932,2222,12744,-1072
1323,-1552,8441,-5070,19848,428
-1533,-1584,-7319,-12666,23992,9488
-12781,-1504,1550,-28174,16500,17012
-7394,-1568,2845,-19954,19844,16540
-6686,-1584,7809,-19066,18476,13000
-6802,-1568,1276,-12154,24636,7116
-5212,-1536,-15899,-5378,21096,2648
754,-1584,-4170,-1234,17076,2136
5715,-1552,6839,2634,18360,-796
6754,-1568,-2313,1022,18092,-844
3467,-1568,-5801,1042,14832,380
2410,-1552,-842,1206,13044,1352
940,-1616,2162,-110,13952,3500
178,-1584,2117,858,14620,3228
224,-1536,1228,814,16724,3820
-320,-1552,-759,294,16352,3540
-192,-1536,-400,-942,15012,2824
413,-1552,-1149,-758,16436,2256
494,-1520,-1111,-798,16816,1980
646,-1504,-189,-166,17300,1592
1059,-1568,-3621,78,19320,2008
1835,-1552,-8880,-426,17912,2172
0
24780,-1504,-32598,-18842,-40,5444
29368,-1536,-30613,19050,10452,8444
16396,-1552,26699,31817,30352,10720
-170,-1552,24199,31817,32467,-632
-6869,-1568,25487,11562,27916,5104
-23061,-1536,-14045,10602,16560,3212
-21431,-1552,-24658,23086,5428,-1728
-15521,-1568,12230,23942,-5196,1768
-17879,-1568,4765,18898,10020,4708
-17005,-1552,-14415,19966,6772,1260
-16130,-1536,920,8870,8744,6044
-18929,-1568,5289,-8074,15616,8316
-10141,-1552,-18269,-15078,24916,5564
-9834,-1504,-21394,-26566,15984,16032
-18249,-1568,-4105,-31730,11556,18404
-9296,-1552,18165,-11890,12316,6660
9413,-1584,19708,-8474,21136,1604
7327,-1536,1076,-9826,20240,2832
-2283,-1552,-5924,-3222,18452,1884
-3983,-1520,1312,658,13912,580
-1476,-1568,4693,-162,14836,1980
-1888,-1536,1612,-1358,15476,2888
-2185,-1536,-4064,438,17180,3264
-943,-1552,-4232,522,16368,3896
-100,-1552,-738,194,15036,3844
714,-1504,1622,-478,14988,3480
761,-1536,812,-138,16516,3044
211,-1520,-1493,-326,17264,2772
739,-1520,-1319,18,16472,2088
1340,-1536,-1234,-622,16548,2652
0
27640,-1536,2106,11306,-3060,3788
18472,-1552,-32599,31817,18892,4904
-1053,-1520,-8370,31817,32467,9404
-10202,-1568,-32598,15722,21264,-1644
2888,-1536,7679,12470,5140,1456
1327,-1552,13187,11898,15684,7356
-1446,-1520,8528,17538,7432,3172
-4766,-1552,7074,21566,10036,2256
-7331,-1536,1058,19770,10612,-3292
-1459,-1568,-5499,17510,10404,-492
-9016,-1552,4294,2738,10504,3480
-12913,-1552,11149,-11622,16316,7416
-15092,-1536,5974,-19106,11720,12932
-10182,-1552,-4763,-24550,10888,13900
-6355,-1552,-947,-21446,11752,9584
-10297,-1520,19720,-22250,13600,10576
-15320,-1536,24621,-13386,16264,7184
-9660,-1520,9586,-4326,18232,3148
-3273,-1552,-10577,-5494,19364,1876
1786,-1536,-6094,-5346,15492,952
5026,-1536,2294,-3882,16984,88
4231,-1552,3422,-3418,18292,-1008
5405,-1520,3573,-754,18008,-4268
6581,-1504,1708,-918,17792,-1808
2525,-1520,-754,142,18216,-476
-872,-1520,-909,1170,15896,-172
-1731,-1536,-1245,902,14832,1368
-3095,-1536,-1775,230,13668,2024
-3511,-1520,-509,58,13136,2152
-3038,-1536,-556,-274,14424,2016
-1984,-1552,-1814,-398,14916,1884
28253,-1504,5465,31818,-6484,80
-32559,-1504,14016,31818,56,-3408
-32559,-1520,-21599,-17962,820,5208
30342,-1552,-11070,31817,16016,14996
14877,-1568,-32599,31817,32467,-32768
-32558,-1520,-16745,11082,32467,4800
-29271,-1552,-13106,31817,-5496,-3412
-29280,-1504,23571,10882,-8136,18276
-26255,-1504,3053,14094,-1144,5512
-14848,-1536,-19691,-182,-2456,2840
-11911,-1552,-16228,-28998,7000,7348
-10520,-1552,-5291,-18658,4768,10968
-2851,-1520,26961,-12390,12100,5160
-6357,-1536,25317,-11798,32467,13424
-5417,-1552,-3834,-4238,32467,7300
3662,-1520,-11229,-2946,24608,2896
5699,-1504,2347,-4406,22472,4024
2586,-1520,7533,-2022,19304,1236
2312,-1520,4136,1274,18960,160
4071,-1520,-3245,3142,16864,-384
4995,-1520,-5830,2866,14780,156
4033,-1552,-4924,2546,13968,464
1629,-1552,-2063,1726,13840,1300
-667,-1504,-141,1250,14448,2136
-1602,-1536,1254,1262,14684,2168
-1355,-1520,1887,994,15032,2524
-976,-1552,394,1634,15840,2140
-416,-1536,-1479,1470,15328,1580
-475,-1520,-2347,798,15124,1480
-1271,-1520,-2393,846,15520,1540
-1576,-1536,-921,582,15652,1340
-1411,-1536,525,422,16492,1364
0
-2379,-1472,5645,-11690,-16916,3480
-32559,-1488,-32598,31817,27180,32767
10814,-1488,2282,31817,32467,-3688
6259,-1472,-32599,31817,32467,-32768
-21191,-1504,-32598,-4674,29092,9080
-5620,-1488,-18665,25442,-17624,-2888
-1686,-1520,18107,7474,-1684,6760
-8789,-1504,-4555,5474,11940,5340
-3535,-1520,-14966,8562,6692,144
298,-1488,646,11730,8868,1768
-2369,-1504,11918,13854,13600,3328
-6902,-1536,6938,12482,17852,2152
-8382,-1520,-6356,7518,15352,4212
-8494,-1488,-4243,3770,11848,4004
-4100,-1536,1257,-3022,12196,6176
-768,-1488,-3631,-6354,14252,5648
3347,-1488,14,-5238,13916,6368
5361,-1472,2872,-8054,16244,5584
5849,-1504,5547,-6014,17344,4184
3192,-1520,11304,-2830,19148,2872
2277,-1536,7459,-3022,18980,-560
2497,-1504,2848,18,17912,-1832
-1596,-1520,2306,-150,16496,-160
-3584,-1504,2183,510,17296,-512
434,-1504,329,1490,19440,-2092
2604,-1520,305,-3354,17288,-356
501,-1488,2354,-5202,17084,1808
-370,-1504,1985,-4622,16428,1460
1359,-1520,-837,-5438,16628,2336
1001,-1504,-4788,-4234,15992,3092
464,-1520,-5252,-2442,15752,2800
-1050,-1456,-606,62,16836,2820
0
47,-1488,-32598,-30446,17996,17932
19503,-1488,-32598,31818,-11552,-17884
7654,-1504,-25326,31818,1936,2636
-3867,-1520,-14130,-21002,-17652,5160
13810,-1520,-32599,31817,-17372,25824
-30778,-1520,25581,31817,32467,-2652
21309,-1504,652,15686,32467,32767
-21637,-1552,-21334,-1770,-11648,5968
-5122,-1488,-2747,18874,-10196,4952
-5589,-1536,5810,8946,-80,10572
-6209,-1520,-10252,482,-928,7240
2479,-1488,3811,6014,736,60
8302,-1520,15605,8798,13784,588
3533,-1504,12063,4290,17284,3476
-2276,-1488,3596,7450,15256,2428
-4605,-1520,3901,12466,15900,3356
-3594,-1536,3779,5258,14892,3348
-896,-1488,-3292,6930,16472,3504
-1028,-1488,5699,6510,14024,2300
-255,-1520,9583,4022,16720,440
686,-1504,293,966,21016,1660
-3526,-1520,-148,-1130,20032,3540
-5049,-1504,1967,-4458,20172,4272
-5730,-1504,569,-7654,20156,5488
-6641,-1488,4625,-10106,12700,5516
-9521,-1488,6789,-11102,9492,6560
-19262,-1520,2624,-11554,12860,8400
-21545,-1536,6163,-7818,12104,4532
-3635,-1488,9649,1138,23128,-3056
14552,-1472,1670,-5822,24464,-56
14604,-1472,153,-8902,20996,984
9056,-1488,-734,-4394,19912,-148
0
7749,-1504,-20614,-28978,18204,16496
9559,-1488,-24577,-29782,-7272,13856
-1227,-1488,15937,-30650,-8412,13888
5035,-1504,12919,4638,-9444,-4008
-32559,-1472,-10305,31817,1608,2572
-1470,-1488,-3709,31817,32467,5384
-9867,-1520,20379,31817,31472,-15824
-8501,-1504,-21492,5398,22892,2848
-8334,-1488,-12877,13814,-6540,712
-7471,-1488,8598,10670,1716,3712
-7685,-1472,-2436,12610,12796,3724
-4580,-1504,-9985,6030,11232,3596
-7840,-1488,609,-1238,10952,5176
-9546,-1488,7567,5178,16804,2920
-2268,-1504,-3979,6182,22336,744
-8627,-1520,-22294,-6614,18304,7644
-9681,-1488,-4112,666,8300,2640
-3302,-1504,10844,-642,17428,4768
-5064,-1504,-2743,-5690,17724,3912
-2463,-1488,-989,-1610,17248,5028
-4820,-1520,2494,-5558,21440,9896
-3560,-1504,-398,-4378,18012,8084
2439,-1520,1608,-1846,16252,6088
4815,-1520,-1088,-3750,16460,6376
4070,-1504,-4645,-3990,13516,4580
3345,-1504,-5566,-2798,13472,2780
1937,-1488,-10576,-6338,12928,1660
-3253,-1488,-11269,-11586,9952,2140
-11800,-1472,1168,-11882,9520,4292
-9784,-1488,15414,-4878,12048,2536
-1610,-1520,9697,-2990,25352,5832
-2379,-1504,-4133,-1790,22652,8780
0
4852,-1456,17710,-13430,21076,11044
-827,-1472,9994,-28382,32460,25372
-3488,-1504,-32598,-21166,27408,22396
21198,-1488,-24118,-19950,-9340,5844
-32559,-1488,-32599,31818,-22736,3292
-32559,-1472,26538,-17798,12740,15144
7242,-1488,-16167,15850,7812,172
-1288,-1488,29882,31817,17196,-18944
5455,-1504,-32598,31817,32467,15608
-17070,-1472,-18732,8122,-2300,-1364
-11030,-1520,11934,14538,4556,1672
-10564,-1488,-1862,14218,11736,1460
-9093,-1504,-17851,11210,1612,4012
-3455,-1488,-15456,13310,4600,3464
-4192,-1520,-4560,11990,9276,8716
-10543,-1536,-810,2450,15740,10344
-8542,-1504,-4801,5222,11660,5784
-4449,-1488,7873,-3942,14104,10924
-1532,-1520,-1333,-3966,17756,8684
4805,-1472,6840,626,12892,1756
4334,-1520,8226,-5570,20208,4188
-1703,-1488,-3805,-2218,20928,1656
-1620,-1536,-261,1302,16484,-320
-1800,-1472,3632,-146,20184,3396
-4213,-1520,-3091,-94,19272,3228
-1960,-1488,-3099,1502,16612,2944
885,-1504,4062,162,16492,2592
1175,-1488,1222,-2882,18104,2972
823,-1520,-1798,-2802,14180,1224
2575,-1504,7112,-4190,10356,1168
2514,-1520,21177,-5906,8500,1800
2596,-1488,23872,-5170,10900,836
0
-17238,-1504,-32599,-2366,-21892,-17892
-32559,-1488,16831,31817,20340,-14036
-32559,-1488,-32598,31817,32467,28648
-4079,-1504,17259,12354,-21332,-22572
-19025,-1472,12995,15078,26300,7044
-11585,-1488,-32254,12582,-3536,4936
-925,-1504,11946,11286,-7492,10472
-1506,-1504,14547,8430,7404,7944
1272,-1520,-15076,1450,11220,7904
2342,-1520,-5971,6562,6300,4672
1760,-1504,10293,5110,13240,4832
-1693,-1488,9500,4346,18124,5796
-1717,-1488,9957,3594,14568,3876
-1069,-1504,13178,2702,15864,4304
541,-1504,15202,3030,17216,1668
2069,-1520,6410,-114,19480,-300
28,-1488,-789,-290,17440,-936
-3275,-1504,2013,-238,14776,-1520
-3442,-1520,2180,-2194,17284,-248
-4191,-1488,-9592,-3078,20052,1944
-5894,-1488,-10268,-1962,14984,544
-3702,-1520,-353,-4714,14580,1812
-2109,-1520,260,-5742,18984,4512
-9215,-1488,-496,-5718,20968,7208
-14044,-1504,-2536,-1458,20212,4404
-3985,-1472,-1972,6134,15184,-6252
8501,-1488,-646,2918,19424,-2464
5613,-1488,-4884,190,16692,144
1928,-1536,-6128,-722,17112,-32
371,-1504,-6198,-1622,15736,920
0
-32559,-1504,27209,-28878,-11540,2788
-32559,-1456,-32599,-1578,4516,48
-32559,-1488,-32599,31817,13476,9660
23365,-1504,-4760,31817,32467,-8664
-2959,-1504,-32598,27566,32467,8820
2357,-1488,8573,24582,8024,3292
-4757,-1520,-6233,6274,8200,6572
-10789,-1504,-6583,9962,2176,7672
-13513,-1504,3996,9482,5144,9300
-11145,-1488,-4558,4182,7280,6924
-8752,-1472,2233,-1050,12072,6788
-5381,-1472,-947,678,12960,5796
-3549,-1488,-856,2346,14892,3472
-2892,-1488,-848,2962,18612,3776
-3236,-1504,1941,-870,14392,3124
712,-1472,3846,794,17492,2548
2290,-1488,8172,-3022,17116,3496
4498,-1504,4784,-2734,20220,2056
623,-1504,4233,-5210,18256,2172
-3969,-1488,4353,-4098,17372,580
-5999,-1488,3148,-3530,17236,2452
-9435,-1536,-894,-6806,18560,4736
-6661,-1472,-3073,-5970,15596,4232
-1921,-1456,-938,-4778,15336,4296
-1945,-1520,-3377,-6130,17548,4748
843,-1456,-6747,-2286,16232,2212
2951,-1504,-6019,-738,16296,972
-357,-1456,1705,-1486,16852,300
-3448,-1488,5008,-738,16552,-276
-3179,-1504,10201,-102,14836,-232
-3930,-1472,8073,-3154,15808,2184
-2120,-1520,5167,-3306,9944,3268
0
20036,-1504,19125,-1170,-11212,2620
-32559,-1488,24681,31817,23752,13308
12085,-1520,-32598,31817,32467,-656
1877,-1504,-13219,31817,13888,-9836
-15029,-1488,19079,9798,12348,2396
-15702,-1488,-10828,9530,16144,4168
-11577,-1504,-11733,13022,7228,3268
-8408,-1472,2949,8282,7604,5696
-6893,-1488,-4761,6858,14392,5660
-8393,-1504,-11781,6070,14744,4876
-8204,-1504,-1022,4830,11124,4768
-4354,-1520,3439,4850,16636,4796
-5017,-1488,-7784,1082,17448,5124
-6395,-1504,-153,-1914,11944,4740
-2248,-1504,4443,374,15088,3972
774,-1520,5456,630,14392,868
-2837,-1488,-25,-6266,16040,2804
-5478,-1504,-627,-4814,12744,472
-5013,-1488,4835,-7486,16608,5280
-4898,-1488,-1184,-8270,17464,6232
102,-1504,-4171,-5418,19048,5448
2991,-1504,-1528,-5366,19240,3416
2731,-1488,6748,-5390,16492,1324
2128,-1488,8160,-4482,19004,4
-405,-1552,-2348,-3898,20388,224
-3380,-1504,-1851,-4206,15676,-120
-4050,-1488,2525,-4578,17200,1260
-2627,-1504,-2508,-4634,16644,4060
-753,-1504,-1022,-4286,10392,3724
7064,-1488,-592,-2150,8640,5612
10775,-1488,-2721,-742,10940,5112
9535,-1440,-1931,66,17436,2500
0
7005,-1488,372,-24198,-7980,2224
11553,-1520,-724,6994,-4940,-4876
-111,-1504,-32599,31817,20652,10396
-6928,-1504,-32599,31817,32467,-32768
-8932,-1520,-32598,-8706,32467,23888
-13941,-1488,-8033,11642,-23816,-7784
-9359,-1504,-6003,10954,4048,1428
-10152,-1472,-858,10954,5896,7864
-8019,-1488,-13484,8938,12128,6340
-5541,-1472,-13079,6702,7776,5900
-4728,-1504,-4125,3754,9932,7896
-2882,-1488,5640,4526,13776,5864
-2381,-1488,1734,-966,17928,6748
-2284,-1472,-5905,1226,16292,4576
-516,-1488,3876,410,13380,2448
-1403,-1504,3752,-7166,15892,5420
-2695,-1504,-9408,-6830,16144,4612
-437,-1488,-686,-3822,14948,3004
651,-1488,12316,-6942,15944,3604
-430,-1504,8612,-6794,19696,3972
-1099,-1520,-298,-4658,21416,4132
1064,-1456,2761,-5322,18124,2716
1799,-1472,11381,-6062,16740,2228
-1625,-1488,10408,-5254,19472,3748
-1005,-1488,1418,-1874,16316,268
5279,-1472,-2843,-2286,16872,1380
4753,-1520,-3938,-5434,15748,3912
3577,-1488,752,-4794,12612,2664
5032,-1504,4079,-5950,17668,2696
4825,-1456,784,-7934,15364,2688
1975,-1488,-2157,-7222,15264,2652
-916,-1504,-4551,-4622,15724,1760
0
-3800,-1456,369,-21914,17060,10548
-6141,-1488,-1786,-23566,24212,13800
-6397,-1488,-19973,-19614,13164,11816
1271,-1488,-23200,-20850,-4476,11452
11732,-1440,-11117,-20486,-9792,7556
16354,-1488,-9245,-7010,-6392,7440
17213,-1488,-3351,22534,-4252,4284
9563,-1472,-32599,31817,31248,-4828
2494,-1488,23923,23834,32467,7188
-13379,-1488,-15831,8202,15984,3348
-17830,-1472,3971,11458,7008,2792
-14960,-1488,1593,8162,11244,3584
-8674,-1488,-5984,11670,9784,1952
-5718,-1488,-10063,8262,10212,2260
-6475,-1504,-5717,2510,9236,5440
-7207,-1488,-2240,5934,13640,4528
-3193,-1504,1775,5058,15648,2492
-2468,-1504,5285,-574,15216,3684
-1519,-1456,-1481,3738,16940,1584
-30,-1472,944,2298,13540,2192
334,-1504,5479,-1442,15660,3348
539,-1456,4146,-418,16984,1700
-680,-1472,7676,-4434,16040,3552
1668,-1504,6311,-3670,19748,2516
1784,-1488,531,-5538,19180,3716
-2325,-1456,1824,-4526,19616,5272
-2700,-1504,2128,-3374,19260,4012
423,-1520,-2951,-3202,20328,4136
235,-1504,-3622,-3282,17836,3492
-963,-1504,-3224,-3038,17296,2356
-1642,-1488,-5195,-2774,16524,1520
-707,-1472,-3022,-1694,15512,652
0
12142,-1504,15920,31166,4140,10528
6609,-1504,-32599,31817,32467,792
4212,-1456,27552,29138,32467,3508
-6578,-1472,8166,6738,13768,148
-13768,-1504,-9200,12082,6140,988
-14009,-1488,-8386,10314,1532,2080
-14647,-1456,-1084,13194,3024,1756
-10154,-1504,-6986,9178,9504,2796
-6460,-1520,-12027,4262,9800,4176
-5419,-1504,-8318,1810,12020,4604
-6538,-1504,-5749,-602,15436,5136
-5527,-1504,-2624,-922,15992,3320
-2328,-1488,-2780,-1878,16288,3200
-2296,-1520,-1840,-962,15932,4080
-1313,-1504,4626,-2690,16208,2584
1866,-1520,-1500,-3266,18316,1404
1781,-1488,-5823,-3258,16392,2084
-2795,-1472,4478,-5202,14448,3380
-77,-1472,7544,-2086,18852,1368
3950,-1456,-1944,-2446,19352,1504
2539,-1488,-5217,-3906,17316,1884
1012,-1472,3055,-3014,15312,1412
424,-1504,7371,-1786,17844,1148
285,-1488,5449,-1690,19400,1620
-1587,-1488,594,-2394,19056,1316
-4799,-1488,3513,-4010,12176,2340
-3803,-1504,91,-5194,8340,2764
-1140,-1488,-7718,-1474,16864,2988
3901,-1520,-7549,1678,22644,808
7615,-1504,1472,-822,19712,1984
0
17015,-1456,4787,-23966,244,7548
-32559,-1488,17391,-18658,4528,6640
-32559,-1472,-11422,-3734,9188,7508
16897,-1472,446,31782,-660,15032
-6260,-1456,-32599,31817,8144,-17484
-32559,-1472,17628,15162,32467,1352
-9581,-1472,-32598,-9430,-2928,-16772
-25078,-1456,-17720,26794,-3328,7724
-19723,-1504,11364,13930,-4400,10560
-19291,-1472,7585,15878,7548,10332
-20099,-1488,-2970,9486,7428,8260
-17841,-1472,1758,3746,6248,6264
-9013,-1440,4869,4734,11660,5548
-5654,-1520,1749,1790,14284,8424
-4072,-1520,4520,98,13156,5596
866,-1472,2129,678,14580,3056
113,-1456,1188,-4518,17380,6692
295,-1504,3954,-2414,16608,3028
5350,-1440,5364,-3058,18904,2424
845,-1488,2165,-7610,19544,5724
-2322,-1456,-800,-3506,20772,2640
-289,-1472,-1641,-2682,20436,1364
1107,-1456,-2546,-4118,20184,2612
-357,-1488,-3912,-2022,21832,3828
-268,-1536,-118,-226,20324,2040
2868,-1472,2750,-1658,16568,2020
2639,-1488,-160,-1746,16532,3208
1466,-1472,-3812,-2050,14244,2800
2401,-1472,-2562,-1706,13688,2328
3324,-1520,1177,-2678,15004,3256
1633,-1472,1411,-4214,15408,3812
560,-1472,-1484,-4002,15036,3484
0
17727,-1472,29326,27182,-1908,2256
16406,-1488,23645,31817,32467,4604
8842,-1488,22249,31817,26072,-10600
-6441,-1472,17479,9614,22796,540
-16614,-1456,-2996,12726,8084,3548
-15141,-1488,-9379,12754,6152,5644
-14281,-1504,-4085,10166,6676,9420
-12747,-1488,-4663,6378,10196,9548
-8539,-1488,-9443,2026,10680,6668
-5089,-1504,-11714,-26,14284,6512
-3726,-1440,-5977,-1742,13252,4228
-2557,-1456,1079,-1438,14864,4332
-213,-1472,1367,-446,17492,2860
411,-1472,9429,830,17120,2248
-966,-1456,9559,-2262,19792,3212
4260,-1488,477,-1522,19012,820
9370,-1472,-3041,-3546,16412,-900
6436,-1488,-337,-6258,16256,-208
238,-1488,1109,-7178,15712,8
-1411,-1472,-753,-7014,15824,-168
-1394,-1504,-2290,-7142,15220,1356
772,-1520,-731,-3010,15040,-196
5628,-1488,5913,-1250,13692,-2748
6877,-1472,4934,-2074,16340,-2140
5077,-1488,-2786,-674,15892,-2260
1611,-1488,-4076,-1638,14564,756
-1070,-1472,626,-3186,15184,-576
433,-1488,2837,-1942,16912,-428
421,-1488,1770,-3530,17404,756
-3513,-1504,2126,-3418,16492,2292
-4638,-1520,1403,-1210,17752,2160
-2813,-1488,-3201,86,18420,2928
0
504,-1472,-32599,26550,-3120,-620
1769,-1472,-32599,31817,32467,-24616
-15347,-1488,-17855,5686,32467,14972
-18736,-1472,-16811,11802,8128,3620
-12705,-1472,-13635,13490,7116,4724
-4691,-1488,-2399,7690,-868,6116
-6021,-1488,1856,7494,7640,6320
-7166,-1472,-3152,3582,8300,5976
-5338,-1472,-1179,3718,9720,5508
-5076,-1456,1805,82,13216,6760
-5551,-1472,960,2218,15564,6352
-3673,-1472,868,510,16092,6048
885,-1456,-4407,2034,16412,4100
662,-1488,-1114,-850,13704,5584
2059,-1472,6426,-1090,14360,1064
1653,-1456,1420,-2298,16868,740
-3357,-1456,2312,-4470,15832,1980
-4367,-1440,4203,-2842,18700,2000
-3682,-1472,526,-2486,18568,3260
-2622,-1456,-3415,-1646,17680,2632
-1720,-1488,-671,-2218,16252,2436
-1724,-1472,6034,-1638,17640,1912
-853,-1472,6479,-1334,20288,1172
-77,-1456,1593,-1334,19608,636
101,-1504,-2259,-950,20112,704
2552,-1472,-954,522,16220,-1404
5470,-1488,-2633,-1370,21420,1456
2829,-1456,-10320,-4014,17196,2244
311,-1472,-10144,-5058,14144,3548
1741,-1472,-3401,-4410,13716,3156
2246,-1456,1807,-5766,14636,4452
1134,-1488,1489,-3430,14892,4248
0
16483,-1456,21650,10870,7340,9928
20460,-1488,-32599,31817,32467,3896
401,-1440,-3738,14862,32467,4836
-6309,-1472,-5515,11714,17248,-6304
-13933,-1488,-13128,13858,5984,4036
-9102,-1456,-11280,4410,-20,6392
-5320,-1472,-1484,9186,1960,7564
-2815,-1456,6354,5054,7140,9476
2141,-1456,7690,5642,9928,6416
6087,-1472,7812,6322,13840,4544
4742,-1456,13202,6654,14508,5612
-855,-1456,11702,7474,16236,5048
-3130,-1456,-776,8958,18580,2196
-4199,-1472,-8436,8286,16260,3060
-4415,-1456,138,6802,13488,2176
-3590,-1472,7517,4258,15616,1704
-4914,-1472,9887,-810,16096,5576
-5896,-1488,5747,-4614,16796,5252
-340,-1440,-1961,-2066,19464,3288
3218,-1504,4955,-4750,16320,2208
3932,-1456,11946,-7774,16940,1500
1457,-1440,6919,-7426,23144,1688
-3182,-1472,6215,-9866,18328,3132
-2504,-1456,-1630,-9226,17700,3356
1622,-1488,-5487,-8186,15092,2844
3004,-1472,-2220,-10850,13216,3364
3009,-1456,1850,-9434,12692,2148
4186,-1488,1920,-6874,15356,1936
5824,-1472,-18,-3994,19048,1036
5008,-1456,-3562,-3206,19732,1364
2972,-1488,-7129,-618,18844,664
1493,-1472,-6701,594,17380,912
0
-32676,-1472,-11299,19874,10728,-13764
-32559,-1456,-24870,31817,25228,-5424
-13431,-1456,21271,29074,29280,11788
-24817,-1472,8465,11690,25200,5952
-13783,-1440,-16200,22462,13020,2788
-1047,-1456,-11466,13714,5396,6212
-447,-1440,2728,13250,1752,6096
-7520,-1440,7013,9654,7508,6724
-11992,-1456,-3862,8862,9896,3688
-11531,-1456,-11489,8470,9364,2480
-12489,-1440,-468,3406,8008,3448
-11728,-1456,5131,3482,14596,3568
-8727,-1456,5973,2030,13368,2496
-6441,-1472,2135,-1614,16064,4412
2228,-1456,10430,-5242,18740,4400
2515,-1440,10989,-8302,21236,4956
6110,-1456,7731,-6354,24024,3192
8708,-1440,4312,-7510,23624,2980
7284,-1440,-1322,-8786,19920,3408
3652,-1424,-4686,-7666,18616,3116
1227,-1488,-6682,-6370,16704,2404
-132,-1440,-3713,-4950,15836,2380
634,-1456,-873,-2910,16948,2012
2342,-1488,-5090,-422,19248,1420
2859,-1472,-6066,290,18332,1496
1305,-1456,-5077,946,17592,2140
261,-1488,-4546,2522,16664,2520
287,-1440,-4316,2814,15344,3084
22,-1488,-3605,2650,14188,3752
-563,-1488,-2289,2122,13600,3832
0
24224,-1456,-8664,31817,9224,3032
859,-1472,-19430,31817,30328,4712
-10486,-1440,18744,20206,23072,3116
-10802,-1456,15865,12406,15268,5240
-16791,-1504,-11193,11922,9592,5200
-15756,-1504,7347,16894,-1672,4540
-20965,-1456,13002,12646,7452,5720
-19941,-1472,-8819,11466,13144,3576
-13827,-1440,-18710,7942,7348,3080
-13816,-1456,-2882,-2790,9904,6264
-7850,-1456,4756,-3362,14296,4584
-824,-1504,-1797,-5006,19076,5828
2365,-1456,-8634,-3770,19396,3636
3811,-1440,-3254,-2062,19260,3196
3616,-1424,3086,-1810,20900,2232
3060,-1424,-5728,-3022,21488,2736
964,-1440,-10718,-730,19932,3468
1020,-1424,1362,-954,15372,3056
2052,-1488,8542,-1846,16740,3136
2858,-1472,2937,-858,18584,2064
3310,-1456,-5190,-3586,15196,1736
2038,-1456,-8319,-3662,14084,2428
813,-1440,-4834,-3334,12904,2516
909,-1456,-928,-2914,14244,3620
-333,-1472,-602,-2770,17160,5616
1742,-1472,2986,-1242,18244,4468
3203,-1488,2514,-1882,19980,4520
1837,-1424,-425,-726,18580,4224
84,-1472,-2194,618,17044,3760
-1400,-1456,-657,1366,16164,4208
-2046,-1472,-137,2230,15784,4088
-1418,-1472,-997,2418,15416,3792
0
-32559,-1456,23880,-23342,-2164,5420
19952,-1472,-24361,-19162,9872,7740
-6608,-1456,-32598,11070,-6392,-8808
-21792,-1456,-32599,31817,-444,11912
1577,-1472,-32598,31817,32467,-32768
1734,-1440,-24727,12790,-3296,7748
2092,-1456,26435,-598,-12468,7812
-1349,-1456,4160,12802,9856,5968
-305,-1440,-5200,8406,4468,9424
-1556,-1456,-4387,2098,5448,8020
-1376,-1456,6336,2178,8356,6044
-4129,-1440,4214,3446,19384,7384
-3689,-1440,-3898,878,16548,3844
-4445,-1456,-1863,862,14996,3688
-5117,-1456,6365,2650,15596,4624
-5709,-1472,1535,-1122,19276,5680
-3875,-1424,-8604,-222,16708,5124
-4445,-1456,6176,718,15032,7628
-1552,-1440,8794,1022,21004,5556
922,-1424,5399,-1922,19992,4152
1347,-1472,8300,-4762,17748,3636
-1136,-1472,6270,-5878,18040,3832
-960,-1488,2851,-5090,17344,2544
-1447,-1456,777,-5130,17672,2776
-7402,-1472,3112,-4770,16596,1980
-13835,-1456,9186,-5078,15364,-732
-16862,-1456,11582,-4922,12944,308
-10754,-1440,4732,-3022,14268,1768
-2454,-1440,-3070,-2694,15808,2824
4346,-1456,-1930,-2726,14984,2336
4628,-1472,1786,-2890,16932,3620
1112,-1472,-1704,-998,19004,1900
0
15731,-1456,-19876,31817,32467,32767
-2402,-1456,65,13090,10156,4528
-8102,-1440,5299,13978,7584,10456
-4809,-1456,-7572,9634,3812,7020
-3202,-1440,13663,11246,24,8652
-6956,-1440,1239,8602,12416,7392
-8514,-1456,-8175,8038,11464,3212
-8178,-1440,-3953,3158,13112,6556
-5778,-1456,-375,3958,16592,4884
-3641,-1424,-1367,1822,16480,3724
-3751,-1440,2248,1610,16464,3052
-644,-1472,1900,2626,19936,2164
399,-1424,-1535,-1598,20100,3944
-3493,-1456,4385,-5370,19632,4168
-1841,-1456,10486,-2850,20364,2296
-2172,-1456,5998,-7486,21472,2756
-5232,-1472,2792,-9118,16436,1340
-8085,-1456,-73,-8226,13668,2212
-8161,-1456,-1754,-6246,7900,1720
-307,-1504,-2439,-5314,13776,4584
4214,-1424,3241,-6830,12048,5864
6195,-1456,9231,-5474,16908,3364
6452,-1440,8280,-3318,22644,1920
2906,-1440,-2078,-1690,23300,1188
-850,-1456,-6003,1114,20768,664
-2234,-1424,-3079,2998,17112,780
-3123,-1408,-2769,3614,15956,1816
-4093,-1424,-2991,3186,13604,1856
-6044,-1440,-2706,3642,14024,2752
-11017,-1472,-3593,3522,14780,3064
-11595,-1488,-2705,5998,12152,212
0
-25309,-1472,-32599,31817,6188,-28292
-23556,-1424,25065,10674,32467,19152
-6688,-1472,-32598,31817,10852,596
12543,-1440,-5398,5178,-10940,10956
6512,-1424,21541,7386,-560,4692
-7920,-1424,258,186,11128,6992
-16013,-1440,-7597,2470,4632,2096
-16779,-1424,6058,4834,8116,2872
-14474,-1424,4076,7650,16772,1932
-7726,-1440,-17042,8102,18004,972
-6410,-1440,-15141,4410,14400,2904
-9513,-1456,2227,2334,14728,1860
-9955,-1472,8907,-1822,15632,-2076
-3884,-1472,3726,-3694,18472,-1500
-2759,-1456,10042,-8114,18264,3748
831,-1440,9070,-7886,18764,6564
5430,-1472,23,-8850,22116,10896
13313,-1456,71,-8562,20928,8876
15779,-1456,321,-6214,22024,8176
9054,-1440,1629,-4322,24388,5260
3896,-1456,55,-2722,22124,2416
528,-1456,-5275,-1602,19876,1220
-797,-1440,-9234,630,17412,744
-350,-1456,-6299,3106,14076,-556
-1802,-1456,-2144,3930,16352,1160
-1793,-1456,-3028,3566,15516,2196
-1562,-1440,-7865,3146,16688,3288
-1783,-1456,-10329,3126,14772,4120
-1605,-1456,-3585,2674,12816,4864
-2463,-1440,3760,2186,13936,5572
0
-32559,-1456,-4808,-11050,-14956,-2536
-32559,-1408,7845,-21346,-5008,6920
-13520,-1440,4092,3710,6600,15544
-32558,-1424,-32599,31817,7320,-6672
8285,-1456,-32599,31817,32467,-22444
-21358,-1456,-24162,7154,28696,7492
-1369,-1456,-6135,23270,-10940,4340
1665,-1456,12916,4146,1532,3796
-9097,-1408,5155,12026,5944,3940
-13019,-1472,-4942,8690,5864,3340
-8382,-1456,-2399,10726,7512,880
-6433,-1440,-1489,9262,12696,2000
-7010,-1440,621,7058,13612,-308
-3067,-1456,-1904,3738,18644,692
-4453,-1424,-11563,-3426,16500,4220
-9801,-1440,-15595,-10902,11008,6716
-11372,-1488,-20318,-14714,7632,12208
-9489,-1456,-27853,-16310,-936,17340
-11071,-1440,-27106,-13242,10896,19708
-5062,-1424,18140,-6710,17404,13412
12668,-1424,-32599,-6098,32467,8940
9798,-1440,-6146,-12202,30124,8408
870,-1424,-10020,-4962,17772,4220
1181,-1456,736,-2102,13672,2648
3044,-1440,8439,-2290,12572,4032
1421,-1456,7432,-1218,13912,5004
366,-1424,2295,-194,14924,5432
307,-1408,-1806,386,16452,5620
70,-1424,-1878,526,16784,6412
-1373,-1456,-753,22,15432,6864
11845,-1440,-2596,-15106,-12272,5808
5677,-1424,-4406,-9510,-3688,12464
-8752,-1424,7242,14254,-9756,6976
4473,-1440,25946,31817,-400,-5696
13958,-1424,-32599,31817,32467,-4224
-1301,-1456,14627,-6818,32467,72
-13746,-1440,-25177,12346,21168,2320
-2130,-1456,-12197,14266,1392,2712
2221,-1424,9038,10922,5532,6380
-3935,-1440,5141,3178,5844,6436
-4101,-1440,10291,922,21248,7760
-3081,-1456,-3993,5018,16488,4380
-1721,-1440,5463,4410,14260,3728
-2570,-1472,3834,4478,18392,3984
-1386,-1456,-3493,4710,13128,2088
-1897,-1440,3278,-3490,12220,5024
-2291,-1440,419,-2422,14668,4832
-509,-1456,4214,-4054,13284,4604
-740,-1456,2102,-6510,17200,5604
-534,-1440,-2296,-3826,17828,4260
1938,-1456,2146,-1550,16964,2720
2608,-1440,1830,-4042,15604,424
-4081,-1424,-4041,-1122,19092,3600
-7039,-1456,-2631,234,17612,4008
-3184,-1440,-502,-1138,17108,4824
-1377,-1440,342,-1762,18448,5660
1011,-1424,497,-1878,17836,5308
3805,-1472,1159,-2578,17560,4936
4351,-1408,2526,-2390,17628,4968
3920,-1456,6230,-1802,14956,3664
0
-6416,-1392,-32599,31817,-2784,1792
-32559,-1440,-4262,31817,32467,-32768
-6956,-1408,-32598,6434,32467,-6180
835,-1456,20985,10114,156,7888
-4128,-1408,7727,2798,14796,6400
-5907,-1440,1048,7598,7504,7548
-5954,-1456,2865,7390,10008,7116
-3997,-1440,-1603,7362,11948,5540
-1810,-1440,-5882,8518,13140,4632
-1483,-1424,-419,6502,11824,3820
-1862,-1456,941,6446,14296,4072
-702,-1408,-843,9414,15464,3956
426,-1424,-6465,6950,14396,3360
-373,-1456,-1588,5602,12676,3768
1107,-1440,4589,4862,14552,3660
34,-1456,492,-934,15792,5996
-1155,-1424,-2522,-4150,15596,6604
2279,-1424,-2001,-3182,16016,6532
3742,-1408,2202,-3910,17040,6960
4746,-1424,5395,-4774,17204,5600
6758,-1408,-198,-3854,19268,4636
5530,-1456,-4029,-5174,18164,4152
3811,-1424,2462,-5158,15096,2416
2417,-1440,3222,-6542,16312,1880
-521,-1424,-1909,-6782,15652,2628
-2965,-1456,-6472,-6162,15756,3304
-2358,-1440,-3743,-5590,16360,3324
-1170,-1424,2842,-5698,17660,3864
254,-1424,6996,-2962,15880,3128
1455,-1408,3488,-2498,19268,3848
-779,-1456,-450,-1262,17428,4076
-2356,-1456,-1,850,16608,4088
0
-1395,-1440,-12971,27170,5376,3796
-5684,-1424,16143,31817,11708,-13556
7518,-1424,-12615,19074,32467,29108
8969,-1408,-1457,12054,1416,2584
-868,-1424,-8681,3522,7024,5996
-5505,-1424,-3388,8726,-212,7052
-5965,-1440,1609,10742,5492,5244
-1119,-1424,-14092,9218,9920,5144
-1738,-1424,-10766,8186,6052,6696
-3576,-1408,7598,8566,9268,4216
-1256,-1424,8923,4690,16316,3980
-4044,-1424,-10283,2390,17364,6436
-6595,-1440,-2520,3150,10984,4788
-2914,-1424,1301,-1090,16220,7108
-5905,-1424,-8072,-6282,13364,7744
-5166,-1440,4767,-2842,11492,6208
-738,-1424,6351,-5346,17948,7724
712,-1440,3953,-2990,16900,5080
142,-1440,8719,-2674,19924,5040
919,-1424,2853,-1858,20588,4504
2927,-1440,-997,-1010,19156,4248
1454,-1408,4113,-1778,18064,4624
825,-1456,5068,-1322,18924,3652
1589,-1408,-1136,230,18668,3380
1718,-1440,-2317,26,17008,3688
226,-1456,2060,-1014,15964,3520
-451,-1440,3705,-294,15324,2972
-1191,-1424,3239,-1290,15320,2952
-3467,-1424,2846,-3062,14448,2864
-7574,-1440,4539,-5518,14436,4456
-11562,-1408,4887,-4138,14484,4708
-7468,-1424,6949,782,16812,1928
0
