-14021,-2832,-32598,31817,32467,-27464
-3939,-2832,-32598,31817,32467,-23276
-29155,-2880,-32598,31817,32467,-27380
-13912,-2848,-32598,31817,17016,-32768
8374,-2864,-32598,31817,-16416,-32768
8396,-2864,-27452,31817,-22256,-25696
-821,-2848,-32598,24694,-21204,-22756
-399,-2848,-32598,10882,-28052,-8960
-933,-2864,-2407,4974,-23768,2320
-513,-2880,7293,7474,-22172,-476
4149,-2880,15039,5002,-16552,952
10053,-2864,22287,5962,-10464,-744
13596,-2832,28606,7462,-2324,-484
10466,-2848,26515,8098,10344,1236
-4077,-2848,24936,9550,18096,4436
4759,-2864,-32599,22786,27688,-4072
9448,-2848,-32599,15502,29116,4124
8386,-2848,18202,18434,31260,1804
3777,-2896,5073,14894,20868,3924
6633,-2864,15664,18190,14696,-1252
9244,-2848,27583,19738,18792,-564
3056,-2896,8511,19066,25000,2536
-5335,-2832,-6154,18178,17008,1016
-9539,-2880,3037,18718,11688,1220
-10766,-2832,13350,18866,10596,-384
-5894,-2832,13238,17346,13200,-2756
263,-2848,2887,15290,11992,-2264
3147,-2864,-3615,14946,8984,-900
2430,-2848,-2554,14326,5720,1308
517,-2848,3991,13518,4604,1040
257,-2848,10623,14054,7988,648
900,-2832,4638,14430,7932,-388
1
-11798,-2864,-32598,31817,32467,-15980
-32558,-2848,-32598,31817,32467,-32768
-26771,-2832,-32598,31817,32467,-32768
-5023,-2832,-32598,31817,-20232,-32768
4584,-2880,-32598,31817,-28904,-32768
5844,-2864,-29861,22842,32468,-17036
-6447,-2816,-32598,2030,-29016,-1840
-13156,-2848,3052,-6386,-17012,4144
-6307,-2832,-2667,978,-2872,4672
486,-2864,9470,-2122,3340,11148
7225,-2880,18916,-2778,5552,10188
6698,-2864,4462,-3362,3276,9084
6763,-2864,12320,-2830,-1848,6972
6511,-2848,16751,-1350,-1616,4708
5423,-2864,16199,1402,-20,3248
-1254,-2864,18897,3930,7328,6352
-10805,-2848,21461,7014,15792,6944
-6708,-2864,13349,10826,20468,3556
-4743,-2880,10489,10726,12644,9204
-1585,-2880,-32599,14982,23348,7436
-5673,-2880,14604,14282,29460,5688
-3139,-2864,-5245,16102,17576,664
1598,-2848,12610,16602,10824,2872
1018,-2880,29040,17942,19736,4780
-1371,-2864,16224,18602,20100,1544
175,-2880,12424,17726,16820,-252
1624,-2848,13508,16550,14164,732
-71,-2864,11777,15990,13312,1112
-1511,-2848,9564,15258,12840,480
-923,-2848,8379,15170,11476,-540
220,-2896,7490,15022,10180,-472
599,-2864,6409,14870,9940,28
1
-29214,-2848,-32598,31817,32467,-32768
-32558,-2864,-32598,31817,32467,-32768
-26806,-2864,-32598,31817,21484,-32768
4847,-2880,-32598,31817,-5712,-32768
909,-2880,-32598,31817,32468,-28348
-3943,-2864,-32598,24894,-24392,-25648
1571,-2880,-32598,15318,32468,-8344
-2009,-2880,-9644,5442,-28004,4712
2679,-2864,9932,1126,-14032,4164
7968,-2896,10722,2,-1464,7452
7352,-2880,5075,-3286,428,13864
6409,-2864,14491,30,688,8012
7055,-2864,21489,430,-1476,4252
9262,-2880,19201,2658,2680,796
3484,-2928,10740,4898,-696,2368
-5537,-2848,16538,9734,324,756
-14366,-2912,31552,15222,11532,5132
-19451,-2864,-32599,21562,14908,-2164
-5230,-2896,-32599,29370,26032,-11420
-3721,-2880,18830,29878,27284,-1532
-5815,-2896,-32599,31817,18520,-4160
217,-2880,-32599,29186,32467,-8480
3322,-2880,15336,21834,31976,-7828
3081,-2896,-7042,17246,19744,-4992
2343,-2896,195,15750,10712,-1728
1721,-2880,11412,14914,9944,-964
2748,-2896,12652,14098,11320,-1752
4735,-2880,7861,13206,9040,-2180
5967,-2880,4881,12894,8688,-1516
6094,-2864,5542,12538,6836,-1032
4715,-2864,7859,12902,8272,48
2252,-2880,5371,12978,8856,-116
1
-5262,-2864,3337,394,-23328,7108
-565,-2912,5387,2822,-14912,3588
6214,-2896,11901,2958,-5972,6444
10982,-2880,16571,3186,-688,5376
12773,-2880,20593,562,2156,4632
12443,-2864,21256,1106,1576,3800
9314,-2880,21175,3834,2688,1564
4204,-2880,19215,5834,3876,1168
-4940,-2896,24633,10090,12416,5244
-11473,-2880,-32599,14466,18880,-1452
-9490,-2912,-1507,17094,24860,-344
-25250,-2896,13828,24614,9240,6424
-14010,-2880,-32599,31817,23104,-8800
-4610,-2912,-32599,29718,29996,-6752
2073,-2880,13948,26822,24940,-7316
3198,-2896,10786,22482,17876,-4640
2697,-2912,18605,19202,14264,-3680
2095,-2896,21621,17278,11868,-2684
3552,-2864,17203,15558,11896,-3900
5824,-2880,10534,14466,11712,-3088
7332,-2944,4884,13662,8972,-2728
6494,-2896,5194,13006,8024,-868
3675,-2944,5785,12494,8072,-276
1226,-2880,5300,12846,7792,-656
457,-2896,4955,13662,7932,-900
-399,-2912,1497,13990,9132,-776
-468,-2880,-790,14186,7056,-1040
-1065,-2896,-112,14366,7612,-352
-1607,-2880,-1896,15022,7372,-656
-1056,-2880,-2115,15074,6028,-604
-646,-2896,-1536,15258,6484,-456
-512,-2912,-2262,15554,5500,-660
1
-15981,-2928,-32598,31170,32467,-32768
-32558,-2880,-32598,31817,32467,-32768
-32558,-2928,-32598,31817,32467,-32768
-16605,-2896,-32598,31817,-3548,-32768
-17476,-2880,-32598,31817,-12,-32768
-23518,-2912,-32598,31817,-30572,-32768
-18203,-2928,-32598,29050,32468,-27936
-11617,-2944,-9560,9286,-31248,3384
-8784,-2912,-3660,8870,-23504,4596
2121,-2896,9116,7214,-13308,4512
9875,-2912,13619,5406,-5580,3784
14828,-2912,17459,2946,-2456,3252
15073,-2896,25043,1450,428,2872
13279,-2928,26469,2282,-1128,2388
13518,-2912,31914,7878,7592,-1692
9099,-2896,32308,6594,17972,1920
710,-2896,26888,11574,13832,2868
4146,-2912,21662,12146,16764,2412
5633,-2928,-32599,20514,19096,-5324
13355,-2896,-32599,20354,19840,-8192
20632,-2944,-32599,21778,27276,-7792
19478,-2912,27253,22338,30732,-7808
22061,-2896,-10276,23302,28248,-12360
21106,-2944,-11324,21954,20504,-6972
9193,-2912,4733,16334,17808,1160
153,-2928,24998,14158,18208,-2988
-5086,-2912,18162,13038,20892,-2964
-4224,-2928,350,14922,15048,-5216
-1627,-2896,-8802,12382,12144,-3540
-179,-2944,-7172,10866,9204,-2096
263,-2944,-3521,10230,8672,-1724
-939,-2928,-2633,10170,7952,-160
1
-23275,-2944,-12199,19266,32467,-20656
-23815,-2928,-32598,31242,32467,-32768
-32558,-2944,-32598,31817,32467,-32768
-31274,-2944,-32598,31817,32467,-32768
-498,-2928,-32598,31817,-20068,-32768
-5917,-2944,-32598,31817,-13404,-31304
-5572,-2928,-32598,31817,32468,-25220
-13564,-2944,-32598,17538,32552,-9156
-12236,-2944,-14697,3146,-23616,7628
-2894,-2928,11105,8790,-16708,-1816
4653,-2928,10588,4678,-10560,3944
8308,-2912,17253,5058,-7060,4124
10463,-2960,23434,3934,-2640,3020
11285,-2960,26622,5570,-1752,1308
9435,-2944,28070,8138,2420,-652
4825,-2960,-32599,11294,9564,-548
-6823,-2976,-32599,16666,25980,2044
-3611,-2944,-32599,21062,13644,-11760
12469,-2960,-32599,19246,32467,-9412
7178,-2944,2329,20322,32467,2816
-12661,-2944,-18601,17402,15068,4684
-11942,-2928,19027,24594,9596,-3448
-2739,-2944,-32599,24326,14160,-5188
955,-2960,28669,21382,20228,-5888
4028,-2944,15501,18454,18884,-5816
4363,-2944,10559,16582,16876,-3892
3383,-2960,11586,17090,13212,-2736
3185,-2960,13154,15278,12072,-2612
4406,-2944,15422,14186,11104,-3512
4933,-2960,12959,13186,11500,-2616
3760,-2944,6945,12898,9344,-1900
2316,-2928,3612,12170,7992,-1224
1
-25334,-2944,-20713,14718,32467,-32768
-24238,-2960,-32598,30446,32467,-32768
-32558,-2944,-32598,31817,32467,-32768
-32558,-2944,-32598,31817,32467,-32768
-32558,-2960,-32598,31817,26240,-32768
-32558,-3008,-28826,31817,9088,-32768
-32558,-2976,-32598,21446,2944,-32768
-32558,-2960,-32598,29890,-29668,-32768
-32558,-2944,-10752,27002,-24212,-26640
-30166,-2992,-9446,30226,-14528,-17544
-13091,-2944,6036,29382,-8184,-5596
-206,-2976,1197,24362,-5908,-2004
8982,-2992,11420,16862,-3892,2624
14904,-2992,15763,11318,1508,3916
21977,-2976,9254,10030,-764,1252
26166,-2928,12573,8274,-5444,184
-32559,-2944,24998,5854,-3520,-7492
-32559,-2976,31944,6106,1328,-9640
-32559,-2992,31429,5642,6940,-5984
-32559,-2976,-32599,6166,9996,-14976
-32559,-2960,-32599,16522,32467,-23392
30331,-2960,31637,18750,32467,-19184
-32559,-3008,-32599,22822,29040,-24936
-32559,-2992,-32599,23530,32467,-27672
11275,-2992,-1318,10214,32467,-192
7398,-2976,1915,31502,15852,-19376
10540,-2992,-32599,31817,30928,-7120
4346,-2976,-32599,25542,32467,-10144
7352,-2976,26800,11858,32172,-11756
7941,-2992,6197,14566,21932,-4524
6591,-3008,4619,12278,14316,-1344
4551,-2976,-6499,11214,8456,48
1
-15885,-2992,-32598,19294,32467,-10864
-18328,-2992,-18821,19406,32467,-29868
-21245,-2992,-32598,28842,32467,-32768
-19223,-3008,-32598,31817,32467,-32768
-32558,-3024,-32598,31817,32467,-32768
-32558,-2976,-32598,31817,24124,-32768
-32558,-2992,-32598,31817,9208,-32768
-32558,-2992,-32598,31817,-7264,-32768
-32558,-2976,-32598,31674,32468,-18112
-23780,-2992,-13229,31817,32468,8072
-11848,-3008,-13268,26066,-18856,8
-6606,-3040,1283,16818,-10320,8776
-3475,-3024,-2417,11950,-6176,11880
5054,-3008,351,10610,-6580,9932
14568,-2992,5104,6026,-6848,9836
23823,-3008,16302,3550,-4484,7916
29317,-3008,16142,5134,-2260,1672
31844,-3024,15223,2410,-1036,560
28057,-3008,13366,790,-364,2500
23682,-3024,14660,8222,-100,-2696
21178,-3008,30742,9730,-2468,-2692
21908,-2976,-32599,16390,9220,-12372
24498,-2992,-32599,26098,26384,-19368
26413,-3040,-32599,31010,32467,-24752
18781,-2992,-3419,24538,32467,-6048
-2969,-2992,-983,25090,24260,-5724
-3195,-2976,-32599,31142,20432,-11456
1528,-2992,-32599,25466,24228,-11776
6463,-3008,22761,20394,22304,-11476
8720,-2976,14535,16478,17992,-7296
9312,-3024,11784,15618,11844,-5552
9821,-2992,12130,14006,8780,-4980
1
-28135,-3008,-32598,29422,32467,-32768
-25065,-3008,-32598,31817,32467,-32768
-22249,-3040,-32598,31817,32467,-32768
-13343,-3024,-32598,31817,32467,-32768
-2665,-3040,-32598,31817,6684,-32768
-6641,-2992,-32598,31817,1044,-32768
-13518,-3008,-32598,28454,-9196,-32768
-19227,-3024,-32598,17998,-17756,-24300
-23671,-2992,-15736,13738,-15920,-14484
-26964,-3040,-7065,15214,-13700,-9060
-14949,-2992,-4149,14198,-18220,-4244
-5949,-3008,15947,10854,-14412,2300
5542,-3024,22662,10358,-9408,-852
14698,-3040,27360,10282,-6692,-2564
18702,-3024,-32599,8414,-2316,-1280
26584,-3008,-32599,9982,-3436,-8196
-32559,-3008,-32599,11594,6556,-10876
-32559,-3056,-32599,12126,10132,-16324
31995,-3040,-32599,15510,7456,-16372
29202,-3024,-32599,31174,32467,-22428
2806,-3040,-32599,31817,32467,-26784
22367,-3024,11686,28862,10776,-32768
12201,-3072,-32599,31817,13660,-19836
3536,-3024,-32599,31817,32467,-21044
-7333,-3040,180,24682,32467,-16684
-10235,-3040,-4751,19414,19688,-10024
420,-3024,17382,18674,10848,-10616
8083,-3040,13272,15902,16164,-6660
9197,-3024,1526,11614,13812,-3088
7083,-3040,-6446,9626,7468,-2968
8303,-3072,555,10358,6456,-4504
4176,-3056,8865,11178,12620,568
1
-26687,-3104,-32598,31817,32467,-32768
-24033,-3072,-32598,31817,32467,-32768
-21614,-3056,-32598,31817,29396,-29924
-9811,-3024,-32598,31817,-2044,-32768
8491,-3072,-32598,31817,-21716,-26556
-3198,-3056,-32598,24386,-21084,-14628
-8798,-3040,-32598,14390,-17868,-2388
-1823,-3056,4613,6318,-13368,-6504
4311,-3056,14684,2118,-6280,2536
2526,-3072,16315,-4286,1828,11860
424,-3056,7285,-2998,880,10664
4669,-3072,5734,526,-3448,7544
10489,-3056,14186,2962,-2792,5648
11933,-3056,13555,3702,-2508,5504
11533,-3072,14344,5538,-2364,3024
11601,-3056,17730,8482,-1932,976
9452,-3072,22081,12210,1892,-44
8425,-3088,-32646,17098,12128,-4172
10997,-3056,-32599,24762,26840,-7180
11788,-3072,-32599,25830,32467,-5988
2327,-3024,-6428,21918,32467,-6536
1397,-3104,16799,25698,18164,-6420
7269,-3072,-32599,24710,27536,-5848
9737,-3088,12297,19146,27252,-5296
5546,-3072,-151,16078,17760,-1672
-291,-3088,9846,16262,12000,-1652
-813,-3072,16968,17818,13068,-3196
1533,-3056,15318,17526,12472,-4096
4016,-3088,14862,16146,10932,-4316
4503,-3072,14328,14622,10560,-3468
3351,-3088,11000,13742,11976,-2964
2041,-3104,3593,13122,10088,-2568
1
20645,-3120,7091,31817,32467,-27824
-10889,-3072,676,31817,29484,-7652
-8497,-3120,-32599,31817,23748,-12412
536,-3104,-32599,28486,31484,-8952
2995,-3120,19636,17850,28240,-5760
4561,-3104,-1360,17374,22856,-4364
3279,-3120,250,12234,16552,1044
1466,-3104,8626,11102,10468,-524
4438,-3088,10299,12286,11064,-3128
6552,-3104,5639,13246,9588,-2520
6711,-3104,6688,12858,8180,-2796
4246,-3136,7811,12070,8352,-1488
1566,-3136,4406,14090,8828,-1684
909,-3152,1004,14342,5428,-1664
1108,-3104,2990,14350,5756,-704
298,-3120,176,14222,4748,-128
-335,-3104,-2227,14650,4144,184
-841,-3104,-2171,15114,4124,428
-783,-3120,-3114,15234,3424,368
-469,-3104,-2669,15666,3040,96
-359,-3088,-839,16022,3744,-88
-303,-3136,-955,15626,4092,-184
-565,-3120,-1277,15610,4584,-68
-358,-3104,-1692,15542,4064,-588
152,-3120,-484,15546,4336,-724
-215,-3104,-345,15078,4768,-140
-871,-3120,-815,14814,5084,-140
-894,-3104,-955,15250,5444,-460
-417,-3120,-620,15414,4940,-580
70,-3104,985,15102,4796,-764
167,-3104,1206,14942,6112,-768
-277,-3120,-1363,14874,6248,-620
1
-20361,-3104,-32598,22950,32467,-32768
-32558,-3136,-32598,31817,32467,-32768
-24181,-3136,-32598,31817,32467,-32768
-727,-3120,-32598,31817,3720,-32768
3929,-3136,-32598,31817,-13808,-32768
-4862,-3152,-32598,31817,-18712,-29684
-11602,-3136,-32598,19870,-22888,-18152
-14164,-3120,-16416,11554,-21984,-4240
-14478,-3120,-4881,9558,-27908,2204
-7655,-3136,10018,8682,-16440,3800
2948,-3136,25932,6166,-6880,6376
4661,-3136,12977,3702,-3468,9688
7162,-3120,20239,6790,-5196,2404
11276,-3104,25569,6430,-2372,-512
13736,-3152,27194,7750,728,-1596
13717,-3136,25608,10290,596,-3256
14001,-3136,26817,14178,5248,-7428
11802,-3120,-32599,18230,14552,-8232
10239,-3136,-32599,24078,31576,-7848
8685,-3152,32717,26550,32467,-9720
5409,-3168,14555,26326,27032,-7896
7942,-3152,24301,28146,21964,-9904
7488,-3136,32738,28594,29724,-7056
2069,-3152,15031,24690,30264,-7508
1932,-3136,6659,21362,19472,-7412
1445,-3120,14064,18258,17140,-2560
-769,-3136,16963,16342,15268,-2160
595,-3152,15801,15634,14076,-3608
3461,-3136,9760,14530,11572,-3752
5199,-3136,5923,13682,9344,-3328
4373,-3120,6865,13438,8812,-1916
2077,-3168,6996,13230,8908,-2008
1
-23453,-3136,-28404,26782,32467,-22336
-8222,-3152,-32598,30970,32467,-32768
-11968,-3136,-32598,31817,32467,-32768
-15145,-3152,-32598,31817,32467,-32768
-2694,-3136,-32598,31817,28564,-32768
4152,-3152,-32598,31817,4096,-32768
486,-3168,-32598,31817,1264,-32768
-9285,-3152,-32598,31817,-5308,-32768
-14832,-3136,-32598,30150,-24284,-18264
-8834,-3120,-15579,18258,-22320,-17628
-3762,-3136,290,12850,-16800,-4136
-2162,-3152,1520,10790,-11972,5552
395,-3168,4921,6174,-10304,11372
6797,-3152,13283,2634,-8348,10784
15188,-3168,17941,994,-5400,7936
19222,-3184,17200,1886,-3260,4048
21615,-3168,16544,-1758,144,6108
19519,-3152,13249,3482,-1928,2224
19602,-3136,15369,6498,-2084,-2288
18275,-3152,22198,8670,1476,-2616
11096,-3136,-32725,9822,13972,-516
-1921,-3168,-32599,21326,23624,-3356
3810,-3168,26377,25458,24136,-12528
8399,-3200,-32599,25814,32467,-8532
3952,-3152,7551,20250,32467,-3024
-2052,-3168,-21203,21062,16012,-5216
-5245,-3152,4885,25818,7432,-1480
-9156,-3136,-32599,30734,15316,-2988
-8575,-3184,-32599,27354,26584,-7804
-5458,-3168,10837,21850,19312,-5732
-1143,-3152,15421,19002,10132,-6192
3533,-3168,19056,16718,13740,-4052
1
8655,-3168,14707,6426,-5676,9636
11914,-3168,15694,6366,-6484,7688
17669,-3216,20011,4794,-5552,4292
20090,-3168,20349,1390,-3444,4428
18728,-3216,21126,4522,-868,660
14996,-3168,23697,10362,880,-1540
9546,-3216,-32599,16142,4500,-4612
7808,-3184,-32599,23486,22708,-6968
17614,-3200,-32599,31218,32467,-15872
9679,-3184,-8218,23894,32467,-2680
-2537,-3200,31305,28490,23724,-3480
-43,-3168,-32599,29582,32467,-10756
3142,-3200,8562,26294,28192,-9616
3551,-3216,-3113,22954,17848,-7484
2693,-3168,13550,19174,13308,-4672
725,-3184,23856,17534,13668,-3544
1862,-3168,15973,16250,11584,-4380
4462,-3184,9340,14686,9888,-4184
4684,-3168,8919,14030,9420,-2932
2930,-3184,8752,13374,8912,-2400
1706,-3168,6147,13778,8680,-2428
1300,-3152,3045,13570,7404,-2072
1199,-3200,1454,13826,6676,-1580
111,-3184,1429,14634,7080,-1108
-270,-3200,-426,14874,5948,-1440
-322,-3200,-546,15306,5240,-1108
45,-3232,-1135,15362,4704,-1336
195,-3232,-2113,15310,4152,-820
-128,-3184,-2508,15362,4568,-120
-538,-3200,-2802,15598,4300,-844
81,-3184,-2852,15546,3260,-1360
332,-3200,-1928,15654,4096,-700
1
-12763,-3232,-32598,29482,32467,-32768
-14232,-3184,-32598,31817,32467,-31344
-31320,-3232,-32598,31817,32467,-32768
-17634,-3248,-32598,31817,28592,-32768
-9506,-3232,-32598,31817,-17784,-32768
-4351,-3216,-31017,31817,-32004,-32768
-12784,-3200,-29973,25678,-22228,-8900
-12778,-3216,-8905,18162,-19988,-5844
-5524,-3200,6768,13734,-7340,936
-2667,-3248,5872,3650,-1308,13280
3319,-3200,1897,-3874,-1544,15972
12589,-3216,4820,-1114,756,10904
18623,-3200,912,-2166,1708,8096
19235,-3248,100,-2326,380,6380
15902,-3232,1174,-2002,-1000,6844
9899,-3248,4807,1110,-4580,5468
6271,-3200,9412,3882,-5328,2188
5613,-3248,17675,7778,-3120,-1304
4134,-3232,21717,11686,812,-1548
-1613,-3216,24152,17310,4688,-1212
613,-3232,-32599,24950,19244,-12660
10120,-3200,-32599,31817,32467,-17404
1465,-3232,-23581,19166,32456,-1576
-3321,-3200,11620,31817,10092,-7656
4831,-3232,-32599,31817,32356,-7040
5325,-3216,12159,24026,32467,-5332
1833,-3232,2194,21066,19884,-5968
-505,-3216,16613,18814,14428,-3188
153,-3232,22684,17234,12708,-4448
2801,-3232,17438,14798,15112,-3772
3093,-3232,5456,13334,13164,-2532
2020,-3216,2435,13218,10204,-2184
1
-14837,-3184,-27942,28166,32467,-26948
-23887,-3216,-32598,31817,32467,-31160
-28010,-3232,-32598,31817,32467,-32768
-19379,-3216,-32598,31817,32467,-32768
-11616,-3232,-32598,31817,2804,-32768
1003,-3216,-32598,31817,32468,-32768
629,-3232,-32598,31817,32468,-19236
-6525,-3248,-22472,13558,-23252,-4492
-3521,-3232,19343,6574,-6808,2936
-1144,-3216,10511,-8338,1608,14844
4378,-3264,-962,-370,-1824,10544
14994,-3248,7676,1050,-3064,8928
17427,-3232,3506,1494,-2932,6176
16394,-3248,7651,1354,-3828,4632
13304,-3232,13502,1110,-2252,2612
8280,-3216,16254,2934,-24,2748
3084,-3232,18383,7794,1644,2248
1814,-3232,30457,13662,7484,-2964
9759,-3232,-32599,17590,21480,-5280
7473,-3248,14113,17450,26664,-2172
1517,-3232,10456,24194,24968,-3300
4385,-3216,22368,27810,29148,-5188
1616,-3232,-3538,26998,25160,-2464
-1057,-3216,14341,29050,15204,-4468
1542,-3232,28979,27830,21248,-3936
683,-3248,21978,22678,23672,-2900
-243,-3264,13821,19106,19100,-1624
464,-3248,14275,16498,12488,-2568
3197,-3232,15234,15378,12880,-1648
3853,-3248,6193,13182,11392,-1544
2623,-3264,4,12458,8524,-640
442,-3280,5289,12774,7176,-420
1
-19693,-3216,-32598,31817,32467,-32768
-30787,-3264,-32598,31817,32467,-32768
-10948,-3232,-32598,31817,32467,-32768
2718,-3248,-32598,31817,9668,-32768
8352,-3264,-32598,31817,-31492,-32768
3680,-3280,-32598,31817,32468,-32768
308,-3264,-32598,12494,32468,-22772
-13232,-3248,-18201,-1818,-27344,8684
-11474,-3296,14295,9434,-15836,324
-725,-3248,14011,6114,-6812,6764
7569,-3264,18239,7034,-3376,5108
11553,-3248,17899,3730,-436,7772
11150,-3232,16356,4382,-1232,6196
9466,-3296,17252,5758,-1044,2376
9620,-3264,21742,7294,-128,724
5227,-3248,27620,10938,2244,2080
2061,-3232,-32599,17934,6200,-548
3732,-3248,-32599,24642,14820,-7592
7273,-3296,-32599,31817,25164,-7476
6485,-3232,30302,28710,32467,-1912
3570,-3280,24136,30730,32467,-9448
6888,-3264,16490,29498,26688,-7968
5396,-3280,26449,27026,30092,-3604
1743,-3264,16133,21034,28016,-6008
698,-3248,8017,16098,22112,-3728
-1000,-3296,7619,15018,17444,-2308
-1017,-3248,6360,13622,12820,-2368
1108,-3296,7760,13050,11168,-2324
3277,-3248,8095,12166,10272,-2100
3019,-3264,9183,11654,10196,-1448
884,-3248,6886,12178,9640,-1648
-242,-3296,5118,12294,8320,-1472
1
-19364,-3248,-22617,29538,32467,-32768
-18307,-3328,-32598,27614,32467,-32136
-30490,-3296,-32598,31817,32467,-32768
-27669,-3280,-32598,31817,32467,-32768
-7629,-3328,-32598,31817,3956,-32768
-7229,-3312,-32598,31817,-26780,-32768
-10108,-3264,-32598,31817,-17996,-27944
-13938,-3280,-29483,23954,-24704,-11076
-10514,-3296,-909,17390,-20936,-4328
-6300,-3312,12951,13086,-10508,3456
-1106,-3280,12956,10238,-4376,5040
5653,-3296,9768,8086,-5844,3924
10776,-3280,19048,5610,-5460,1860
10851,-3296,23420,4022,-2708,2840
12720,-3280,24272,6954,-3680,-3628
17318,-3296,30547,10718,976,-2576
12116,-3312,28726,15758,3972,-1572
10603,-3296,-32599,19554,17536,-9952
21122,-3296,-32599,26298,32467,-13672
23728,-3280,-32599,22730,32467,-4856
8983,-3296,-18532,20530,26304,-5796
4214,-3312,13461,26166,14128,-8484
2186,-3296,-32599,28730,29244,-6712
278,-3280,12556,22338,32467,-12096
-372,-3296,-9715,19738,18844,-8976
4310,-3264,19763,14542,13612,-4440
4838,-3312,10251,12910,12636,-3524
3749,-3328,2856,12294,9360,-2780
2561,-3296,1295,12074,7492,-2540
764,-3280,3244,13246,8456,-1180
1
-9436,-3360,-15929,28946,32467,-28436
-18375,-3360,-32598,31817,32467,-22632
-29390,-3344,-32598,31817,32467,-32768
-24376,-3360,-32598,31817,32467,-32768
-14213,-3344,-32598,31817,-14716,-32768
-2839,-3360,-32598,31817,-15216,-29860
-11100,-3344,-20456,6686,-7952,828
-3914,-3328,-10502,9382,-10680,-5212
4482,-3344,-3658,5650,-9576,2468
2145,-3360,3224,3270,-9860,5352
373,-3360,12881,2206,-7540,3144
466,-3344,19110,4730,-8072,1324
-340,-3328,23760,4846,-7040,392
268,-3344,-32675,8074,-2880,-1572
-1870,-3328,-32599,9894,6572,1128
-4648,-3376,-32599,16870,17180,348
1871,-3360,-32599,30782,22032,904
13884,-3344,-32599,20086,32467,1468
9073,-3376,29870,21794,32467,6792
-940,-3392,-6503,15222,26088,3572
3062,-3344,19029,16738,14852,-2352
6743,-3328,-32599,16950,21896,-160
2695,-3344,4974,15946,21600,1756
-1809,-3392,756,16874,12820,416
-2032,-3344,16009,18466,10804,140
-1755,-3392,19306,18614,14824,44
-1418,-3344,8469,18026,14548,-772
-587,-3360,4590,17258,10228,-652
42,-3344,9966,16898,8944,-84
739,-3360,10627,16170,8740,-144
1
-17814,-3312,-32598,24778,32467,-20436
-27618,-3344,-32598,31817,32467,-32768
-19790,-3328,-32598,31817,32467,-32768
-3186,-3344,-32598,31817,13248,-32768
9743,-3360,-32598,31817,-6500,-32768
4970,-3344,-32598,31817,-10296,-32768
2084,-3360,-32598,22738,-17056,-20056
-5133,-3344,-32598,13826,-27116,-4564
-531,-3328,-16407,9562,-19836,-6168
4215,-3360,1269,3546,-12244,1528
1451,-3328,-468,-702,-14108,11072
1452,-3328,10865,-1354,-9400,9404
4139,-3344,22977,2050,-6240,5096
5341,-3392,23569,3414,-3964,3272
5457,-3344,24449,1970,-612,1920
6195,-3360,25918,914,2376,3260
4923,-3344,22332,5978,4356,2396
2637,-3360,29530,9474,8700,2168
3652,-3344,-32599,6566,22172,5680
3207,-3360,29515,11994,23688,1304
2301,-3376,6452,19238,20664,-1816
3128,-3360,29691,17274,25400,1688
1136,-3344,16768,15274,25188,3476
-3283,-3360,8757,17462,14508,460
-125,-3360,29243,21842,18012,-1924
-5750,-3376,15021,21142,25936,-152
-9575,-3392,-5677,22326,15008,-2260
-6052,-3376,20695,24814,12992,-940
-1686,-3328,23269,21086,19980,-1312
-2274,-3376,8921,16794,20648,1476
-2257,-3360,-135,16434,12216,1012
-1803,-3360,468,15798,8368,424
1
-14246,-3392,-32598,31817,32467,-32768
-4970,-3360,-32598,31817,32467,-32768
7315,-3376,-32598,31817,6924,-32768
13640,-3360,-32598,31817,-14900,-32768
-1263,-3408,-32598,31817,-30628,-29028
503,-3360,-32598,31817,32468,-32768
8446,-3376,24265,21334,-28344,-13208
-1515,-3376,13310,18722,-12636,1284
-1226,-3392,23035,9934,-1708,3976
5709,-3376,17535,3038,1540,6148
12031,-3360,21765,6114,3344,5840
13292,-3376,28838,4626,13876,5972
5114,-3408,-32599,4722,15156,8176
5586,-3392,20799,10614,11716,-4768
10972,-3376,-32599,9122,19884,936
6508,-3360,29849,10998,25532,5844
-6961,-3376,1514,14790,16636,1640
-2808,-3392,-32599,26414,20556,-8380
3545,-3392,-32599,22182,32467,-1516
-3537,-3408,-6555,16318,25436,836
-4968,-3392,-10536,18782,6924,-3400
-768,-3408,24282,23482,10712,724
-5010,-3392,-32599,23158,20132,1616
-6419,-3376,14722,19438,16852,-4324
2217,-3424,11725,17538,11948,-4380
4930,-3408,19284,16870,13720,468
3842,-3376,17247,15794,14472,-12
2354,-3392,12187,15898,11708,-540
3274,-3376,7803,16158,9592,-2892
3269,-3392,4577,13522,8552,132
1535,-3376,1993,12614,6616,556
1485,-3392,2836,14166,6604,-840
1
-3193,-3376,-32598,31817,32467,-32056
-14262,-3376,-32598,31817,32467,-32768
10816,-3392,-32598,31817,20936,-32768
23927,-3408,-32598,31817,-19928,-32768
20267,-3376,-32598,31817,-24628,-27492
-645,-3392,-32302,20198,-20824,-17868
-12118,-3408,-32598,10170,-17312,-9416
-5872,-3392,4850,3730,-20924,-4160
-6436,-3408,14264,5034,-8732,2760
-3925,-3392,15225,4130,-3612,6124
-52,-3344,6799,2286,-5120,8220
4642,-3408,16735,3502,-7860,6288
9382,-3392,26192,3886,-1756,2084
12219,-3408,25420,3614,92,1796
9769,-3360,21762,5866,676,1772
5192,-3392,24814,10742,1928,744
562,-3408,-32599,16058,14404,-2604
-1166,-3392,-32599,22722,22128,-5196
4192,-3392,15480,22870,32467,-648
-10509,-3392,7981,30658,24812,2904
-5091,-3392,-32599,26886,19508,-5068
523,-3408,26985,24502,22396,-4176
916,-3392,16354,21934,16740,-4672
1315,-3408,14542,20870,12464,-5816
1004,-3392,20181,20502,13376,-4016
815,-3392,16903,19410,15976,-3708
1903,-3376,10990,17794,14216,-3432
892,-3408,8337,16074,12632,-1428
937,-3408,6588,14526,11656,-1676
1480,-3392,1495,14262,8336,-1756
2606,-3392,-509,14638,5468,-836
1918,-3408,1769,14150,6048,496
1
-12693,-3392,-32598,21458,32467,-23540
-11190,-3360,-32598,31817,32467,-27876
-2289,-3376,-32598,31817,32467,-32768
18466,-3392,-32598,31817,10164,-32768
31345,-3408,-32598,31817,32468,-32768
17754,-3392,-32598,29646,32468,-24688
-1581,-3376,-32598,4302,-22456,-17828
-2908,-3424,-7100,2018,-17128,-2556
-7715,-3376,-4622,-1434,-9668,1788
-7690,-3392,12368,-6830,-704,13484
-3586,-3392,15265,-4118,1976,12956
3628,-3408,7010,-3722,4336,14176
7733,-3392,7297,-2550,3192,13084
7402,-3376,5269,86,-1284,9924
4492,-3392,7819,918,-2888,6132
369,-3408,10366,722,-2900,4916
-3925,-3392,14400,2162,-4964,2388
-6338,-3424,23496,5550,-3564,2224
-9699,-3440,31142,9878,2756,1940
-7688,-3424,-32599,14938,12616,336
-4223,-3408,-32599,18690,24364,-1260
-3714,-3376,12509,15534,23832,3116
-5255,-3392,15000,25962,25684,2072
-6991,-3440,16733,24038,29332,2552
-5172,-3392,8214,21434,18500,-156
-3571,-3424,20662,20646,15384,2356
-5199,-3408,18559,19966,18552,840
-6200,-3392,7526,20262,15136,-1036
-5829,-3440,9795,20194,11644,-840
-5046,-3424,17687,20298,12232,-232
-3504,-3424,15910,18750,13560,-608
-556,-3376,7422,17066,12252,-1556
1
-6701,-3440,5107,3974,-6736,3856
-4350,-3440,1159,-1750,-2728,13508
4344,-3456,4760,-994,-740,11168
9075,-3408,1429,-1062,1608,10684
10620,-3424,2353,-1062,1180,8980
8105,-3424,6914,-4674,952,11048
5007,-3408,4188,-1082,-2336,8256
4405,-3424,6987,1422,-4300,4816
5182,-3408,17877,302,-2500,4864
1682,-3424,24052,3190,528,4288
-2416,-3424,22344,6698,1888,-44
-2091,-3440,21050,11990,2740,-3188
-4257,-3424,26178,15966,3676,-3364
-4991,-3440,-32599,22338,11292,-7456
-4978,-3424,-32599,31817,32467,-13308
-9148,-3424,21819,31817,32467,-8988
-8319,-3408,14699,31817,27856,-6908
-1500,-3424,23144,28666,23232,-960
2219,-3440,19633,24362,23428,-2384
1854,-3424,12829,18606,21600,-556
-2329,-3424,7085,15902,14996,1056
-3523,-3408,8563,15890,11828,-44
-1225,-3456,9151,15846,10324,-828
1166,-3424,7311,15470,9408,-1092
1607,-3408,5618,14826,8136,-280
960,-3424,6364,15382,7028,212
1476,-3408,8482,15038,7744,-688
1521,-3440,4073,14762,6504,-988
1179,-3424,2099,15042,5984,-288
731,-3408,2383,15350,5076,-728
1878,-3440,2360,14970,3856,-1296
1958,-3456,1852,15358,5188,-368
1
-15826,-3440,-32598,30094,32467,-32768
-18194,-3440,-32598,31817,32467,-32768
-14245,-3392,-32598,31817,32467,-32768
11729,-3440,-32598,31817,-676,-32768
13445,-3456,-32598,31817,-29268,-31048
3667,-3440,-32598,27542,-27640,-24144
-553,-3456,-32598,12282,-13508,-17564
7380,-3456,-7337,8994,-18364,-1864
-471,-3440,-2896,4298,-10740,8600
-3517,-3424,15681,3382,-6900,8360
2417,-3440,14478,3574,-3148,5892
8760,-3424,8317,3070,-5620,4940
11391,-3408,14697,2866,-4100,4368
10451,-3408,19901,2478,980,2372
6541,-3424,19107,1246,1204,3356
323,-3440,20426,4306,6420,4320
-5844,-3424,32396,9550,15952,2880
443,-3424,-32599,9350,18332,688
7322,-3424,28156,14394,32467,-3040
284,-3424,-1312,14910,32467,4680
-7374,-3440,-3044,13262,9632,2972
2075,-3424,-32599,15590,19900,1228
1884,-3408,18036,17402,32467,2548
-6967,-3424,-21725,13734,14492,3044
941,-3456,16803,18602,6588,-1944
5445,-3440,-32599,18546,20184,808
1438,-3424,3461,15762,18028,1720
-877,-3440,4279,15890,10264,796
-2173,-3424,15783,16746,10168,52
-3553,-3472,12849,16638,12140,-136
-3294,-3440,7664,16650,11124,-1000
-2325,-3456,5922,16726,8080,-672
1
-18599,-3424,-32598,31817,32467,-31632
-32558,-3392,-32598,31817,32467,-32768
-32558,-3440,-32598,31817,32467,-32768
-21786,-3440,-32598,31817,1792,-32768
-9878,-3424,-32598,31817,-10076,-24608
-15129,-3408,-26683,29434,-13572,-14944
-13457,-3456,-26274,20486,-10504,-7616
-10291,-3424,-16259,14766,-13308,-3212
-8167,-3440,-239,11986,-3644,2748
-5580,-3456,-4554,8366,1220,6912
-2238,-3440,-6943,4558,-220,11704
1674,-3424,1593,1142,-1404,12400
7183,-3456,4683,-1146,-624,11268
8998,-3408,2352,-1202,-616,9840
10179,-3456,2954,1362,-4192,4320
9796,-3440,14818,798,-4204,3824
10844,-3440,17367,5082,-1016,-628
9153,-3424,17357,6214,4412,404
534,-3408,20797,9622,7276,1960
866,-3456,-32722,18038,12184,-5260
4042,-3488,30734,19734,22628,268
-9818,-3440,-32599,22954,28780,1628
-1328,-3456,25273,27830,21860,-18180
3449,-3392,5933,29194,23340,-616
-53,-3440,-32599,31817,32467,-3540
-2039,-3456,-5713,23154,32467,-4140
1825,-3440,-9011,20690,15496,220
-377,-3456,6991,17666,15220,7832
352,-3440,-735,17426,12348,3056
3506,-3408,4251,16458,8624,5396
3548,-3424,8611,16114,8472,4636
2577,-3440,10732,15530,7360,3772
1
2322,-3472,-32598,31817,32467,-32768
13681,-3472,-32598,31817,32467,-32768
15073,-3456,-32598,31817,32467,-32768
30490,-3440,-32598,31817,8432,-32768
-32559,-3456,-32598,31817,-7724,-32768
16781,-3456,-32598,31817,-17112,-32768
3516,-3456,-32598,25310,-26036,-32768
343,-3472,-32598,10710,-30860,-22172
-16256,-3440,-12224,5654,-19184,2832
-11007,-3456,15522,7954,-10692,1636
-121,-3440,11086,7586,-7188,6872
8087,-3424,16509,4130,-4852,11048
11510,-3472,14390,3366,-4588,9052
13994,-3472,14357,3418,-4396,2164
14274,-3456,19397,2022,-2440,-552
11076,-3440,22059,1370,-1704,236
6970,-3456,25525,4658,-924,-640
4856,-3440,-32599,8766,7140,1232
4687,-3472,-32599,16286,21888,1024
15678,-3456,-32599,21410,32467,-10496
8442,-3440,1521,15470,31112,7320
-1812,-3456,21690,22726,24364,3348
3521,-3424,18962,23866,22200,-3200
11314,-3456,24330,22438,24100,-2120
2864,-3456,13979,18474,25268,3760
-3720,-3440,-274,18618,15268,800
-1674,-3456,8994,20194,10508,-728
123,-3440,13381,19678,14764,1880
-3062,-3472,10312,19094,12428,1760
-5900,-3456,10476,18162,12100,1424
-4612,-3440,5884,18202,9640,208
-2499,-3472,6375,17202,5136,-56
1
-16960,-3472,16053,21738,30640,8484
-32558,-3456,-16352,31817,32467,-20092
635,-3440,-32598,31817,32467,-32768
6764,-3456,-32598,31817,32467,-27852
-268,-3456,-32598,31817,32467,-32768
8318,-3472,-32598,31817,29568,-32768
16847,-3456,-32598,31817,-4892,-32768
13696,-3440,-32241,31817,-12916,-32768
-3683,-3456,-32598,31817,-10904,-26360
-18017,-3456,-32598,28502,-22204,-13684
-5563,-3456,-9370,21906,-31164,-5984
-7445,-3440,11135,9634,-14048,4892
-1968,-3456,12286,5262,-7248,7880
8148,-3456,8193,-490,-7248,10628
14740,-3440,12994,-3682,-5796,10832
17457,-3488,20960,1762,-3064,5584
18883,-3440,24724,1390,1920,4384
17009,-3424,20291,-4114,6700,5072
15388,-3504,10882,450,5728,1884
13907,-3456,11801,4242,10792,1784
5002,-3424,27617,2298,12028,7800
4507,-3440,-32599,10622,24184,-1628
12943,-3456,31240,14102,31988,-5260
8768,-3472,6453,10650,25336,2176
10244,-3456,29141,10878,25592,444
6546,-3472,697,10158,26560,512
-988,-3488,-4655,13858,18356,-616
-1845,-3440,7698,15146,9584,-1920
1548,-3456,17567,16050,9608,-2860
1219,-3456,17654,16646,12840,-648
-2013,-3472,10810,19110,12132,-700
-4695,-3456,10546,21322,11368,-1528
1
-26435,-3472,-32598,30354,32467,-24228
-21055,-3456,-32598,31817,32467,-32768
-3852,-3488,-32598,31817,32467,-32768
12680,-3472,-32598,31817,9076,-32768
10923,-3456,-32598,31817,-9188,-32768
9177,-3472,-30977,31817,-20488,-32768
-9230,-3456,-32255,30346,-21856,-10840
-819,-3440,4983,27798,-24820,-7824
-2436,-3472,1171,12178,-11532,8916
2710,-3456,12032,-166,-2260,16504
11152,-3472,9952,-8694,-2752,13976
12322,-3488,9584,-10070,-3012,13100
14429,-3472,11479,-2738,196,6320
10683,-3456,9951,-6382,1280,9624
4641,-3520,8753,-3618,-404,7596
6741,-3472,12634,-3682,360,4648
6852,-3456,16450,-3862,4576,8940
3168,-3424,11838,2046,8756,6168
830,-3488,21034,822,11736,5628
6877,-3456,30626,4454,20440,3572
3989,-3472,14583,6998,29536,7288
-7005,-3488,9219,9886,20420,5180
-2934,-3472,21954,13058,19596,-324
1208,-3488,4756,14934,18628,764
-2602,-3488,-1231,14734,12164,2192
-4521,-3472,10236,17654,6568,-720
-4108,-3456,23459,20926,8876,-3528
-5174,-3472,20315,23318,12968,-3176
-7910,-3488,6889,25230,14132,32
-8249,-3456,5567,25242,10784,-1344
-3759,-3440,13373,24102,10924,-2088
-3852,-3456,15093,20526,14368,1264
1
-7877,-3456,-32598,31817,32467,-32612
-6343,-3456,-32598,31817,32467,-32768
1455,-3472,-32598,31817,32467,-32768
19736,-3488,-32598,31817,-240,-32768
14615,-3456,-32598,31817,-30060,-32768
-5661,-3440,-32598,31817,-18332,-32164
336,-3488,-31200,22630,-16928,-22032
-4874,-3488,-25818,14742,-27804,-1736
-9615,-3504,-3442,10198,-22220,6888
-1368,-3456,13112,9186,-14696,5252
7766,-3472,7496,5478,-11984,9596
10881,-3472,9774,3326,-11136,10256
12701,-3488,18441,3234,-7784,6588
13513,-3472,24759,2098,-2548,4268
5755,-3440,31461,13338,12216,3500
12136,-3488,-32599,13258,32467,-4428
16119,-3440,8407,7670,32467,452
4328,-3488,-20402,10546,17708,1444
1655,-3472,-32599,20158,20664,-2088
5148,-3440,-32599,16934,31652,-2216
-1129,-3456,-2827,14450,21188,-84
-8231,-3472,14143,16402,11216,1472
-5188,-3488,-32599,20738,18180,-4780
1047,-3456,10975,18838,22904,-4112
2539,-3504,622,17258,14600,-2060
138,-3472,8406,17466,10296,-1972
-677,-3472,16378,17838,11360,-2796
531,-3488,16408,17254,12004,-3728
3098,-3504,14383,16090,11580,-3608
2117,-3504,8920,14778,11628,-2128
1
-20180,-3456,-26126,25430,32467,-22560
-4891,-3504,-32598,31817,32467,-32768
-10536,-3504,-32598,31817,32467,-32768
10767,-3520,-32598,31817,-8236,-32768
28162,-3472,-32598,31817,32468,-32768
10805,-3488,-32598,31817,32468,-30536
7285,-3504,-32598,24674,32468,-19808
2042,-3472,-32598,9954,32468,-1360
-2537,-3488,-6794,-1026,32468,10676
845,-3472,-32599,4250,-16732,8996
3767,-3488,14130,3302,-6612,1684
6448,-3488,22050,-1006,-5052,4876
7620,-3472,25877,4234,324,788
9671,-3488,22568,8094,4080,-3784
7528,-3488,12884,5842,7628,-1072
-313,-3488,21013,13346,12084,-2484
-5377,-3488,27378,26202,11724,-8116
-4726,-3472,28346,29858,11556,-8192
2877,-3456,-32599,31817,25588,-8504
3263,-3488,13328,31817,27372,-7860
1169,-3504,-6345,31817,20152,-3376
-4514,-3488,30394,31817,19420,3448
-7297,-3472,-32599,26934,21160,-1736
3827,-3504,29153,22534,25204,-2196
9233,-3488,7898,18122,17708,-1000
4282,-3472,1914,12154,7004,-116
72,-3456,11371,9982,6688,-3952
4033,-3520,10356,9634,10900,-3268
4264,-3472,2543,9726,11872,-756
2298,-3488,2154,9638,8264,756
561,-3488,8191,11770,10628,868
1478,-3472,4151,14110,12504,48
1
7242,-3504,-32599,25010,29896,-1956
5571,-3504,20190,20990,31880,-852
3262,-3488,7352,20614,20628,-4192
3961,-3504,22096,21542,23032,-468
225,-3488,14295,19094,28292,124
-2907,-3520,-922,16994,17732,-1560
-1514,-3504,2662,16154,11404,-1544
-52,-3520,9528,16422,11576,112
-357,-3504,7473,15982,10428,-4
1303,-3488,6703,15526,7484,-1180
1896,-3488,7894,15478,8908,416
568,-3536,6899,15330,6572,-268
1856,-3488,9403,15018,6840,-2016
1073,-3520,2904,14518,8456,-316
385,-3504,-1807,14818,4828,-1072
132,-3520,722,15022,4032,296
-431,-3504,2298,15222,4148,-152
-342,-3488,-88,15426,4280,-492
-249,-3520,-145,15650,3072,-48
-535,-3504,589,15886,3896,-180
-623,-3488,-1222,15694,3340,-132
-81,-3504,-1271,15650,2804,-80
-215,-3488,-849,15858,2756,-440
16,-3520,-388,15934,2180,-868
-572,-3504,408,16214,3832,-32
-1711,-3520,-1768,16022,3164,-168
-775,-3520,-323,15858,2572,-420
-839,-3504,34,15810,4064,-8
-1110,-3520,-1610,15646,2876,-148
-1122,-3520,-886,15978,3504,596
-1048,-3536,-1442,15974,3400,312
72,-3520,-701,15606,2536,488
1
-18829,-3488,-32598,31817,32467,-32768
-10813,-3536,-32598,31817,32467,-32768
-10641,-3504,-32598,31817,32467,-32768
2144,-3488,-32598,31817,29388,-32768
2850,-3504,-32598,31817,-10640,-32768
-6615,-3520,-32598,31817,-5852,-32768
-7332,-3488,-32598,31817,-19224,-31992
-7239,-3504,-22966,22946,-29700,-16660
-11578,-3520,-8409,16650,-20888,-3532
-6119,-3488,3917,13922,-16892,2168
5333,-3504,8671,10154,-15380,4824
13637,-3488,14434,7662,-10832,6792
19712,-3520,16838,6698,-8408,2352
22636,-3536,20441,4182,-4984,1056
10912,-3472,29505,12034,10924,-1560
10702,-3520,-32599,15398,32467,-2832
13998,-3504,31475,12938,32467,-2652
13545,-3504,20468,18422,32467,1408
5097,-3520,-15546,13182,32467,2484
3525,-3536,1559,16458,16264,520
5699,-3520,-32599,18598,29584,2288
1606,-3520,-1829,15294,26512,-168
2121,-3520,-12056,15706,10776,-3648
5149,-3488,6877,17334,8748,-676
1868,-3504,25459,17582,15152,816
-573,-3536,13649,16894,15124,-2696
-607,-3520,9313,16562,13964,-1956
-2508,-3504,7142,17322,11416,0
-1706,-3520,6813,16606,9912,-964
25,-3520,4279,15962,10364,-104
1
-7769,-3552,-32598,31817,-8288,-32768
-12991,-3504,-32598,31817,-9576,-32768
-6985,-3536,-32598,31817,-19852,-23860
-9505,-3520,-29346,20734,-23028,-8460
-11263,-3536,-15174,12470,-20916,164
-7268,-3504,5479,8598,-15892,4932
516,-3520,5733,5874,-12848,7604
8008,-3504,5892,4918,-11612,8344
14035,-3520,11433,4906,-10072,5664
18542,-3488,17683,3518,-7588,2972
20303,-3536,20699,3046,-3048,2300
18843,-3536,20909,5822,-1804,220
15529,-3552,24432,6594,4472,-3868
8971,-3504,30830,9606,11488,240
5945,-3552,-32599,26258,26304,-5464
11080,-3488,-32599,28498,32467,-15660
10762,-3504,18466,21238,32467,-3908
6239,-3536,-4082,20718,31144,-5632
11942,-3552,17771,22902,25600,1564
11081,-3536,11890,19710,29508,1988
6699,-3536,-3217,16590,21316,1536
1107,-3520,6001,14842,14156,1320
-3395,-3536,13741,15646,11600,-580
-4287,-3520,14277,15566,10764,-2252
444,-3520,14555,15106,11116,-6056
2490,-3536,8731,14174,12932,-3252
-771,-3520,714,13802,9752,-2244
-2477,-3520,2414,14350,9604,-3380
-2329,-3536,-157,14222,11740,-4680
-4451,-3520,-9729,13402,8944,-2924
-7199,-3536,-8431,14922,7136,-120
-9024,-3504,-3540,15542,4656,732
1
-2969,-3552,-32598,31817,-29512,-32768
-5402,-3520,-32598,31817,32468,-32768
-15324,-3536,-32598,25274,32468,-9548
-7375,-3536,-6485,9702,32468,3456
4973,-3520,4297,-1630,-21588,8796
14177,-3568,11086,-2758,-10740,9480
21714,-3520,6444,-766,-3228,6028
23683,-3552,3633,738,-3540,5124
20640,-3536,8416,2102,-2048,5124
16819,-3520,12316,434,-44,2116
13047,-3536,14189,1826,-664,568
7976,-3536,18621,6474,4600,16
662,-3552,26320,11210,9476,56
1411,-3520,25798,13966,13052,-4944
6792,-3536,-32599,19986,29680,-3844
393,-3520,19803,25466,32467,5156
-8448,-3520,-26281,18574,19720,-948
2364,-3536,31975,27698,25124,-1612
3152,-3520,-32599,22042,32467,4504
1440,-3552,-7731,18514,22460,-1464
4011,-3536,2745,16038,12912,-4
2937,-3552,18385,15766,11984,-32
1735,-3520,18854,14802,12968,-832
506,-3536,14719,14514,12944,-584
-629,-3552,9977,14406,11644,-2036
-2186,-3552,6161,14542,9876,-1348
-282,-3536,3210,14458,9212,-1648
1152,-3568,-888,13874,8624,-692
1576,-3520,-3292,14102,6436,-468
1769,-3536,-1567,14794,4792,-904
1
12402,-3552,-32598,31817,9568,-32768
9346,-3552,-32598,31817,-12020,-32768
3340,-3536,-32598,31817,-22872,-32768
-13926,-3536,-32598,20570,-24948,-16720
-3602,-3520,-13642,7894,-19884,-9560
-4724,-3568,12326,7378,-16072,1520
-9206,-3552,1950,4902,-15772,616
-3963,-3520,20960,3298,-16436,2112
6029,-3536,31041,5334,-13260,1108
14219,-3552,-32599,8526,-5428,1640
18661,-3552,-32599,6506,712,3596
16098,-3536,31481,7210,2240,2624
8764,-3552,-32599,16970,14056,-568
8212,-3568,-32599,22318,25952,-5112
15356,-3552,-32599,23030,32467,-10540
19790,-3552,-32599,25094,32467,-10592
9635,-3568,-3195,17362,32467,924
-819,-3552,-5810,21734,17356,-1816
20,-3584,-32599,25186,15944,-1460
5063,-3536,26899,24102,29372,-6416
2636,-3520,1866,17706,26792,-3556
-1815,-3552,9435,18198,19924,-1124
-2025,-3568,12804,15678,15300,-5224
4166,-3536,9512,13614,15044,-3736
4803,-3520,-2847,10882,12460,-1144
1920,-3568,-5834,10054,8360,-1116
610,-3552,5549,10758,7884,-1932
125,-3584,5235,12178,10700,-1208
-344,-3536,1469,13006,9336,-1748
-50,-3552,2083,13254,7252,-2032
-68,-3552,2632,13838,8196,-1948
-1257,-3568,-977,14190,7268,-1224
1
-18960,-3520,-29098,8378,32467,-32768
-18257,-3552,-32598,31817,32467,-32768
-32558,-3568,-32598,31817,32467,-32768
-31971,-3568,-32598,31817,32467,-32768
-17106,-3552,-32598,31817,4956,-32768
-18873,-3536,-32598,31817,-15300,-32768
-2094,-3584,-32598,31817,-26852,-32768
-4243,-3520,-24260,31817,32468,-15244
-3848,-3568,6264,23426,-28316,-1672
4278,-3584,16748,11734,-12036,3604
10816,-3552,18005,6934,-1276,6156
12822,-3536,15209,4822,3208,1460
9672,-3552,22393,5906,12808,3308
7933,-3552,15047,8062,14348,-1140
8131,-3536,27125,10234,11992,-444
7409,-3520,-32599,14734,21824,3700
2410,-3552,4824,15970,21864,-1424
108,-3600,8292,20598,8412,-7324
11562,-3584,-32599,27834,28772,-2744
7267,-3568,7404,23954,31364,-5380
10296,-3536,4237,27710,15684,-9456
6720,-3584,-32599,26862,32467,3544
-1211,-3568,9452,17842,27408,-4560
-234,-3552,6325,17146,14872,-5696
2559,-3552,9735,13226,15440,-1248
2148,-3600,5171,11214,13064,-524
834,-3584,4700,11142,9208,-60
1182,-3584,8692,11898,7904,-1936
1919,-3568,8928,12098,9748,-1824
1127,-3568,5785,12114,9336,-1244
-92,-3552,3901,12170,7824,-728
-1781,-3600,4371,12454,8224,-636
1
-582,-3600,-32598,31817,664,-32768
3491,-3568,-32598,31817,-7928,-32768
-4422,-3520,-32598,31817,-19348,-30804
-15271,-3536,-32598,30842,-19896,-17516
1259,-3584,-3544,19694,-24580,-15968
412,-3552,-907,13966,-17140,1172
3031,-3568,8430,10774,-11392,7988
9191,-3552,11955,5314,-7864,8488
14609,-3552,16115,1950,-4244,8088
18307,-3568,21164,4318,-1740,2748
19573,-3552,21351,3290,2068,2388
17176,-3568,19503,4110,6352,-712
11013,-3584,23427,4790,10540,-248
8097,-3536,-32599,13870,16524,-2604
7413,-3536,27668,15342,23652,-3708
7358,-3552,29438,15482,32467,-5020
4007,-3600,9474,14798,32467,-348
-2175,-3568,-2893,22018,19468,-4668
5061,-3584,25405,23806,16360,-4368
7971,-3568,26877,23762,23628,-2852
3668,-3568,13739,20770,20736,-3736
-996,-3552,12343,20114,14588,-4812
-2757,-3600,18150,20870,13136,-4616
-1674,-3568,20812,18674,13064,-3692
1448,-3552,18675,15902,12848,-3876
3132,-3568,9744,14466,12828,-3048
3503,-3568,577,14026,10704,-2464
1525,-3584,492,13126,8596,-500
-122,-3568,3365,13078,7696,-856
-405,-3568,3290,13826,7720,-632
158,-3552,3497,14206,6984,-884
819,-3568,4451,13918,6040,-976
1
-25258,-3584,-32598,30774,32467,-32768
1095,-3552,-32598,31817,32467,-32768
-13250,-3536,-32598,31817,32467,-32768
-9682,-3584,-32598,31817,32467,-32768
6374,-3584,-32598,31817,23848,-32768
4336,-3568,-32598,31817,-9428,-32768
-9444,-3584,-32598,31817,-23240,-32768
-23779,-3568,-32598,27626,-27508,-27264
-24138,-3584,-24474,23854,-16412,-19416
-8043,-3552,-6173,23230,-15572,-20820
2748,-3536,10959,9706,-17260,-6964
5859,-3552,23926,7538,-10364,1952
8966,-3568,25379,5294,-8748,3140
13072,-3568,26952,5602,-7656,980
18230,-3584,28739,5342,-5036,820
23649,-3536,-32599,10830,-1128,-3788
23168,-3584,-32599,16790,5396,-8392
13441,-3584,-32599,27214,7600,-2628
12714,-3568,-32599,31817,28536,-18460
26340,-3584,-32599,31817,32467,-32768
6677,-3568,-1745,27686,32467,-11164
3782,-3600,30890,31817,11572,-15628
5954,-3552,-32599,29714,24624,-13252
4504,-3600,-32599,25602,31084,-13040
7334,-3568,22395,20950,23716,-14104
16154,-3552,13354,20150,20144,-10784
15864,-3568,12493,14326,16912,-3680
10714,-3568,14622,10214,15372,-888
6695,-3584,6386,10750,10560,-3800
2661,-3584,-6524,10510,8884,-1628
-2576,-3600,-3242,10062,7096,-364
-3210,-3584,2926,12942,7532,-3008
1
-31300,-3552,-32598,31817,32467,-32768
15642,-3584,-32598,31817,-6384,-32768
21139,-3568,-32598,31817,32468,-32768
6581,-3568,-32598,31817,-23652,-32768
-8302,-3616,-32598,26590,-27448,-20260
5663,-3552,-17819,12070,-21708,896
2587,-3568,2938,3926,-16196,2008
2034,-3584,-478,-3478,-11500,7716
6027,-3584,7137,-5418,-11092,7788
12156,-3568,14365,-8798,-8956,9756
10043,-3600,18198,-3722,-4632,11804
6126,-3584,17520,1034,-1732,7740
3248,-3568,15451,422,-2144,7736
4202,-3568,16809,4694,-2816,1436
7763,-3552,25603,1534,580,-776
4575,-3568,-32599,5678,8796,3372
1974,-3600,-32599,14846,18520,-2812
7703,-3568,-32599,29650,32467,-11300
2081,-3584,-19119,27726,19000,-9376
-3858,-3600,31494,31817,25200,-664
-4086,-3584,-32599,30310,32467,-5552
-1265,-3584,-945,19910,24404,-6004
3446,-3568,5510,17814,17032,-3268
3778,-3584,-543,17370,11308,-2512
1903,-3584,6948,14490,11124,-16
2356,-3568,10388,13702,9828,-1572
4630,-3584,10326,13094,6732,-1524
4679,-3600,11194,11762,6032,-1124
3972,-3600,15791,11290,7220,-1100
2551,-3584,16435,11626,8292,-1224
1
-22053,-3568,-24678,22054,32467,-24180
-1620,-3552,-32598,31817,32467,-32768
-18924,-3568,-32598,31817,32467,-32768
-23318,-3584,-32598,31817,32467,-32768
-2984,-3552,-32598,31817,-4452,-32768
-2418,-3568,-32598,31817,-22264,-32768
-6680,-3552,-32598,31817,-30632,-31596
-10498,-3584,-26093,27806,-30088,-9436
-6316,-3600,-3236,14186,-20652,2556
-1424,-3584,-1150,3714,-12232,10520
8629,-3568,-492,-5206,-8172,13080
11197,-3552,3949,-8182,-3576,13796
8933,-3568,8870,-178,-2272,9140
7952,-3536,10368,1790,-1448,5688
8153,-3584,11295,2630,-1684,592
10667,-3568,14895,3374,-1236,-184
8192,-3600,16942,4790,1116,1124
3199,-3584,26616,10474,6388,-1804
3028,-3536,-32599,15570,14396,-6220
8507,-3584,30702,17050,18176,-6340
3338,-3584,13623,24602,18980,-5780
52,-3600,-32599,28974,23280,-7304
1522,-3584,28656,31478,25396,-11500
-956,-3568,19854,31817,24320,-9852
-6937,-3600,26694,30998,32467,-9172
-12374,-3584,16995,23542,32467,-2100
-5875,-3600,-3858,19054,20980,-7464
3999,-3584,-2947,15782,12944,-80
7232,-3584,-6719,12798,5240,440
8196,-3568,4548,11746,3788,304
6746,-3552,16656,12046,5128,-88
3998,-3568,13479,13854,8332,-1800
1
-17959,-3552,-32598,31817,32467,-32768
-31903,-3568,-32598,31817,32467,-32768
-30799,-3600,-32598,31817,23844,-32768
-2408,-3616,-32598,31817,-10796,-32768
-1823,-3568,-32598,31817,-20804,-32124
-3526,-3568,-32598,31730,-17416,-19892
-4768,-3584,-26633,18354,-11380,-2552
-6902,-3600,-21090,10822,-15236,-760
-6078,-3584,-10350,6482,-15636,3600
-5267,-3584,4203,3174,-11432,8696
-2316,-3600,7199,3058,-9084,7136
4429,-3584,8032,2110,-8040,5864
10038,-3584,14023,3574,-5532,3252
12558,-3600,18327,2742,-1336,2948
11628,-3584,18412,5098,204,1140
8607,-3552,20613,8554,692,-1116
5313,-3568,-32599,15026,5916,-6628
6178,-3616,-32599,22258,20176,-8892
10640,-3616,-32599,23534,32467,-6512
3611,-3568,7708,25530,32084,-5636
-1651,-3616,26412,27922,23424,-4856
2164,-3616,-32599,27970,30684,-7392
3254,-3600,11410,22854,24408,-6504
-422,-3568,28715,20122,14688,-6280
1593,-3568,21519,17782,15700,-5808
1746,-3552,14475,16926,14748,-4540
-651,-3600,11224,15922,12072,-3796
1455,-3568,14319,14834,11980,-5368
3810,-3616,8149,13010,13856,-3760
1411,-3600,-1167,12754,11392,-2396
1
-4177,-3568,-28840,10866,-14360,15188
1075,-3584,-2644,11934,-18312,-1304
5341,-3584,-5561,4214,-16400,3420
9678,-3600,5784,-4022,-13056,7812
6983,-3584,16544,-9182,-7376,11568
10723,-3600,21520,2174,-4180,5528
16752,-3600,12430,958,-2032,5284
19798,-3584,18894,-1758,1816,5404
16541,-3568,17543,730,5424,3284
12753,-3600,14607,-4558,6192,3544
6279,-3584,31040,-1230,13612,5404
1078,-3600,-32599,9742,32467,4236
5546,-3616,-4370,8542,21100,-4112
4494,-3584,10749,11982,11180,-1556
4842,-3568,-32599,14590,20424,2652
107,-3616,11530,18138,30820,-5244
3356,-3600,10721,21522,15660,-8300
4225,-3632,-32599,22650,21516,-4612
1972,-3584,19170,20542,27724,-2732
99,-3616,-3897,18770,17140,-4956
2048,-3600,1168,18870,10920,-4640
1110,-3584,14696,18738,11276,-2500
914,-3616,20262,17758,12696,-3536
4106,-3600,18625,16098,11800,-5644
4705,-3584,12057,14982,11516,-3204
2469,-3616,6526,14114,10172,-2768
1697,-3600,7414,14250,8696,-1736
2956,-3616,7402,13526,8828,-2816
3746,-3568,3111,13110,7824,-2308
2725,-3600,1604,13534,6596,-1524
2159,-3616,5042,14054,5964,-1668
2715,-3600,5666,13962,5588,-1716
1
-23147,-3616,-32598,10706,32467,-32176
-5320,-3584,-32598,31817,32467,-32768
-32558,-3584,-32598,31817,32467,-32768
-11580,-3600,-32598,31817,32467,-32768
6114,-3616,-32598,31817,-5524,-32768
1925,-3568,-32598,31817,-11496,-32768
-14178,-3616,-32598,31817,-9444,-23756
-22662,-3600,-32598,25766,-17208,-18884
-4184,-3600,-7328,20898,-24400,-19648
-9173,-3584,-7746,9478,-12912,-1464
-12116,-3568,3576,10078,-12420,424
-7467,-3600,8384,8782,-13220,520
4020,-3552,19317,7334,-10844,-288
12126,-3600,26908,6314,-5864,980
13856,-3584,26557,3462,-1492,1876
11298,-3616,25210,4166,-2604,924
13398,-3600,-32599,6090,1852,-2644
15435,-3584,-32599,9762,9668,-1912
14203,-3584,-32599,10706,23560,-6212
16333,-3600,-32599,18246,32467,-6300
12033,-3616,5848,21418,32467,-4120
14884,-3584,-32599,27594,23808,-10564
21870,-3600,-32599,24826,32467,-4428
15166,-3616,2005,24218,27732,-2696
3807,-3616,4918,25034,19820,-904
-7409,-3600,22594,27406,18332,-1916
-6773,-3616,31979,24514,19888,-7708
-718,-3632,15718,17938,16836,-6628
4870,-3600,9435,15882,11952,-6436
8019,-3616,3555,12894,11196,-4972
7762,-3632,4414,10394,10736,-3288
8102,-3584,4293,10510,7168,-4900
1
-22467,-3600,-17537,31817,32467,-22176
-2102,-3616,-32598,31817,32467,-32768
5883,-3616,-32598,31817,32467,-24136
-23737,-3632,-32598,31817,32467,-32768
4820,-3616,-32598,31817,30348,-32768
2181,-3584,-32598,31817,-8288,-32768
-14324,-3600,-32598,31817,-8136,-32768
-5172,-3616,-32598,31817,-20912,-32768
-4846,-3616,-20259,24994,-30788,-3908
-3204,-3632,8699,17886,-26128,-6520
1745,-3616,17981,10782,-17484,2348
4881,-3600,11548,2494,-11420,12892
5849,-3632,14827,1970,-8184,10580
12591,-3616,16399,5122,-5612,6212
17390,-3600,19264,3650,-2288,3872
17032,-3600,17184,2938,3776,3628
11882,-3616,13831,5930,1420,1624
10696,-3600,27122,10514,4380,-4404
10836,-3568,-32599,14518,19344,-3900
8917,-3616,-32599,18918,24948,-5524
16866,-3632,15336,23218,26420,-10224
11133,-3616,-32599,26582,32467,-1612
5601,-3616,25728,24766,26608,-5944
13533,-3632,21600,27962,20892,-9680
14376,-3616,13090,30674,26092,-6816
10883,-3648,23794,25206,23340,-7204
6392,-3632,22333,16226,28300,-3908
2959,-3648,10466,14574,22596,-4636
2950,-3616,260,13934,15160,-3044
-897,-3600,-3136,12050,12072,-2216
-1589,-3632,1217,11882,8992,-2492
-254,-3616,5011,12714,7956,-3452
1
-8524,-3616,-25420,3010,-13520,14728
-3500,-3648,10586,7138,-16524,2692
1770,-3600,5846,590,-9536,10240
4887,-3632,5236,782,-7328,9412
7476,-3616,12856,3330,-6584,6016
6804,-3632,18443,1550,-4760,5092
7935,-3600,20210,3154,-2996,1876
10144,-3616,22463,5414,-704,-160
8129,-3632,28801,6286,8096,-1088
4709,-3632,-32599,10810,9716,-1896
8618,-3648,-32599,18878,15736,-7580
14359,-3648,-32599,24986,32340,-7532
5549,-3632,11562,17850,32467,6732
-856,-3616,2373,27134,15500,-7056
10740,-3648,-32599,31806,32412,-6784
9511,-3632,16743,21402,32467,-2364
3081,-3600,-11771,18898,20740,-3988
950,-3616,11821,16266,13892,648
926,-3632,25875,17002,13188,-2328
3316,-3632,21278,14510,13028,-3588
6333,-3616,14330,13602,14232,-3656
5283,-3600,8503,12950,11904,-2680
3186,-3600,10013,13430,9188,-2884
2141,-3616,12497,13702,10928,-2964
1773,-3616,8938,13246,9424,-3036
924,-3632,5701,13050,10252,-2088
-962,-3616,2191,12962,10068,-1412
-1902,-3616,337,13298,8720,-1172
-2717,-3632,-921,14194,8316,-936
-2698,-3616,-2746,14418,6384,-1236
-1504,-3648,-1345,14946,6444,-772
-1571,-3632,-1371,15066,6868,-480
1
-29832,-3632,-12809,14666,32467,7448
-15595,-3600,-32598,29558,32467,-32768
-5956,-3616,-32598,31817,32467,-32768
-28469,-3616,-32598,31817,32467,-32768
-2065,-3600,-32598,31817,11856,-32768
7892,-3616,-32598,31817,-29316,-32768
-2421,-3648,-32598,31817,32468,-32768
367,-3632,-32598,28070,32468,-32768
4592,-3616,-12427,14450,32468,-12044
1807,-3616,1733,13170,-22328,5504
10018,-3632,-2206,7670,-16352,3320
14319,-3632,21330,4018,-4880,10616
11224,-3648,31077,1306,7056,11800
6388,-3632,17030,2162,8332,9892
5191,-3632,7952,5410,2572,4756
4685,-3648,16333,6514,1344,2916
3555,-3632,18242,10170,4144,304
-2473,-3632,20167,14594,3032,-2264
-5977,-3648,-32599,23242,15216,-2652
-9090,-3632,-32599,31817,32467,-6080
468,-3632,-32599,29878,24444,-14744
9626,-3616,-32599,31418,32467,-13116
9564,-3648,20695,22502,32467,-2844
1134,-3632,2609,21838,19208,-5612
-2265,-3600,23987,22518,15296,-5088
-4065,-3616,27197,22034,21208,-6024
-2877,-3632,11490,18314,18088,-6808
979,-3632,5916,15970,14324,-5580
1637,-3616,8499,14678,14032,-2620
977,-3616,6791,13442,13732,-1760
478,-3632,1178,12162,11884,-1144
-683,-3648,-1959,11654,10368,76
1
-22247,-3600,-32598,31817,32467,-32768
-4262,-3632,-32598,31817,1228,-32768
7129,-3632,-32598,31817,-16956,-32768
-2419,-3648,-32598,31817,-29064,-32768
-7287,-3600,-32598,31817,32468,-32768
-16452,-3616,-32598,23354,-25304,-9708
-11022,-3648,-4965,7090,-22060,1480
648,-3632,4433,8538,-16812,1244
8835,-3632,24596,3446,-4464,7348
8483,-3648,23301,1142,540,8108
6838,-3632,12347,-2,732,8540
7512,-3632,14574,4034,-424,4304
8141,-3616,19530,6234,-1664,1776
5604,-3616,23837,8006,-232,124
3672,-3648,32419,13594,1768,-4712
3946,-3664,-32599,20074,7208,-7948
2116,-3680,-32599,27170,16192,-8740
1351,-3648,-32599,31817,27032,-15576
5384,-3632,-32599,31817,32467,-17044
34,-3616,7680,31817,32467,-8700
2756,-3648,13720,31322,21748,-12272
5916,-3664,-32599,21386,25232,-4560
5014,-3664,23538,15286,28636,-2360
3050,-3648,2301,11082,20840,-2344
726,-3632,463,12170,14924,-1000
-1131,-3632,3625,12594,12360,-940
848,-3648,7429,13226,9604,-1784
2528,-3632,8260,13114,10508,-2064
2630,-3632,2967,12634,9116,-2148
1358,-3648,2266,13102,8140,-1552
732,-3648,3637,13850,6864,-2012
1399,-3632,3307,12990,5156,-1840
1
9961,-3664,-32598,31817,-20184,-32768
-6582,-3648,-32598,31817,32468,-32768
-4970,-3648,-20248,29054,32468,-5168
-10263,-3632,8369,9574,-10764,-1700
-3195,-3664,11388,-502,-8512,2116
5095,-3648,25313,-10230,-2208,9292
7627,-3664,14865,-822,-3764,6592
10367,-3664,16704,682,-2536,5192
9885,-3648,17141,922,-2948,2668
8102,-3664,20081,1774,-3856,2044
4890,-3664,28209,5926,-1356,2336
1121,-3616,-32599,10862,3220,88
3643,-3680,-32599,15826,11096,-3108
2062,-3664,-32599,24462,16476,-1196
2658,-3680,22563,29734,20004,-8044
6814,-3648,-32599,31817,29204,-11520
3996,-3664,-32599,31817,32467,-10704
-5289,-3664,5499,30002,32467,-7820
-6405,-3648,12353,26202,22940,-5572
-2445,-3680,20336,20318,19032,-3664
4522,-3696,19504,16438,16408,-3748
8087,-3648,8946,13006,13896,-1684
6655,-3680,649,10418,10136,-496
2102,-3680,6188,10242,8156,72
1279,-3664,16380,12950,10016,-1700
3073,-3648,7890,14038,9880,-2360
3730,-3648,6039,13866,8256,-1788
3557,-3632,9352,13582,7476,-2076
3229,-3648,9017,13566,9192,-1432
1947,-3648,2153,13866,9488,-1408
511,-3664,-2189,13842,6632,-1352
-177,-3648,-1172,13698,6020,-1372
1
