s
-1394,-2032,-21729,8578,17552,-1832
-2030,-2064,11786,9586,11056,-4716
5913,-2048,17020,16714,16156,2656
4379,-2032,14994,16550,15556,1596
4042,-2032,9339,16114,14056,260
2108,-2032,9645,15158,7964,1004
329,-2048,15876,12458,8192,3780
-642,-2016,12294,12170,9332,4736
-563,-2048,4010,13126,10320,2412
-814,-2048,-3249,13646,10480,1496
-1859,-2032,-2759,14262,7748,1900
-2332,-2048,-2927,16874,11520,3768
-2573,-2016,-9699,14770,8948,2816
-3825,-2048,-11705,13774,6788,3440
-4529,-2048,-11229,15154,4348,4236
-3838,-2032,-8065,14698,3472,1936
-1986,-2064,-3473,13874,3724,1492
-171,-2064,-1209,14330,6020,1560
-110,-2048,-2317,14134,5884,1688
-1251,-2016,-3031,14446,6172,2188
-1987,-2032,-1859,14174,5924,1688
-1686,-2064,-813,13846,6072,1580
-1591,-2000,-1094,13806,7192,2080
-1955,-2032,-2100,13554,5180,2516
-2082,-2016,-626,13706,6696,2676
-1705,-2016,-743,13786,6696,2392
-1393,-2016,-1125,14050,6892,2332
-1649,-2032,-1218,13974,6484,2764
-1791,-2032,-1190,14066,6716,3064
-1573,-2032,-601,13978,6604,2680
1
-7010,-1984,11837,31817,-30100,32156
4286,-1984,5212,31254,-5716,12120
6714,-1984,-18224,16050,-8148,13284
5579,-1984,-3515,19762,-7472,-428
21921,-1984,-32599,16558,5132,-4596
-32559,-2000,21201,16670,23492,4020
20889,-2000,18387,9286,21768,-2352
23330,-2000,9640,12122,32467,-6512
16481,-1968,16256,7438,27700,-452
20437,-2000,22906,1718,30820,-4532
14367,-1968,3436,-1554,20616,-4824
14570,-2000,-5292,4366,15192,-7952
16102,-1968,1269,9014,10600,-3472
14685,-2000,20319,15522,9444,3308
15829,-2000,-32599,28346,15168,-4208
18443,-2000,-32599,31817,19464,-6964
18717,-2000,26830,31817,32467,-5520
10908,-2016,1541,24506,23332,-13804
1792,-2016,23963,16754,12424,6980
5577,-1968,27646,19094,15520,2772
3827,-1984,1984,10942,16396,3188
-216,-1984,-7210,9438,8360,3568
-1024,-1984,-5837,12402,6212,688
9915,-1984,9660,8998,18120,15480
-8068,-2000,1259,11618,9220,3664
-2071,-2016,1002,14010,10660,1068
-2395,-2000,-4486,12618,7996,3112
-3457,-1984,-2134,13282,9664,3576
-3653,-1968,-1866,13354,8964,2164
-4489,-1936,-2395,13406,8440,1592
-5344,-2016,-2662,13854,8660,836
-6335,-1984,-6835,14306,8748,864
1
-2346,-1936,-32599,9790,32468,18728
12696,-1984,8040,8630,2952,13696
13643,-1936,-15774,3274,-1700,16832
10564,-1952,-7215,4678,1016,10104
15211,-1952,256,3750,8588,2620
25297,-1968,5835,-514,17188,7316
22694,-1968,1187,-1378,12868,9588
18829,-1952,6434,1046,9364,2804
23613,-1936,6795,6250,17112,-1740
26837,-1968,5236,6302,19336,3248
21758,-1984,-3284,4974,17324,3944
17717,-1952,1606,5890,6800,3256
23443,-1984,8264,4814,1912,-1252
18875,-1968,13930,6306,896,-1028
17007,-1968,20962,21326,9300,-10124
11433,-1984,25399,31817,24980,-1152
-4707,-1984,-4162,31817,32467,4376
1380,-1952,-32598,17178,32467,-28428
-17322,-1968,-32598,4910,15544,-1124
2013,-1952,-4235,14530,13968,14784
7060,-1984,18800,8110,-4348,5884
16602,-1936,-32599,6694,6172,6408
6949,-1952,17093,9142,12088,6724
-5443,-1984,10253,11094,13252,4220
4672,-2000,7768,13626,12540,5880
-5779,-1920,-2045,13050,8016,3364
-162,-1920,-1426,14782,10840,3280
-2988,-1968,5389,13394,9476,4856
-2342,-1968,6650,13838,6928,5736
-3951,-1920,3964,13082,7188,5152
-4932,-1968,1117,12938,7492,3484
-4498,-1952,1048,12734,7116,2796
1
-12346,-1952,-195,28854,-28052,9056
-6408,-1936,5264,17414,-16832,7592
-253,-1936,-7091,10882,-6804,4172
3216,-1920,-2459,6786,-4928,5760
5194,-1936,-248,5158,4780,3184
8191,-1936,-2875,5614,9112,11032
8013,-1952,-5665,4146,10576,9948
9401,-1904,12184,2914,4876,5284
15241,-1968,18869,7462,11832,2764
16952,-1952,24665,9698,20500,4584
15750,-1984,21778,6610,21072,3160
16451,-1968,16132,8706,19432,-4036
19065,-1968,29198,18054,19180,-4232
16997,-1952,-32599,16454,30876,576
20344,-1952,14336,12982,28728,-5752
18641,-1952,-2909,20582,23832,-5920
9396,-1936,17627,23142,21692,7280
8190,-1936,23139,22706,22264,-2156
16903,-1920,21608,27594,20956,-9000
16169,-1952,17156,28318,17880,-2384
15004,-1936,17217,26114,23712,-1020
-541,-1936,18756,18282,20696,-7612
19283,-1920,-32599,13910,15300,-5752
1584,-1920,14205,11778,21740,-2292
1701,-1904,5436,10166,17452,-2740
1326,-1968,-2107,12886,20064,-116
-2594,-1952,1980,13630,17592,6392
-2938,-1952,4005,16150,19688,5928
-2883,-1888,-1252,17702,15852,6056
-3716,-1904,-4779,16074,12040,5580
-6344,-1936,-9268,13794,9780,6428
-7070,-1920,-12180,11322,7652,5592
1
17718,-1920,2761,23798,32467,-7248
7013,-1952,-2063,14958,19616,-7656
2064,-1952,6947,18406,26396,-6280
2144,-1936,24682,17942,26548,3248
-581,-1936,-16280,16574,23424,-1212
-5100,-1904,-17019,13050,11688,-1008
-1967,-1936,29304,13782,7632,2684
14701,-1920,-32599,15438,6860,2908
3056,-1952,8282,12582,9752,1000
3981,-1888,11838,12318,7032,364
6882,-1920,16681,13218,8548,1512
1090,-1952,8217,12978,10040,1488
-781,-1936,2602,13238,9384,1828
-1358,-1936,1350,13782,7780,2772
-1953,-1968,1148,13614,8120,2892
-2691,-1936,790,13534,7540,3028
-3158,-1936,-108,14138,7260,3640
-2551,-1936,-342,14286,6692,3628
-1981,-1952,952,14134,6088,3400
-2165,-1936,1475,14294,5808,3516
-1565,-1936,2718,13938,4656,3484
-890,-1920,3750,14322,5676,3556
-1203,-1920,989,14658,6620,2952
-1931,-1952,-1754,14618,7332,2048
-2655,-1952,-3167,14950,9188,788
-3835,-1952,-5090,16318,17448,1792
-4492,-1952,-14821,19798,21904,-708
-5878,-1952,-17983,20302,19296,-412
-5816,-1952,-13805,17826,17332,256
-5759,-1952,-8567,14130,14480,1764
-5916,-1952,-8364,10370,11044,2064
-6548,-1952,-8610,6714,7072,2136
1
4923,-1920,-12777,7606,2548,9736
6004,-1936,-28872,-4254,10124,11192
3806,-1952,-2416,-12450,13072,12828
3003,-1952,-32599,-22706,24968,14176
8337,-1952,20188,-18166,30396,11932
1408,-1952,-2162,-13814,15696,10068
644,-1920,1044,-8138,8660,10656
1505,-1952,4197,-3906,4252,10084
3812,-1952,2421,-2450,3712,11488
8948,-1936,2122,-2378,-1996,11956
8121,-1936,2485,-1706,3060,10196
10215,-1936,1298,-1578,5688,9424
12882,-1936,-4,-1466,7520,9184
12501,-1936,2904,-478,5512,7984
12418,-1952,8896,1806,7604,7652
15030,-1920,9800,3898,15028,4260
17116,-1952,6031,2650,15596,3812
17703,-1952,11163,3346,13484,4848
19229,-1952,17867,13162,21928,8388
13059,-1952,499,8978,20820,4024
9426,-1952,3714,7394,12656,-484
8630,-1952,13828,11166,17796,-1468
9715,-1920,8577,15990,25772,628
6228,-1936,-210,13594,21368,1120
2481,-1936,2298,14430,18584,1060
1344,-1968,6793,15450,15764,132
2303,-1968,10845,15462,17424,-80
3099,-1936,10610,15518,16576,1668
4799,-1984,4818,14522,13488,4304
-623,-1920,-11514,13546,11632,2980
-4131,-1968,10197,14386,12444,3536
-4542,-1936,19821,14426,12200,3264
1
-13020,-1968,-32598,31817,5048,-23764
-11587,-1984,-30180,31817,-9728,-13820
-8700,-1952,-18008,30014,-14112,-13352
-11060,-2000,-5308,21206,-6136,-9760
-1842,-1968,-3819,21106,-356,3604
-12209,-1968,-32599,590,-11196,7868
10784,-1984,22351,6842,10668,9828
8393,-1952,10016,-4734,6064,9036
8308,-1984,4511,-12758,2672,15788
5312,-1984,4673,-12054,11636,14260
1371,-1968,-4374,-12170,12044,13812
1530,-1936,-11687,-11422,8640,13536
2257,-1968,-1416,-12998,8600,16312
197,-1968,-4703,-9394,8700,14920
3462,-2000,-8351,-4462,5592,10780
5082,-1984,-7888,-4490,2240,12144
4954,-1984,-829,-3622,3400,13532
6822,-1952,3333,-2010,6864,13276
9780,-1952,869,-3486,7688,10472
9840,-2000,2478,-5870,10208,11748
10054,-1968,3342,-4450,13124,11720
11727,-2000,-2197,-2558,12880,9472
12167,-1984,-3591,-3534,10156,10700
12824,-1984,4663,-1010,10232,9432
15138,-2016,5935,1406,14788,7868
16516,-1984,-55,-726,19276,6508
13546,-1984,2673,-334,16532,6912
12363,-1952,7850,1286,15392,5084
12661,-2000,6674,3014,21348,5496
12044,-1968,1739,2578,21276,6480
8730,-2000,-696,1986,16116,5544
6603,-1968,1952,4730,15248,3800
1
-12866,-2032,-32598,31817,-2772,-17064
-9288,-2048,-19772,31817,-29260,-23340
-14747,-1984,-3062,29042,-20496,-19788
-15253,-2016,7213,31274,13852,6120
-4736,-2048,-32599,28838,12656,17188
7451,-2064,-32599,8334,-4960,10780
16377,-2032,21677,198,160,8888
12321,-2032,1503,-1998,9148,8808
10818,-2000,-4207,-8958,14872,13280
6300,-2016,1851,-8262,14588,13056
2635,-2032,-6445,-9342,10684,10920
6791,-2016,-6584,-12210,11944,11924
5960,-2048,-8821,-6638,12268,12756
5663,-2016,-6175,-6038,9008,10856
3321,-2048,300,-5542,9480,8192
5393,-2064,3752,-2878,12396,7588
6184,-2000,4244,-2374,13944,9096
6220,-2032,5951,-2242,12012,8828
7813,-2032,8077,-1330,12920,7208
9513,-2048,7087,-622,16652,7900
8238,-2048,7659,-926,16536,11384
6665,-2016,8216,-1350,14992,8548
8732,-2048,4786,1830,19472,7420
7893,-2048,-194,850,17872,9780
2698,-2016,3755,-358,12848,9040
1244,-2064,4250,4610,16248,5656
1443,-2064,-533,7134,20240,7660
585,-2032,-954,5958,15152,7084
-1536,-2000,5025,6642,11696,5940
-2160,-2032,9966,7942,13068,5180
-3282,-2032,12367,10158,13652,7496
-3598,-2000,12370,11018,11896,6016
1
400,-2064,-11855,28654,-23516,-14476
-6281,-2064,-557,23702,-15704,-13268
-6709,-2064,-6937,24642,-13708,-1516
-6727,-2064,2925,12718,-14616,8356
1168,-2032,14220,5582,6640,17404
2141,-2064,6920,-1850,10880,18044
5267,-2080,7343,-3126,10296,13228
8464,-2016,5634,-422,9076,10232
8709,-2048,5142,-5674,8144,10968
7099,-2048,5129,-6258,12288,10928
7226,-2048,367,-2966,12692,8804
7029,-2048,-2289,-2030,9940,7664
5230,-2048,6058,-3230,10348,11548
6316,-2064,10193,382,12644,7312
11730,-2032,4380,3702,16004,2816
12743,-2064,-523,3566,13544,5088
9370,-2032,9527,5586,9972,4908
9411,-2048,17046,5486,15952,3100
12160,-2032,16368,8490,22644,4528
7954,-2032,14385,6898,18436,5932
5880,-2048,19186,8346,20724,3816
9413,-2048,11899,13170,25992,796
8013,-2048,6946,11690,19236,1880
3472,-2048,19041,14502,17296,5564
3627,-2048,23155,16154,20012,1240
5274,-2048,14531,16902,17376,-3736
2136,-2048,1505,14954,14400,2864
-581,-2064,11659,16410,10012,3220
4340,-2064,23984,16474,8564,-272
4169,-2064,25124,16734,4476,-376
6228,-2064,23711,15174,7368,3856
3087,-2064,18557,15726,8000,2836
1
-1301,-2016,28799,26826,-24216,16616
31383,-2016,-32599,10286,21016,-664
23253,-2048,15525,2906,25456,10276
16361,-2032,-12942,-13162,21608,6288
10494,-2064,-12676,-9806,7292,6340
5060,-2032,-7459,-10090,14152,6496
2789,-2032,-17363,-16174,16852,8372
1731,-2032,-12618,-8062,9196,9020
2204,-2048,-3532,-7570,6452,9484
3933,-2048,3929,-8666,9252,9448
7528,-2048,9428,-6114,14148,8660
9173,-2048,8052,-3646,15632,9112
8648,-2032,7199,-2302,11896,8352
9810,-2048,8580,-1522,8732,6232
12918,-2032,9461,-462,11924,5408
14469,-2032,8976,-282,11724,7260
14310,-2016,12780,126,9652,7312
15469,-2048,14807,4518,16884,4056
7575,-2064,9317,7338,17772,5420
8399,-2064,3889,9810,24296,1760
9761,-2016,-15635,10158,26148,-1232
2379,-2048,-7999,8530,15076,6404
-684,-2080,1297,12790,12204,5252
727,-2048,5005,14246,14244,3476
2458,-2048,3812,14438,12948,4132
-2272,-2032,4989,15322,2200,5592
-592,-2064,-8573,16370,12668,6188
-5689,-2016,-12090,17926,9412,4748
-5328,-2048,1356,17522,11724,6072
-7043,-2032,10554,15318,11352,5084
1
11486,-2080,-32599,11270,-26052,-3188
12115,-2016,6359,-6866,4688,15032
8646,-2080,-410,-6838,14500,9108
6510,-2064,-4633,-7086,10484,352
5779,-2032,-8466,-6270,7268,8256
2377,-2032,-1986,-10686,9592,14040
-1975,-2032,182,-6262,9620,12948
2724,-2048,1944,-2294,11284,8752
8740,-2016,6020,-3610,12224,10396
10445,-2016,9331,-3458,12444,11100
11688,-2032,12739,-166,13284,9248
16233,-2032,8937,-1306,15088,8096
17841,-2032,2772,-1318,13592,8124
16850,-2064,1792,3050,12496,5836
16195,-2048,7114,1934,12764,7080
18991,-2016,11745,7362,16360,4400
22412,-2016,9945,8378,17636,2532
20762,-2048,8090,6066,13000,4152
17579,-2048,10977,6822,21152,3704
16272,-2080,-527,10046,29660,3904
11879,-2048,-2465,8430,17212,6992
4416,-2048,6255,7818,14244,1012
1154,-2064,5944,11914,24344,1908
-1175,-2032,-9862,12978,22844,3532
-6841,-2032,-13528,11254,15352,4724
-8795,-2064,-6845,12830,9820,4844
-7649,-2032,3548,13270,9076,4592
3793,-2048,12902,19750,6128,8796
-2711,-2048,5554,17790,7448,1708
-1311,-2032,17685,17274,6604,4008
-4984,-2032,27305,17050,9864,3140
-467,-2048,16858,19430,9504,3964
1
22438,-2032,12081,8006,2336,11676
16884,-2032,8032,-1122,12580,14344
14774,-2048,1901,-3690,14036,12700
13294,-2048,-6065,-4438,13988,6316
10689,-2032,-1997,-6914,8604,8956
8624,-2000,3721,-4586,11216,9604
10672,-2032,4856,-2330,16728,9112
11052,-2064,6018,-4398,19880,8364
11554,-2048,6051,-1594,15556,5744
12116,-2048,8619,-1606,20104,4980
12559,-2032,7776,-2142,23072,7772
11424,-2064,2427,-1578,20016,6608
10593,-2016,589,690,18168,4348
12354,-2016,5013,1262,18712,4520
13679,-2064,7684,862,19064,4012
14794,-2016,8835,2466,18692,5676
13430,-2048,8905,3506,16776,4484
13670,-2048,5265,3314,18896,3440
13034,-2000,2194,4142,16008,3424
11293,-2000,2354,4390,15040,3628
8434,-2048,3251,7082,15812,3488
7820,-2016,3866,6554,15900,3296
6465,-2032,3390,6374,15796,4684
4557,-2032,3969,9218,14228,4376
2833,-2016,3973,9926,15052,5512
-2131,-1984,-1931,16950,9000,-252
-387,-2048,-13563,14834,14428,1508
-5253,-2032,2069,13162,11748,5256
-4434,-2016,10453,14198,10776,5256
-4925,-2048,14041,16326,11680,3892
-6920,-2032,10302,16242,10504,4624
-7780,-2064,9174,15998,11076,3796
1
17576,-2032,2411,-3750,7680,8380
12193,-2016,-2902,-2554,13456,6592
9714,-1984,-7103,-2318,12032,4784
10891,-2016,3112,-3662,13276,6736
12978,-2032,13463,-5490,15404,9880
13975,-2032,15710,-5590,17340,7060
16283,-2032,12437,1458,19728,3248
19357,-2000,10110,-7506,21928,5212
16509,-2000,9102,-6710,25752,7876
15427,-2016,1559,314,25020,6596
13526,-2016,-6230,-2714,21540,5160
9920,-2016,-4452,22,16020,5432
6434,-2048,-6668,-3162,11168,11180
-309,-2016,-6302,-2246,5712,12848
-70,-2016,-5296,5870,23324,9728
1087,-2000,4034,5798,12476,9056
824,-2000,-334,6002,13904,6768
-274,-2032,-253,7042,12640,8540
120,-2032,3442,16678,22972,2404
-2927,-2032,-18054,7134,13716,8244
-5284,-2000,-435,8038,12396,6784
-3113,-2016,14373,8966,11740,8844
-2955,-2016,22860,9502,10468,8456
-1223,-2016,22944,10550,11060,5576
-1374,-2016,19364,12066,10052,2396
-1647,-2016,17000,13418,12040,4512
-1764,-2016,12380,14782,11524,3808
-1199,-2000,10045,16094,10288,3300
-1765,-2032,10843,15902,9788,2948
-2658,-2032,10909,16742,10588,3012
-2714,-2000,7997,16894,10008,3040
-2778,-2000,5916,16550,10084,2548
1
10647,-2032,-32599,12042,5716,19672
6225,-1984,2513,6678,2868,11148
13396,-2016,1024,-3186,11500,10612
16164,-1984,15774,-7966,10108,10844
6473,-2048,-5590,-1354,14356,7604
5305,-1984,-15472,-7970,7788,11124
6012,-2000,-9377,-6478,5684,9768
8240,-2032,1042,-8634,8468,11460
8641,-2048,6390,-7838,10320,12756
9218,-2016,4055,-3382,12172,8112
12707,-1984,4465,-5646,16044,8476
12677,-2016,3002,-5774,16360,8256
12547,-2016,2209,-2294,15664,8096
12343,-2016,3310,-1686,16020,8352
11699,-2000,5686,-1486,14152,6280
11689,-2000,10844,-98,15540,5148
12315,-2000,11497,2274,19044,4964
12008,-2000,7624,2354,20560,5668
11402,-2000,1468,2242,17444,3600
10426,-2016,-1386,3074,18224,3644
8466,-2000,-696,6450,17456,3636
5783,-2016,1993,6626,14316,3612
2322,-2048,8530,6562,15496,4132
875,-2016,8363,8518,17088,4180
114,-1984,933,8586,15992,3208
-1227,-2032,2746,11554,22956,5192
-7720,-2000,-25085,11746,17684,2208
-8487,-2000,977,15466,13156,2240
-8380,-2000,9560,14778,10052,2568
-6655,-2032,17424,16674,11192,4216
-5318,-2016,23389,20754,10416,4008
-4735,-2032,19374,21706,13428,3288
1
-27020,-1984,-14209,30082,-16884,-21816
-21344,-2032,-9696,27942,-3396,-8176
577,-2000,-32599,29294,-22428,-6536
-11501,-1968,10684,20174,7648,9732
8277,-2000,5664,11878,10004,14624
18542,-2016,9996,-1786,3656,17512
14491,-2016,-1148,1570,9356,7100
13515,-2016,-17777,-4990,3636,9744
11376,-1984,-7854,-5490,6776,13788
11246,-2016,-2380,-4342,11444,12568
10975,-2016,-3667,-7554,11100,9480
10260,-2000,1749,-8466,13788,9388
10415,-2000,10099,-5726,18816,12868
12724,-2000,7349,-7794,20856,6352
13797,-2000,-1587,-7338,18780,5876
13640,-2016,-4184,-5138,14824,6204
12907,-2000,-686,-2642,12896,7928
12971,-2016,3260,-3198,12196,6400
14009,-1984,5146,-2206,11636,3400
15511,-1968,7519,-1830,12856,4416
13280,-2000,11197,-418,13980,6196
13326,-2000,9015,1162,15872,2348
14764,-2000,5059,1954,17488,3236
11613,-2000,13132,5334,11888,5984
6917,-1984,23414,6138,16088,4896
8707,-2016,10543,15302,32467,-6668
8318,-2016,10599,16982,19856,-6180
5835,-1984,16168,18486,20760,-8
12568,-1984,8132,13778,6592,-1232
2074,-2016,30331,18438,15128,-1772
6768,-2000,21728,20990,17280,-268
6065,-2000,15539,20402,18776,304
1
-11314,-1984,16477,31817,32468,-16820
-10903,-1984,-9333,31817,-15832,3440
-11665,-1984,-32599,18914,-18740,3504
18726,-1984,10556,-5434,23324,17560
16168,-1984,9391,-642,20880,14324
14422,-2000,2772,-1466,13944,4372
14194,-1968,-3335,-7126,13880,5328
13956,-2000,-855,-9146,11132,6940
12177,-1968,-91,-4966,11888,6620
13155,-1968,5628,-3922,13140,8092
10800,-1984,9906,-2958,13956,6692
13503,-1984,12817,-1226,14048,3396
17686,-1984,16204,-942,14600,1444
18504,-1968,17446,-338,15828,2644
20562,-2016,10125,2542,22840,1496
20984,-2000,-1901,4394,20612,-1464
17344,-1984,2473,4478,13892,-780
15195,-1984,16285,3326,14740,624
14285,-2016,20920,8150,19352,1104
14392,-1984,11715,8666,19860,228
12689,-2000,2118,9822,18320,-1752
9165,-2000,-404,11066,13572,-2164
6467,-1968,5124,12566,10408,-860
5686,-1968,13355,16586,10264,-1400
9763,-1952,26967,15854,-1880,5144
2430,-1952,-4646,24950,19224,408
-1145,-1984,-18269,22394,26952,432
-4571,-1952,-32598,16382,30544,1680
-8442,-1968,-22817,13294,-10988,3204
-8975,-2000,-8284,16242,4936,5172
-7615,-2000,7969,14930,5796,4560
-1773,-1968,-32599,16894,10732,-640
1
9467,-1968,4163,11126,14204,5116
10983,-2016,-4999,-13666,4648,10148
2621,-1952,-12432,-14518,19600,18044
5685,-1984,-6217,-9342,13016,12516
8153,-1984,-2453,-12174,10348,11028
8142,-1984,-3193,-8782,5408,9200
7356,-2000,2630,-7630,7460,12928
6231,-1968,4766,-6838,10660,11616
5792,-1952,-2113,-9786,11996,8836
7665,-1952,-765,-5726,12924,7456
8030,-1968,5505,-2330,12432,11268
8056,-1984,11753,-3822,13756,10652
8694,-1984,10938,-3022,14292,5984
13478,-1984,6304,1486,19748,3880
13074,-1952,583,46,18724,8804
8155,-1968,6462,-1106,12188,7400
6409,-2000,10507,94,14040,3512
9438,-1968,6526,2578,17720,2736
7612,-1984,5819,4542,16952,5380
5469,-1984,9343,3498,14124,3964
5240,-1968,8996,8126,17112,-112
5050,-1984,6464,4194,20100,5032
4033,-1984,6053,6706,8432,6388
2739,-1952,11889,8646,13764,3536
3171,-1968,12773,11802,14972,2764
-6430,-2000,19767,-4834,-8264,12944
-324,-1968,-3157,4298,11492,8204
2780,-1936,1157,15174,13620,6444
274,-1968,6838,17138,14544,2732
-2338,-1984,5637,17502,11940,2096
-2838,-1936,1504,17702,12088,3096
-4412,-1984,-4436,17038,12732,2112
1
-11598,-1968,-17435,31817,32468,-12716
22012,-1968,-32599,31817,32468,4228
-3999,-2000,7542,21550,-12984,16176
16063,-1936,8518,-4430,-5620,6784
3693,-1952,-13658,-10474,17560,2416
3527,-1984,-18900,-11618,14600,9004
7329,-1952,-3219,-12482,6756,14544
7668,-1936,1835,-9186,7004,12992
8524,-1968,-518,-8406,9348,12148
8284,-1968,-447,-6930,8272,12236
7470,-1984,-38,-8294,9028,14464
4457,-1984,2284,-7718,8792,12376
5794,-1968,3536,-4930,13308,9496
8303,-1968,669,-3762,15504,10084
7665,-1968,1376,-5054,11876,11212
6092,-1984,7224,-3274,10888,8360
8619,-1952,7344,-1366,16992,7844
10062,-1952,-633,-1414,19752,9200
7994,-1952,-2200,-2378,12288,6620
4801,-1968,7358,-1886,10220,6584
3506,-1968,14177,1446,14532,6256
3653,-1968,11477,2410,16944,4900
3456,-1952,8083,846,13816,5668
-537,-1952,2051,3690,18856,8016
1790,-1952,5566,11234,16572,1168
-168,-2000,5413,7278,13220,3584
-3524,-1968,10901,10006,12536,4100
-8626,-1936,8819,-4954,13084,9112
-2961,-1952,11593,10598,9160,6552
-5414,-1952,13952,14682,11944,3400
-4189,-1952,15768,10930,4904,5504
-3158,-1952,14718,18010,12388,2120
1
-19020,-1968,-23494,31817,-3944,-19828
-18936,-1952,-12609,31817,-18564,-14656
-14966,-1984,-5027,31817,-19816,-1852
681,-1952,-32599,16242,-30700,3232
1295,-1920,1403,6790,3124,2324
4972,-1968,10394,-1166,9248,6564
7725,-1968,9898,-7734,17828,12600
11305,-1936,5131,-7122,13864,12860
11568,-1952,-4146,-7846,13140,10040
10775,-1936,-8838,-9666,12884,14804
14203,-1952,-5030,-6150,12228,15232
13324,-1952,-2943,-7246,8940,10828
9781,-1952,-534,-9946,7984,8076
9563,-1952,2470,-6410,13820,9824
11493,-1936,363,-3386,14600,7852
10147,-1968,-1823,-3374,9852,8044
6060,-1936,3764,-1902,7044,7736
7103,-1968,9289,1742,12844,4116
9772,-1968,5497,3238,16092,4564
9484,-1952,6840,1002,11336,5092
7159,-1984,16370,1470,9136,3232
7945,-1952,19407,10058,20272,4160
10146,-1952,12035,9894,21620,3848
8284,-1952,10687,6378,13224,1648
6593,-1936,21332,8954,12400,1212
7710,-1936,27151,14158,16012,7740
7835,-1936,1540,24206,29716,-6304
820,-1936,1272,15082,13792,1444
-2012,-1968,6053,18782,11976,2224
-8342,-1904,4232,21490,5060,676
-386,-1952,-9527,24766,21180,4612
-4028,-1952,-30573,24390,19172,2352
1
19588,-1936,-32599,23826,11344,17440
10138,-1968,18632,4902,-1400,14236
9566,-1952,4982,-2806,8168,6992
14678,-1952,5848,-8014,10492,5076
4687,-1952,-16373,-7794,7996,7884
3779,-1920,-6017,-8222,4652,11668
4200,-1936,2613,-9154,6968,10696
7458,-1936,12818,-5826,8804,10748
10373,-1968,16956,-3658,11856,8420
10987,-1920,21428,-5454,12744,9220
12215,-1952,20825,-3146,17756,8616
14485,-1952,6719,1434,23388,5780
14634,-1968,-2016,1362,19080,5016
9283,-1936,6754,-2406,13420,5616
7369,-1920,12895,1318,17616,2584
10298,-1920,11614,6926,23816,3160
9395,-1920,3470,4750,21260,2668
5968,-1904,7619,2778,15264,3156
6175,-1936,11196,8126,18880,2888
5520,-1952,7224,8290,18248,2668
2192,-1920,7899,6354,13660,2424
-1187,-1952,12905,5646,8340,4192
2219,-1952,13819,12390,22600,-3660
2146,-1968,16938,12886,15916,64
-3004,-1936,10645,6890,16748,-364
2713,-1968,17079,11514,7652,-1648
6437,-1952,4841,19150,14216,-896
4079,-1952,-4001,16310,13608,1304
3362,-1968,-3499,16702,13356,1916
329,-1936,-4817,15210,13056,2860
-3995,-1936,-10396,16462,10384,1228
-4624,-1920,-13656,15702,8540,2228
1
-22042,-1952,2369,31817,-28572,-8896
-17385,-1920,-5272,31450,-13456,3728
-13433,-1936,-32599,19242,-16012,13988
18258,-1936,31394,11950,21456,11896
14505,-1936,3385,-2002,14116,10744
15220,-1920,2803,-5734,7600,7644
11138,-1920,9551,-7430,5804,5400
10343,-1952,3151,-7946,9888,8860
12459,-1936,-1939,-7190,14924,9128
9620,-1968,-6665,-6054,10292,10284
9952,-1936,3625,-8250,11384,7460
11484,-1952,2906,-4954,16928,4464
13691,-1920,-521,-1590,22800,7356
11381,-1920,4463,-3170,14556,7476
7220,-1936,9626,-2642,12804,2540
10444,-1936,7595,54,22088,2200
13178,-1936,5824,1186,22596,4964
12497,-1920,9009,82,15004,4556
12597,-1952,14616,2086,16352,172
14368,-1952,14714,4782,20792,1816
13558,-1920,9926,2522,19244,3160
10469,-1936,9696,3034,16168,1240
10437,-1952,10079,6494,17868,-940
10139,-1920,11100,5822,15716,-832
9276,-1952,17646,5898,13052,-284
9055,-1920,21947,10778,16728,372
8238,-1968,16888,10594,18036,-412
7317,-1936,7868,10114,13968,-2344
-4496,-1904,-13662,12926,14120,-4992
992,-1920,945,10590,8384,-1228
5477,-1952,-14142,16686,12152,-648
496,-1920,-3254,14758,11640,1012
1
-10550,-1920,29905,24378,1068,13392
20727,-1888,-32599,19322,32467,-888
17304,-1936,5870,-2198,12936,10088
14464,-1904,820,-5862,7228,8608
6238,-1936,-3438,-4486,5296,4752
12470,-1920,5313,-5506,5724,7896
11187,-1984,2035,-4010,12560,11500
15722,-1936,6649,-5826,10024,12292
14140,-1936,14554,-6450,13008,7196
19016,-1920,7592,-1102,22148,3064
20726,-1920,2096,-2314,20840,5588
15731,-1888,6961,-5226,14960,4212
14378,-1904,9490,-1094,17688,-300
17539,-1936,7858,1594,22628,1196
15661,-1920,8675,-646,19276,1572
12612,-1920,11165,-1086,16160,60
14074,-1904,11106,2634,22552,-1968
16065,-1936,4280,2858,20876,-4
12171,-1920,5087,1082,14704,1332
9530,-1920,13567,2158,13048,948
8952,-1920,15830,6082,20504,1544
11013,-1920,2840,7322,21072,-1652
7245,-1904,-2109,5242,11352,-168
4379,-1936,2014,9130,13760,276
2158,-1936,2954,158,1940,6656
1704,-1920,-2404,3846,-1128,7868
-2168,-1920,2572,15342,9992,996
1103,-1936,15969,22898,14312,3440
605,-1904,2727,21538,18468,2832
-1519,-1936,-10940,17910,14544,-876
1
-26437,-1904,-32598,31817,-13976,-27032
-21398,-1888,1974,31817,-15168,-10424
-9007,-1952,19846,31817,32468,24696
3803,-1920,-32599,22302,-21028,7044
8202,-1920,2009,6730,-3052,10596
11559,-1904,-446,4562,14932,3908
13924,-1904,-7445,-6954,9052,7788
9865,-1904,-10874,-4338,2768,9836
6078,-1920,133,-6078,7528,12656
8576,-1888,3327,-7154,14796,10556
11117,-1920,-2128,-5798,13704,7296
11912,-1920,251,-6718,10076,6268
9592,-1904,8963,-6650,11288,8424
12011,-1904,13445,-4170,15288,6872
14609,-1904,10322,-3106,16548,3952
15894,-1920,5639,-3310,15960,3856
13902,-1888,8523,-2714,11848,4916
12129,-1888,17162,242,13888,3576
14399,-1936,18661,3546,20520,2188
14215,-1904,14871,2742,19780,1788
11400,-1904,14331,6942,21596,-332
9317,-1920,11561,8626,24508,1812
8404,-1888,4438,3698,22828,3720
4667,-1920,2471,3726,17792,2704
1578,-1936,12218,9154,16996,2208
1048,-1920,16820,10482,17156,1764
2351,-1920,13098,8578,16524,2400
-8586,-1888,-13343,16678,6628,-1388
-2203,-1920,3480,10010,11988,3760
353,-1872,-4116,14486,11700,2928
1639,-1872,-3773,20806,17152,2664
-18955,-1792,-26352,31817,-8840,-8272
-9616,-1792,-5853,31817,32468,-2564
-304,-1808,-1132,16678,-25116,2992
-4207,-1776,3474,10150,5428,1128
-2988,-1824,-3803,4930,14364,6264
-1837,-1808,-2815,-3738,16744,11572
1716,-1792,394,-4070,12124,14764
5979,-1824,10800,-7278,5972,12648
9705,-1808,13671,-9994,12044,11440
12872,-1808,7094,-8366,16084,10540
15155,-1824,1969,-7930,12948,8684
14070,-1760,-1606,-7506,12100,6448
13442,-1808,751,-7850,16252,6872
14829,-1792,-1006,-7662,18588,6140
13066,-1792,-4508,-7894,19016,4644
10486,-1808,-4646,-6342,18276,4180
8980,-1792,-3971,-6350,18056,5856
6258,-1776,-7194,-5782,17272,6920
3754,-1792,-12576,-5594,15788,6212
880,-1808,3824,-2850,8380,4384
986,-1808,4394,-2858,8892,4564
1194,-1808,8495,-1854,12724,5088
77,-1792,7673,102,13324,5924
-1313,-1808,7417,610,11620,5128
-2698,-1776,10986,4458,16628,5716
61,-1792,10590,11114,23904,6388
-1807,-1792,5113,7650,16092,4504
-3440,-1792,11797,7070,8600,2956
-3302,-1744,22625,16154,14228,2224
-5238,-1808,20207,16318,14772,1348
-4131,-1792,18673,16814,14288,1688
-1965,-1824,19441,21330,12596,1812
1
-32558,-1808,-22370,31817,3312,-10088
-28123,-1808,-31648,31817,-3144,-25220
1194,-1792,-13997,31817,32468,15876
-15161,-1792,6591,14302,5756,-3572
-702,-1776,3723,7054,14268,5860
-2462,-1792,-15139,-1910,14336,10968
-1423,-1824,1301,-2194,6504,8948
6174,-1792,32722,-4102,3712,11204
12264,-1760,22614,-7214,9852,14028
9251,-1760,11976,-9294,12588,14544
10696,-1792,1835,-5322,14560,12540
14328,-1808,-4201,-3598,9456,10368
15839,-1776,-769,-5678,10720,10428
16943,-1808,1372,-5394,13936,8680
17857,-1792,95,-5366,16376,5948
16847,-1808,2011,-7494,16256,6668
14853,-1808,6050,-7590,15908,6412
12965,-1792,5771,-4818,22640,4700
12238,-1792,-717,-5858,21180,5528
10528,-1760,-4109,-6398,15268,5184
6631,-1808,165,-5186,13044,4652
4990,-1792,1565,-3594,14156,4824
-2038,-1824,-12408,-10970,9028,11192
-410,-1792,-2509,-1078,12364,6856
-3909,-1776,-3261,-1022,10416,6756
-5562,-1776,-9660,2154,15536,5672
-6680,-1824,-2668,1598,15600,9136
-5398,-1792,9236,6870,14704,6452
-3551,-1792,12532,10650,15108,6932
-4016,-1776,8162,10246,12268,5504
-5577,-1744,10258,13150,14128,5128
-4505,-1760,10916,14530,13832,4032
1
-28547,-1744,-22031,29662,-9992,-9604
-24475,-1760,-20762,31817,17480,-17284
-1892,-1760,-20765,20806,32468,7092
-9889,-1776,2554,19906,5732,-8628
-268,-1776,3033,6862,4248,5052
-1054,-1760,-20058,1578,15156,11724
3821,-1808,5825,2222,4520,9012
8059,-1792,-32599,1314,1776,13060
11910,-1792,25434,-7238,13272,18656
13575,-1792,8204,-5626,25620,12056
16891,-1744,-7995,-5450,18348,10600
15569,-1792,1239,-9526,10376,12376
15618,-1808,6199,-11006,17564,9840
18372,-1760,-2834,-10850,18548,5760
17686,-1776,-8119,-9534,12036,2888
14493,-1792,-2386,-10786,10956,4228
11063,-1808,1328,-11202,13144,3460
11211,-1776,3059,-9246,16700,3860
9834,-1792,610,-9134,16512,3808
6877,-1792,483,-8722,14508,4208
4938,-1760,2814,-7630,15696,4280
4970,-1808,2516,-6694,18576,4896
4377,-1824,-510,-5246,16872,6308
1679,-1776,-2411,-4346,11924,6556
-1429,-1760,1879,-2486,13524,7036
-1621,-1744,987,718,17676,7124
-3002,-1776,-6214,1006,12424,7292
-5766,-1792,-3989,-46,6996,5240
-11969,-1776,5600,3658,-4144,4152
-11221,-1760,-13381,4042,10564,5832
-13576,-1776,1743,7802,8404,6964
-12051,-1792,5370,13494,16076,6228
1
19338,-1728,-4431,31817,32468,26988
-3661,-1744,15617,22898,-13120,-2632
10409,-1712,16557,15778,17192,6060
10672,-1728,-16745,7950,18548,9128
6903,-1728,-24133,638,12280,6508
7052,-1728,-11801,1158,11136,4916
8905,-1712,23470,-5410,20052,10116
14350,-1712,19144,-10282,22860,8468
14925,-1744,144,-11774,22760,5912
15253,-1728,3332,-11382,18464,4612
17689,-1760,11701,-11434,19004,4788
17214,-1696,9887,-11886,19804,4268
20113,-1728,5587,-11758,20508,3292
19510,-1744,2490,-13046,21344,3876
18829,-1712,3761,-12250,19056,3388
17882,-1712,3271,-12254,17552,4088
17149,-1696,-2860,-10554,14892,4608
15282,-1696,-6833,-8718,11832,4500
6201,-1744,-12543,-2414,12208,5928
6491,-1712,-8297,1422,8040,7092
3084,-1744,-4256,3798,17132,6384
3827,-1728,-611,5530,14904,7012
955,-1728,4213,6322,10496,6720
-721,-1760,12469,9366,10448,5516
-281,-1744,16848,10506,13280,4932
649,-1712,14248,8030,14000,3644
-2247,-1744,12881,8542,10144,1364
-4249,-1712,8388,13610,15860,1548
-2851,-1728,7286,16514,14528,1432
-2663,-1744,7049,15966,10852,852
1
-19097,-1744,-32598,31817,3452,-14996
-17156,-1696,-28611,31817,-888,-20168
2740,-1744,-23684,31817,-8668,-4692
-5732,-1712,-10664,23426,-13700,-10572
183,-1712,2758,18930,-316,-420
2437,-1744,-5169,11290,7400,10916
4384,-1696,10488,3862,1104,7312
9658,-1728,-32599,2406,7716,9612
20492,-1728,18318,-5446,19104,14992
18962,-1728,12455,-12846,26340,14340
17040,-1744,-4640,-12198,27848,10240
16406,-1744,-8308,-11558,17516,7392
24469,-1712,4454,-7662,16020,5012
14978,-1696,-8674,-10390,13652,2896
15809,-1744,-8566,-10162,13828,3316
13657,-1728,-1562,-10378,10240,3996
13248,-1696,9764,-10442,11736,2452
15937,-1728,9028,-9450,21260,2944
14312,-1680,-1750,-9334,20804,4736
9695,-1712,-5744,-8954,13888,5232
6022,-1712,-2507,-6770,12396,4884
4675,-1712,-418,-4746,17360,6336
2892,-1712,-1209,-3970,13700,6744
-1497,-1728,-2014,-3674,7772,3800
-4767,-1728,3595,-302,7712,3488
-3606,-1696,8173,3202,11764,3460
-5040,-1728,7164,5538,10396,2924
-11092,-1712,4529,11126,9228,3548
-8543,-1696,6204,14658,5832,1200
-6944,-1728,19867,21010,8072,76
1
-2984,-1696,-32598,31817,-10240,-23984
-6798,-1728,-29719,31817,-24256,-23100
-17166,-1712,-15767,31817,32468,-19628
-8590,-1696,20606,27950,-12472,1900
5930,-1696,-19468,14106,4164,15424
7385,-1696,-32599,15966,15616,8160
-32559,-1712,-32599,8594,13348,4444
18879,-1712,28523,-5486,24348,4832
18748,-1696,3534,-9534,31884,4780
17787,-1664,-10100,-9422,15464,408
9260,-1696,-16799,-10194,11256,3524
10498,-1680,-5519,-6798,12048,4512
10177,-1680,9295,-6002,11312,5696
8837,-1712,8494,-3898,18656,2976
7640,-1728,3578,-4010,17988,2976
7402,-1728,6804,-4838,12128,3452
6259,-1696,11759,-2634,13932,4008
6417,-1696,9648,762,16636,4888
3191,-1712,5999,-414,12772,4400
-531,-1696,5776,4742,18480,2952
-3500,-1696,-2225,14314,29896,5012
-5500,-1696,-8820,15466,19572,5608
-11122,-1696,-6970,12170,11136,820
-3906,-1680,21941,19838,14564,1168
1402,-1664,15186,21918,19228,2188
4759,-1728,3801,18954,16924,-68
6088,-1696,-122,17554,16756,1072
1462,-1696,-15617,17774,10176,1448
-5562,-1696,-9040,13402,-3972,2184
-4922,-1696,-640,15714,1368,1696
1
-6115,-1696,-28891,31817,-8108,-19392
-10579,-1728,-18204,31817,32468,-18588
-11496,-1680,18595,31817,-26540,-68
-1812,-1712,-2468,24130,3736,10868
3739,-1680,-18875,14482,348,8596
3601,-1680,-32599,10102,15784,5584
29597,-1696,-32599,38,27108,3496
21055,-1664,16074,-6278,32467,-324
18966,-1664,-6553,-7338,29696,6876
10017,-1696,-7265,-9450,16292,6988
12417,-1680,2288,-5622,18156,4080
6770,-1680,1068,-5418,16880,2572
8997,-1744,-2349,-4966,15516,3532
7608,-1680,5341,-4706,11356,3688
6920,-1696,13109,-1866,15576,3308
9060,-1696,13623,6,19376,3724
8383,-1696,8134,-522,14912,3988
4249,-1696,7622,-50,13180,3148
1968,-1696,5381,9102,25456,3540
1229,-1680,1903,8106,19060,4292
-3650,-1648,495,6114,10924,1452
-6124,-1712,10300,9930,9520,576
-2681,-1712,21096,16546,10708,-956
-1638,-1680,29506,18910,11708,676
665,-1680,28958,23986,17924,2404
5174,-1664,19033,24294,20648,2588
6552,-1728,5218,22630,23676,-3252
4044,-1696,-5735,18426,15260,-4180
839,-1664,-606,18314,-4376,4632
-11867,-1696,-17611,16482,8408,6076
-9369,-1712,-7972,14714,6816,5188
-4098,-1680,-4096,14434,8324,1756
1
-21667,-1648,-32598,31817,-1580,-32768
-21957,-1680,-32598,31817,-12732,-32768
-4463,-1664,-10312,31817,32468,-600
-2515,-1696,-5986,31817,1256,-3352
3687,-1712,-32599,31817,32468,-11748
-32559,-1696,27223,16854,20532,-5520
27387,-1696,12523,4850,13384,-4348
27530,-1664,5483,-2394,18668,-3072
27453,-1696,15843,-10914,29940,4864
15713,-1680,16152,-7814,28004,1368
17007,-1680,27116,-6046,21260,-2408
17375,-1712,21215,-5310,22212,-2328
18709,-1664,8104,-4826,22132,-1384
18561,-1728,5798,-2150,20412,-616
14824,-1696,6520,-4150,17312,3488
10256,-1696,5008,-2138,14400,3044
10894,-1648,6397,4910,23772,-16
13094,-1680,2522,4182,22600,40
9450,-1696,1748,2062,11104,2028
4851,-1696,3380,3922,22004,448
6950,-1712,19464,10478,13728,1368
9118,-1696,24376,8702,18544,744
9747,-1696,8100,11022,11192,-3148
12803,-1680,7888,18414,12868,-2808
15616,-1664,14104,21970,10752,140
11810,-1664,8279,23370,17456,2504
7480,-1712,-8812,20242,19084,-1380
1739,-1680,-32598,16282,4644,-688
-6298,-1664,-30303,13146,5116,2500
-6329,-1664,-1897,15198,4720,3024
-6109,-1664,14364,12958,3168,2476
-5009,-1696,23400,11698,6624,536
1
-2861,-1696,-32598,31817,3420,-30520
-1511,-1696,-32598,31817,-10188,-29708
-8792,-1664,-32290,31817,-28000,-22932
-10558,-1696,-4141,30702,-16812,-4936
4862,-1680,-32599,26578,-30736,4276
8864,-1648,14324,7118,-4192,15428
11741,-1648,8117,238,5052,9648
8942,-1664,-1663,-2878,4312,10252
11871,-1648,4678,-13654,4200,5184
3894,-1648,-14683,-9786,7792,6176
1438,-1680,-923,-6462,6540,14848
2164,-1664,7846,-10514,8968,10956
1327,-1664,2055,-7346,12220,6856
2881,-1648,731,-5606,11236,9068
9558,-1680,5496,-958,14692,7396
10708,-1648,2161,-3294,11312,8636
7981,-1664,11086,-3474,8380,9940
7466,-1648,18791,-954,9564,8836
11526,-1680,15112,4954,19684,6032
13618,-1664,6264,4090,19408,3788
10661,-1664,6661,2434,10404,3568
8254,-1648,13356,5478,14856,3032
8698,-1664,9893,11794,20848,3440
6136,-1664,551,8254,16312,1256
3952,-1664,7121,9902,8780,1136
3869,-1664,16793,14930,10044,-196
4537,-1632,22469,20022,9920,188
7138,-1632,20199,25150,14284,-1420
8521,-1680,9785,31110,18236,1052
6548,-1696,75,27238,24888,364
1
4071,-1680,-2750,28594,13364,4316
6151,-1680,-11102,6562,3252,10316
17487,-1696,17900,3606,22816,6808
18958,-1664,14200,-15438,15808,5344
9221,-1664,5900,-12406,13848,7304
6876,-1680,13019,-18746,11572,11976
7208,-1648,11968,-12486,11084,10756
7606,-1680,2319,-9786,7048,6652
4231,-1664,-5895,-10718,7000,8924
5106,-1664,1915,-9182,5976,10352
7231,-1664,9358,-6094,11048,10044
8990,-1664,11422,-4426,11876,8376
8779,-1648,12822,-5134,9812,7476
8194,-1664,17731,-3246,13752,6828
10580,-1664,15793,-54,18560,6452
10373,-1696,9819,-410,15752,5672
7843,-1680,5683,-938,10516,4420
6331,-1680,13308,3754,12340,1664
8549,-1664,13531,6026,16040,796
7059,-1680,9097,5434,12444,1812
7785,-1648,15535,12038,5132,-1792
6171,-1632,13251,14546,15240,-720
9321,-1632,14402,17234,11800,-444
9028,-1648,17167,22510,13636,-1676
12210,-1680,13848,26794,17912,-548
10690,-1664,5930,27730,21432,2028
6523,-1664,-7011,22770,22860,-1472
-3128,-1664,-17916,16730,11408,-2356
-7032,-1616,-7732,16162,6788,1880
-7168,-1696,2184,16178,10192,2664
-3412,-1664,3552,15146,8924,1796
-2,-1696,1414,12878,8696,852
1
-1636,-1632,3479,-21290,32468,-12624
532,-1696,-26808,20574,11924,660
-3411,-1664,-32599,16294,-11424,6724
22485,-1648,-32599,9890,6560,11364
18754,-1664,5486,-4154,11080,7336
19247,-1664,7112,-5346,18968,10968
16608,-1648,4398,-11054,16712,12592
9791,-1664,4591,-13438,19064,5056
11673,-1632,-2490,-13546,20644,2340
14206,-1696,7942,-11522,14628,3396
14117,-1648,6406,-10286,14260,6036
15306,-1648,7818,-7726,14716,5996
17431,-1632,5173,-4114,19712,2556
16839,-1632,3140,-4970,17556,1480
13461,-1648,4665,-5582,13052,1464
12025,-1680,9635,-3378,16740,2332
13175,-1664,9713,-450,20344,2272
12179,-1664,4572,-170,19452,1200
9153,-1680,2306,-330,14832,1180
7408,-1680,5041,546,14792,1104
6214,-1664,6769,3982,15688,1544
5114,-1664,6559,5170,14300,1852
3054,-1648,7209,6354,9960,320
2538,-1680,12405,10986,9056,-888
4331,-1696,17002,17850,10128,-1176
6285,-1664,17226,22618,13444,-368
-92,-1664,6118,22626,17660,-3836
8787,-1648,-5655,29638,24952,1852
1413,-1648,-21584,18374,23296,-3268
-11726,-1632,-32598,13214,3728,-552
-10956,-1632,-27909,17174,6524,4960
-6158,-1648,1554,18158,5988,4460
1
30846,-1664,-32599,3674,5076,18556
19436,-1664,13780,-3634,10440,9072
12896,-1648,15470,-9610,9636,6676
6234,-1648,12247,-14086,23472,4984
7564,-1664,-3338,-11682,23352,4248
15254,-1648,1062,-8770,15184,6524
15485,-1680,9867,-9166,13244,7732
12172,-1664,10747,-9542,11264,5788
11218,-1632,10530,-5350,14048,2956
11354,-1680,11696,-3778,16500,3040
11041,-1680,11428,-3282,16172,3828
10187,-1632,8811,-2138,12880,2784
11927,-1664,8842,3126,17020,784
13255,-1632,6535,4958,15076,2372
12299,-1680,7339,2958,10900,2040
10145,-1648,12729,5170,5772,1996
10195,-1648,23666,15738,3864,-2068
12120,-1632,27531,18310,15692,-592
14820,-1664,23382,25430,13456,-5520
18665,-1648,18443,31817,16092,-3804
18019,-1648,-391,31817,31208,1524
8916,-1648,-25830,20514,25940,-7988
-7361,-1664,-25344,13098,5760,204
-10974,-1664,-2730,12870,13012,4072
-10193,-1680,-22380,17302,16104,4444
-5220,-1648,-5138,13142,7936,1684
-248,-1648,4683,11322,8460,1504
223,-1664,11492,9470,6172,1520
6566,-1664,11598,6626,7780,3620
2591,-1680,7458,9118,6848,3132
575,-1648,1579,11450,8380,1388
1924,-1648,1011,12822,9348,736
1
539,-1664,-19155,4302,14568,12760
6147,-1664,-32599,14542,24220,5552
-32559,-1648,-32599,7318,17420,-7096
14574,-1648,22030,-10658,11040,5404
25647,-1632,18757,-2314,18324,1444
3470,-1632,-19695,-4866,16772,9564
11244,-1664,-7722,-1790,13552,8428
10446,-1648,15131,-4854,6608,7684
7782,-1648,17524,-1538,13436,5756
10428,-1664,13122,-118,22024,5084
11565,-1632,4024,-2030,15872,3988
10173,-1632,4116,-770,9320,2740
9820,-1648,10914,2710,9448,2408
10763,-1616,16494,4778,7828,1720
10469,-1664,22802,8754,7296,1064
10645,-1632,30018,16994,9932,76
13180,-1632,30292,23538,11152,-4356
17089,-1680,27891,30930,13732,-7776
19895,-1680,16059,31817,23896,-5180
19805,-1616,-5631,29810,32467,-11016
1491,-1664,-29333,15398,4004,-3428
-8761,-1664,-10860,16014,7208,4560
-9659,-1632,11030,17906,11956,6900
-8937,-1680,9665,15442,10956,2680
-4243,-1648,8704,11590,10280,60
1865,-1616,6586,9390,9276,-1600
2631,-1632,798,9018,7848,-176
3333,-1664,-2122,9838,7148,1864
7317,-1664,7613,12606,10828,2628
204,-1632,-3741,12506,9516,1808
-25324,-1664,-32598,31817,-3788,-24944
-24732,-1632,-22413,31817,-18612,-24748
-4793,-1680,-5315,31817,32468,10612
-2243,-1648,1476,26490,-6652,-1308
-1090,-1664,18053,11082,3472,12184
24908,-1616,-32599,-8322,20000,18904
12946,-1616,2906,-16086,12828,9364
8045,-1600,634,-9462,9936,8192
3360,-1632,3856,-15062,10832,11080
166,-1648,882,-14994,12196,11196
2134,-1648,-7447,-9854,13400,10348
5719,-1632,-2320,-8158,8004,10032
4344,-1632,1948,-10722,7352,10952
3193,-1616,4745,-9082,9852,9328
4291,-1632,6170,-6442,11880,8400
6655,-1632,6934,-5354,11780,7440
6767,-1648,9454,-4850,9160,7116
6399,-1648,12689,-3406,11548,7932
7069,-1648,10679,-3538,13660,8904
7536,-1632,9250,-2230,10696,6620
8672,-1632,9668,-586,12196,4896
7840,-1632,10773,810,15312,6532
8343,-1648,12352,1246,13800,6068
8674,-1648,12694,4622,12704,3048
9782,-1648,12756,9206,18752,1632
9137,-1648,7944,9382,19968,3224
7217,-1632,7031,9634,12012,1324
4498,-1600,13192,11350,12292,2224
5153,-1664,14516,15610,13664,208
5113,-1632,15414,18058,12588,-828
5425,-1632,14084,20178,12872,-640
5670,-1616,7845,22202,14280,112
1
-14722,-1648,-32598,31817,-24288,-26392
-7940,-1632,-13277,31817,-27644,-22864
-4809,-1664,13394,28966,32468,17796
1854,-1616,-13939,18734,6012,3464
-6996,-1632,-32599,15174,-1472,5444
32192,-1632,28696,-2578,25148,7712
12335,-1632,9522,-7958,24628,9100
8390,-1632,11337,-17790,22288,9588
5380,-1648,4133,-17806,22636,7612
-1311,-1616,-7503,-12554,15404,6356
3375,-1616,-6281,-9674,8400,9176
3802,-1632,-1647,-10318,4680,10296
5310,-1632,4817,-8074,5668,9008
6839,-1632,8288,-6566,7416,8864
8246,-1632,12517,-6106,10548,7940
9557,-1664,15899,-3454,12408,6272
9981,-1648,14912,-3454,15392,7092
9894,-1648,10538,-1890,18496,7020
9415,-1632,4699,-2070,16564,6416
6583,-1600,1979,-1234,14184,4668
4259,-1664,3911,3390,17128,3340
4116,-1632,6370,3694,18176,4100
2174,-1648,5678,3278,14980,3884
659,-1616,6628,6066,15448,2912
1287,-1648,8182,9254,16400,3412
1557,-1632,6930,10774,13852,3144
2528,-1632,6130,11090,8184,1980
27,-1632,11966,13190,8160,2200
1736,-1648,16802,17754,9252,912
3278,-1648,16280,20754,11196,952
7014,-1648,14412,23642,15036,832
7579,-1648,4558,23302,17516,1404
1
-13580,-1600,-31404,31817,-14548,-29756
-11235,-1616,-32598,31817,-25644,-32768
-12970,-1648,7101,31817,32468,-1480
1955,-1632,7555,18134,-8788,7308
1590,-1632,32226,16206,116,11024
24442,-1648,-32599,-5010,11724,18956
10608,-1648,5545,-10870,15580,7464
8720,-1616,1160,-6990,14224,6784
5820,-1632,-1411,-10830,11568,8844
-477,-1632,-9162,-10122,13392,12864
5598,-1648,1376,-8294,9176,12804
6364,-1648,5394,-5482,10804,8588
6174,-1648,805,-3230,13264,5468
7690,-1632,3090,-4946,10172,6924
9132,-1632,16030,-4486,11720,8680
10109,-1648,16987,-518,18876,6864
11379,-1664,5857,-414,21148,6100
6932,-1632,3177,-2134,13740,6244
3711,-1632,9709,3310,18640,5064
3745,-1616,8459,3230,19576,4884
2770,-1616,5928,2314,15856,4336
1051,-1632,7259,4230,14520,3992
1732,-1632,7094,8562,18784,4252
1612,-1648,3294,7950,18204,4324
1433,-1648,4307,7866,14604,5516
-246,-1632,8794,12026,16616,5232
478,-1648,9546,13102,14512,4804
-704,-1616,7522,11982,14812,2972
-139,-1616,10722,11810,12148,2564
-248,-1632,13906,11990,10820,2880
8,-1616,13988,13454,10420,2444
1050,-1664,10761,14766,10908,1768
1
-10913,-1632,-32217,22974,32467,-2728
-7339,-1632,-32598,24534,32467,-3136
-6302,-1632,-32598,31817,32467,-11484
-6952,-1648,-32598,31817,26420,-16452
-11125,-1648,-32598,31817,5396,-16116
-11714,-1616,-23576,31817,-2180,-18248
-12058,-1632,-23269,31817,-26456,-25664
5089,-1632,11519,31817,32468,9660
-11982,-1648,-32599,31817,-3580,6052
22538,-1616,-2224,2046,12460,11228
14498,-1648,8275,-6690,12428,9720
8357,-1632,7842,-11946,19176,7584
3986,-1632,-41,-13486,18288,8948
10448,-1632,6029,-15110,14400,12148
1831,-1616,-3958,-15850,10088,10836
-300,-1648,-7330,-10902,7380,8480
3187,-1600,-2325,-8098,9172,9200
4945,-1632,2377,-9446,7328,12516
3485,-1664,3728,-9218,6388,12000
3600,-1600,2793,-4818,10252,9668
5225,-1616,1209,-3430,11396,10336
3855,-1648,4298,-4066,8252,11584
1277,-1664,9702,-2598,8492,9572
1172,-1664,13291,2306,13308,8004
2780,-1632,12562,3906,12500,7932
954,-1648,8020,1294,12480,7128
-1580,-1616,8528,3002,10712,6904
-2265,-1616,10111,9410,13716,7344
-1836,-1616,3523,9482,12452,3668
-4430,-1664,3073,8702,7292,4148
-7394,-1632,13724,12942,5488,4100
-5345,-1632,21046,21162,8104,4024
1
-8147,-1616,-30902,31817,-464,-14876
-9120,-1648,-12667,28702,-26916,-18008
-15445,-1616,-17166,31817,-10284,-5048
-4956,-1632,-25003,24418,32468,3512
7040,-1632,-32599,31817,32468,-2468
6142,-1632,-6412,5006,6184,8532
6851,-1632,-16028,-1226,-1584,7236
20794,-1632,31900,-8230,2624,10244
22343,-1648,9964,-9454,11780,6820
12594,-1616,7509,-7794,10808,8780
6483,-1648,13850,-5478,11376,6800
6738,-1616,15270,-5370,13100,6432
5223,-1616,8048,-3846,16584,4416
3615,-1600,-5004,-2746,16480,6912
2958,-1632,-1322,-3450,9836,7064
1463,-1600,1188,2006,17044,7976
1945,-1632,-456,2810,15452,7568
-1700,-1616,1354,710,10540,5380
-4215,-1648,3253,9970,19912,6668
-4481,-1616,-1930,12610,18920,6884
-6034,-1616,1326,9594,13012,5312
-7751,-1632,11542,11878,10352,6128
-5554,-1632,10878,19482,22912,5948
-5556,-1632,-834,15710,21392,7888
-8751,-1600,-2412,15446,14424,6784
-9206,-1632,-2790,14418,11672,5724
-6192,-1632,7895,14734,9708,6132
-1644,-1616,13618,14462,10480,5500
-57,-1648,13199,13710,8992,5068
788,-1616,14208,14742,4712,2348
-18,-1584,17386,14386,6116,4348
-255,-1632,14093,15026,9036,4020
1
-19490,-1632,-32598,31817,-916,-8192
-9705,-1616,-20711,31817,-30756,-16028
-7157,-1600,1737,8158,32468,-10128
-7604,-1600,300,21770,-15456,3372
-7419,-1616,-5822,1294,-18184,-5624
-7664,-1632,-32599,4878,16008,10668
23217,-1632,17027,-8794,8568,13156
13642,-1616,8452,-5954,10148,9772
10802,-1632,7414,-7654,7916,9292
8555,-1632,15565,-10218,5928,12312
9291,-1616,5580,-7950,20056,12100
5784,-1616,-14623,-5578,12236,8092
9133,-1632,-11760,-5074,6036,5468
8395,-1632,7501,-3274,5632,6896
9501,-1648,24245,-1022,10636,8848
14212,-1648,27881,2894,17312,5240
18883,-1600,19781,5686,23472,2580
17720,-1632,13357,2462,18592,1908
13988,-1616,11447,2290,13972,972
10813,-1616,8757,8866,19392,956
8715,-1632,7391,7014,17004,3360
8754,-1600,10974,6890,11772,-2268
11417,-1648,16458,15662,11460,392
8750,-1616,3226,19318,14100,7060
7177,-1632,3442,19754,16012,888
5875,-1632,3970,23026,16052,444
4274,-1600,-324,23466,18700,4608
1902,-1632,-6215,18434,15048,2232
394,-1648,-5121,15354,8516,2004
1962,-1632,2973,14658,8584,4556
3137,-1600,1393,14622,5200,4504
4027,-1616,-1557,14050,2764,4504
1
-7073,-1632,-14748,-8930,10524,12044
4058,-1616,-6406,-5622,9036,7912
6205,-1616,8972,-7454,8660,10180
6338,-1616,11032,-7602,13360,10988
6209,-1616,7261,-2842,17456,6700
8139,-1632,4746,-2822,16704,8132
9587,-1632,6664,-2810,13156,7488
10571,-1600,11750,-342,13100,7104
10903,-1600,12932,2314,18432,6500
10753,-1616,9533,2998,19508,4472
9148,-1584,7820,1962,15464,2928
7766,-1680,8549,7462,18920,3220
8649,-1632,411,9830,24072,4712
6655,-1632,-5143,7582,18140,4176
2475,-1616,-1555,7650,12800,3088
1161,-1600,10239,12390,13628,3932
511,-1632,-4869,5870,11296,8644
1152,-1632,11411,13650,10784,3608
917,-1616,10099,14930,10520,2560
1213,-1616,7142,15938,9328,1656
983,-1664,7400,17978,8652,2768
1438,-1600,9791,19010,8460,1948
2003,-1600,11665,16802,9348,1716
3158,-1600,14346,17102,8168,1340
3998,-1616,19359,15858,7580,2152
2383,-1616,14009,14534,7436,2752
816,-1600,5776,14342,7260,2316
5918,-1632,5165,14722,10664,4492
-3409,-1632,-1063,13554,6616,2452
530,-1648,-79,15630,7944,2840
1
-16632,-1616,-1851,31817,32468,-3552
-3458,-1616,23087,21214,-3020,5868
8662,-1632,-3067,2270,2924,12464
2681,-1632,8963,-6634,13176,16112
12307,-1632,17224,-2826,16048,11168
11857,-1600,24008,-7954,15800,9972
8098,-1648,14394,-9078,15364,9492
7021,-1616,5059,-7302,12256,9680
6960,-1616,1261,-5554,13120,10116
6102,-1664,1170,-5806,10388,10296
4448,-1600,2859,-4994,12080,9280
7542,-1600,2199,-1434,15236,8724
9357,-1632,768,-258,16608,9952
6003,-1632,9258,22,12968,10328
5565,-1616,12409,2350,16476,7668
6625,-1616,13234,3838,20012,6804
5120,-1664,10195,5106,18384,7520
3512,-1600,11934,4998,14048,5776
4433,-1632,14687,8318,18304,3516
7014,-1600,16531,11022,20752,5292
5943,-1648,11511,9214,17680,5496
2720,-1616,8913,8294,14424,4516
2609,-1616,9263,11414,15380,2896
3309,-1664,8567,12374,15088,3308
2508,-1632,8831,11314,14296,4168
2091,-1600,8498,12426,13684,4032
1835,-1632,5730,12502,12492,3316
2089,-1632,4176,11978,9152,4188
1775,-1616,5759,13914,9036,3732
2389,-1648,6930,14374,9956,3128
2696,-1648,5086,15110,9392,3060
1658,-1616,4484,15166,8024,3276
1
-17854,-1616,-32598,31817,32467,-17384
-21672,-1632,-32598,31817,32467,-19720
-17053,-1600,-13479,27026,-27576,-26568
-15974,-1584,-8816,31817,5584,10044
27260,-1616,10614,31817,32468,14344
-11227,-1632,19925,16398,-20740,-5256
-1907,-1632,-19940,7586,17104,4360
3211,-1616,9868,16038,10064,9368
18003,-1584,-32599,-8742,-104,18140
12734,-1616,19710,-11454,13748,10012
10885,-1632,18893,-8454,18168,7884
9597,-1664,9606,-7090,18532,6916
11846,-1632,-101,-5798,13500,7064
6517,-1616,-8951,-6198,11300,6112
9115,-1648,-7273,-5438,8880,7048
12702,-1632,3694,-1730,11548,7056
15048,-1632,4605,-2686,16284,6632
14350,-1616,1952,-3438,9952,8244
12229,-1600,5570,-1146,9492,6876
14259,-1600,5361,3778,14844,1852
14235,-1616,2898,2402,14496,6696
11042,-1616,7283,3562,14584,3212
7759,-1600,20949,10318,14192,1200
14319,-1648,16719,13322,15516,-2868
11562,-1616,10247,12666,14548,3356
8256,-1600,9940,18802,19340,2844
5181,-1600,12577,19298,15320,1632
4635,-1584,10007,19826,16212,-1012
1760,-1616,6299,18966,16296,-856
554,-1600,-72,18258,16028,796
1
-18221,-1632,-32598,18706,32467,-11864
-28308,-1632,-32598,17886,32467,-13664
-24804,-1600,-32598,31817,32467,-12156
-19404,-1616,-32598,31817,32467,-15672
-8826,-1584,-32598,31817,11292,-17208
-1651,-1600,-31656,31817,-12892,-19796
-2436,-1632,-20516,31817,-6760,-15688
-6352,-1648,-17022,27830,-16552,-11392
-12417,-1616,3946,25306,-16892,-4320
-4996,-1632,-18417,22498,2796,9116
-5935,-1616,-32599,6470,-14928,11316
13592,-1616,21661,-2026,-384,14112
14703,-1632,10910,-3870,4364,8720
13268,-1600,1753,-6418,3680,12604
3876,-1616,-3832,-6438,9020,10180
6570,-1632,258,-2010,8096,7796
8759,-1600,4701,-2026,7692,5544
10613,-1648,4254,-5262,7068,8176
11920,-1600,11298,-1218,6012,7732
14992,-1632,16984,-782,13232,6876
15872,-1616,10981,-1462,17716,3968
14645,-1632,6582,-598,16448,3924
15131,-1600,10426,4702,25216,7780
12246,-1584,6314,1650,21528,3876
9561,-1616,2589,3142,22488,272
8739,-1648,3582,10754,22056,4944
6397,-1600,12704,8910,20400,5636
6454,-1616,13401,9426,18360,1076
7631,-1616,10299,10778,20056,1696
7497,-1632,8763,12098,15904,2544
6303,-1648,12684,12798,13184,2420
5603,-1616,15765,14278,14612,1236
1
527,-1584,-9815,31818,32467,32767
3144,-1584,2886,5130,3076,16172
1547,-1600,1799,5762,3792,15168
1092,-1600,1402,5070,6484,15060
1801,-1600,1941,4970,7708,15212
2034,-1600,686,4694,6692,13660
1578,-1584,-398,5154,6980,14748
1235,-1584,413,4474,7104,14692
1162,-1616,473,4522,7456,14784
726,-1600,205,3826,7244,14876
409,-1600,215,3770,6924,14944
136,-1600,-248,4070,6980,15012
306,-1600,-599,4022,7608,14832
137,-1632,-912,4010,7076,14928
-349,-1616,-367,3690,6908,15572
-667,-1616,-566,4162,7976,15104
-778,-1600,-1443,4006,6688,15000
-925,-1584,-6,4446,6184,14984
-835,-1600,771,4490,7532,15452
-742,-1600,-276,4486,7408,15300
-869,-1632,-433,4222,6800,15068
-455,-1600,103,4378,7296,15160
-232,-1616,174,4322,7320,15520
-380,-1616,-574,4326,7528,15676
-267,-1616,-1181,4098,7008,15396
-214,-1600,-457,4070,7180,15424
-306,-1600,-1009,4002,6940,15484
-520,-1600,-571,4038,6628,15448
-369,-1584,-247,4246,7148,15188
-217,-1584,-216,4298,6792,15256
1
16358,-1504,14117,1090,16492,5120
12877,-1520,9021,2514,15468,4032
11282,-1536,12983,2774,14256,4224
11920,-1536,10549,3894,15264,3612
11375,-1504,11606,5522,15840,2492
10528,-1536,9915,8842,18540,3164
7584,-1536,3901,9298,16800,2792
2982,-1520,860,8734,15748,2692
1827,-1520,2547,14142,16616,2880
-446,-1472,480,14642,15452,2496
-2727,-1536,-1133,13562,11376,988
-3410,-1504,3914,15266,10872,1488
-3663,-1536,9307,17166,10924,2996
261,-1536,1824,18326,13104,2516
821,-1536,-2477,17578,12052,2972
120,-1488,127,16182,9796,3436
-631,-1520,3199,15438,8696,3688
-1281,-1536,6109,14586,9008,4136
-813,-1504,6035,14170,8304,3896
-287,-1536,5378,13466,7868,3464
210,-1520,3507,12990,7044,3308
137,-1520,2197,12934,6864,3352
-440,-1520,1740,13198,6916,3368
-494,-1504,241,13734,6376,3396
-686,-1536,-321,14062,6528,2948
-537,-1504,-1475,14210,6500,3092
-708,-1504,-2367,14450,6116,3644
-1004,-1520,-3189,14566,5212,3784
-1374,-1488,-3160,14094,4940,4220
1
