-32558,-1728,-20105,31817,13928,32767
5113,-1728,10361,24750,32467,-32768
9912,-1696,388,4522,-9036,32767
-7070,-1728,-5737,6058,9292,17576
-12504,-1696,-9386,27566,10196,4644
-7655,-1696,-1022,23330,15156,6816
-4282,-1744,-754,19454,19000,3536
-5390,-1712,-1660,4758,17212,5528
-1787,-1744,1426,-2398,17336,2260
-1797,-1712,14822,-11922,18372,7132
9231,-1744,11883,-23578,25704,-2892
12749,-1696,26888,31818,22620,4952
7252,-1680,-7214,-26790,18280,8208
4152,-1696,-9008,-19630,20168,2724
3796,-1744,6081,-13226,14964,4128
1816,-1728,8743,-7966,18064,4088
390,-1760,606,-3946,17976,3232
491,-1728,-4123,-1098,15904,1932
1613,-1728,-463,602,14648,1272
2264,-1696,3946,-778,14984,2264
467,-1728,-183,-1814,16120,2996
-502,-1696,-2247,-1178,16108,1940
-383,-1744,-600,-1922,15232,1972
-232,-1712,1666,-1626,16692,2104
-194,-1712,-38,-1750,16336,2196
-554,-1712,-499,-2002,16364,2204
-1093,-1712,-825,-2146,16108,2164
-1597,-1712,-833,-2098,16248,2300
-1591,-1712,-916,-1918,16292,1952
-1331,-1712,-582,-1930,16116,2068
-1414,-1696,-550,-1998,15980,2120
-1257,-1728,-786,-1894,15756,2040
0
5235,-1664,-11756,31818,9764,7420
6220,-1616,-1004,-12086,12888,6172
6781,-1616,5571,-7750,10460,5708
7288,-1648,10217,-5358,14308,4608
6044,-1648,1591,-2966,19744,4340
4221,-1648,-3658,-2474,17912,3164
2436,-1648,-481,-3858,15536,3424
145,-1648,339,-3838,16464,3568
-846,-1616,-1638,-3874,15988,3392
-899,-1648,-1068,-3882,15512,3124
-971,-1616,-236,-3886,15636,3240
-1011,-1648,-326,-3770,15704,3228
-960,-1648,-593,-3802,15684,3336
-888,-1648,-1120,-3570,15696,3364
-669,-1648,-1017,-3546,15600,3568
-409,-1648,-477,-3286,15624,3576
-294,-1648,-825,-3470,15720,3608
-340,-1616,-1438,-3186,15896,3832
-450,-1648,-1803,-3138,15624,3608
-414,-1648,-1615,-3270,15652,3740
-312,-1648,-1195,-3374,15444,3780
-309,-1632,-680,-3538,15428,3736
-251,-1632,-691,-3498,15592,3828
-411,-1632,-725,-3466,15404,3884
-400,-1664,-758,-3506,15532,3980
-375,-1632,-649,-3378,15652,3732
-46,-1600,-416,-3486,15584,3636
-47,-1632,-194,-3558,15568,3848
-42,-1632,-329,-3634,15488,3800
10,-1632,-315,-3450,15632,3892
0
5087,-1648,20879,28994,17556,5140
-32558,-1616,5766,31817,7460,32767
-15405,-1648,-3185,31817,32467,-32768
-32559,-1616,4397,18270,-8268,9668
11410,-1616,18242,1518,15644,32767
-7977,-1616,-13448,26318,23064,14836
-7490,-1632,-17938,31138,21380,-2168
-3348,-1632,3827,9778,7736,3688
-9081,-1632,12679,-2162,14476,3708
-8849,-1632,12052,-11050,12400,8256
-6752,-1664,16492,-18266,15704,6384
2461,-1632,18721,31818,24340,5280
2933,-1600,10243,-22178,12088,13264
4736,-1632,-1765,-16246,23624,1900
6019,-1632,10317,-15306,12860,5640
3012,-1648,12232,-9942,20600,4672
1502,-1632,908,-5886,22616,3448
1656,-1616,-4484,-4130,17220,2688
1823,-1648,124,-1106,16248,2320
998,-1648,1005,86,17356,2760
921,-1632,-3310,-594,16128,2344
837,-1632,-3131,-774,15260,2136
887,-1600,-2567,-706,15552,2120
1168,-1632,-2200,-770,16108,1932
990,-1632,-2372,-1610,16196,2120
-134,-1664,-3328,-2078,16388,2524
-506,-1632,-2793,-1946,15688,2316
-556,-1632,-849,-2134,15360,2596
-562,-1600,-584,-2114,16060,2620
-451,-1616,-1573,-2154,15860,2860
-347,-1616,-1265,-2206,15652,2776
-131,-1616,-1418,-1938,16016,2656
0
5479,-1632,-12870,7554,3500,4436
5594,-1632,5331,7854,12256,8800
-10893,-1632,-7920,19306,19972,7184
-12356,-1632,-9731,29114,22884,1664
-9897,-1632,-5874,17066,16308,1072
-11991,-1648,659,2986,14368,3892
-9119,-1616,8955,-5706,13732,5232
-4810,-1648,4849,-18426,19296,3824
2974,-1632,1738,-16986,17576,4612
6157,-1600,12510,-17550,13116,7044
2262,-1632,8932,-13286,20672,7572
1488,-1616,-6049,-8814,20952,4260
2266,-1616,-4386,-5938,14724,3008
2330,-1616,7741,-2726,16228,2632
2805,-1584,3580,-782,19432,2452
1931,-1616,-3589,-1826,16112,1964
150,-1648,-2505,-1982,15316,2276
-366,-1600,-1365,-2002,15308,2200
264,-1632,-1093,-2058,16116,2368
159,-1632,-1196,-2386,16356,2640
35,-1632,-1572,-2606,15612,2540
-72,-1600,-1350,-2334,16460,2268
70,-1632,-872,-2490,15552,2596
16,-1600,-150,-2422,15816,2476
-26,-1616,-554,-2578,15768,2864
-269,-1616,-677,-2674,15960,2912
-114,-1648,-1395,-2578,16096,3052
-154,-1616,-1163,-2658,15992,3240
-348,-1600,-738,-2586,15960,2784
-308,-1600,-741,-2662,15764,2820
0
-9028,-1520,-21137,4474,1276,12512
1415,-1552,-3200,21466,9232,5264
-5407,-1552,-4911,31602,21364,2648
-6030,-1536,-5766,19958,12108,588
-3226,-1600,6199,7286,10244,1156
-670,-1536,15852,-3490,13664,4504
-6081,-1520,6066,-19242,20896,9668
-907,-1552,4946,31818,18712,1516
6978,-1536,8312,-28302,3284,4944
2590,-1536,11881,-17466,24220,5504
2052,-1520,149,-15218,18308,5328
1083,-1552,8150,-11686,17964,4116
1652,-1552,9587,-7878,19396,4248
90,-1568,-3006,-5586,20220,4524
-1733,-1536,-8524,-3370,16740,3880
-1443,-1552,-5277,-1226,15092,2692
-692,-1552,-935,-782,15184,2976
-670,-1552,255,-1042,15924,3292
-924,-1568,-1448,-1750,15892,3140
-1318,-1536,-1658,-1806,15220,3088
-736,-1552,-1184,-1354,16320,2884
66,-1552,-794,-1842,16188,3092
162,-1552,-945,-2046,16040,3160
-100,-1568,-1342,-2094,16200,3232
-137,-1568,-1001,-1990,15908,3328
18,-1536,-645,-1774,15568,3216
70,-1552,-801,-1906,16276,3400
333,-1584,-1054,-1926,15984,3464
895,-1552,-583,-1870,15364,3176
1037,-1568,392,-2034,15736,3272
841,-1536,193,-2166,15940,3196
510,-1520,-67,-2306,15936,3468
0
-25481,-1568,-6175,31817,25648,32767
-9252,-1552,5373,21130,32467,-17268
15883,-1552,-24710,13534,-13876,6344
-1287,-1552,10234,15646,13164,7228
-12058,-1536,-596,9258,11396,688
-8344,-1568,13503,566,17996,3200
-5389,-1520,15208,-13658,14448,16864
6581,-1536,3612,-24038,23744,3408
15937,-1536,31843,31818,16716,7772
9816,-1568,-3803,-30406,18796,12108
6234,-1552,-10121,-20638,21708,4048
7478,-1520,7305,-16850,13388,1860
4585,-1552,6990,-12086,21776,5296
1891,-1536,-9199,-6426,18052,1236
3189,-1536,-4506,-3406,12756,840
2279,-1552,4129,-2086,14448,1976
417,-1520,2038,-1994,16180,3060
-1029,-1568,-47,-1866,15568,3024
-1744,-1536,880,-2458,15600,3236
-2146,-1568,793,-2702,16224,3480
-1805,-1552,-1767,-2470,16712,3408
-1032,-1520,-1040,-2526,15760,2936
-97,-1552,396,-2534,15832,2988
235,-1536,91,-2762,15964,2988
170,-1536,232,-2674,15856,2388
-32,-1568,-564,-2730,16260,2628
-338,-1520,-803,-2714,15892,2672
-32,-1552,-486,-2770,15708,2472
197,-1552,-185,-2590,15724,2508
685,-1536,19,-2614,15792,2500
0
13180,-1504,8513,31817,12204,21860
-32558,-1552,11355,31817,32467,14680
18576,-1584,-22767,14094,6200,6244
20166,-1520,-2099,12350,-7384,2656
-5548,-1536,2222,22414,18688,7184
-6735,-1568,-4416,26202,17884,2816
1169,-1568,-2775,16750,13232,3384
-108,-1536,5361,4882,13204,4052
-3665,-1520,14496,-8610,13868,4716
-4951,-1552,7450,-25474,18620,8660
-1657,-1536,3604,31818,10092,10188
1670,-1504,-1478,-22142,8120,4576
1553,-1552,11454,-13790,19716,3624
4652,-1552,6660,-13334,18736,3404
4572,-1552,9197,-11134,17296,4416
1295,-1536,2495,-8886,18568,4680
-231,-1536,-2282,-7110,17880,3828
-35,-1520,492,-5030,14784,3100
654,-1552,4724,-3762,15740,3180
454,-1536,505,-3022,17932,3740
-253,-1536,-2776,-2846,16792,3012
-1077,-1520,-2492,-2766,16348,3204
-1177,-1488,-1119,-2294,15488,2632
-813,-1552,-1123,-2386,16456,3252
-1029,-1536,-1378,-2482,16212,3424
-1221,-1536,-1625,-2570,15692,3336
-892,-1536,-936,-2398,15892,3204
-525,-1536,-601,-2398,15716,3372
-346,-1520,-718,-2486,15776,3296
-535,-1536,-1507,-2606,16332,3508
-466,-1536,-1391,-2550,15820,3476
-63,-1536,-356,-2498,15768,3292
0
-32558,-1504,8171,31817,13524,28632
-17539,-1536,-32599,31817,32467,-32768
20942,-1520,-17221,3994,-3196,32767
-580,-1552,3400,-1422,2708,9056
-14062,-1520,-6107,22026,11064,5068
-11153,-1504,-990,22494,13268,1760
-7263,-1504,-3526,19378,14588,1524
-7927,-1504,2113,8570,14996,4208
-3267,-1520,1992,-2326,16240,2160
673,-1552,12050,-7918,15976,7360
-4187,-1536,6922,-22190,22104,8128
5020,-1536,9753,-27342,14548,1484
7326,-1504,12337,-29170,14720,8188
4548,-1520,-1678,-18074,20824,4436
5529,-1552,-1545,-15318,17704,4852
3317,-1536,1278,-12346,18976,4844
2131,-1536,-3128,-7550,19796,2128
3774,-1520,-327,-3698,16480,640
3391,-1552,2498,-2290,17708,904
1903,-1536,1048,-1002,18232,700
591,-1536,531,-1326,16660,1060
-385,-1520,979,-1586,16392,1772
-863,-1552,-1216,-1830,15520,1704
-538,-1520,-195,-1950,16184,1736
-271,-1504,-898,-2022,16096,1732
-125,-1504,-658,-2138,16084,1664
-517,-1520,-1478,-2642,16128,1736
-1222,-1520,-1927,-2514,15532,1516
-1390,-1504,-1971,-2698,15796,1812
-1063,-1536,-1166,-2922,15724,1800
-534,-1536,-1469,-2626,16220,1992
-72,-1520,-1613,-2330,16028,2048
0
12916,-1536,7165,-9406,2156,3212
6465,-1552,5382,20522,4840,3224
-25420,-1552,504,31817,17296,32767
-32558,-1536,9708,31817,32467,-32768
-32559,-1536,-17982,18250,-3868,17480
24061,-1520,171,13514,3064,19000
-6281,-1520,4051,30222,28348,19160
-7131,-1504,-13827,26730,21944,-3740
7780,-1536,-5162,6778,4020,4368
-6201,-1504,18873,-7366,10220,14940
-7057,-1520,-32599,-23778,19304,14008
-15952,-1488,-6899,31818,29172,1964
1515,-1536,18429,-24178,264,14552
-3402,-1536,-4963,-19030,27248,6680
-1321,-1520,3461,-13878,15380,5960
22,-1520,7427,-9138,17192,4628
2258,-1520,6095,-2386,18212,3200
2130,-1504,2449,-946,16016,3564
567,-1520,-3372,-914,16472,3872
226,-1488,-3446,-1402,14972,3148
243,-1504,-972,-1726,15384,3340
333,-1504,-1706,-1762,16304,3448
304,-1520,-3146,-2206,15852,3148
408,-1520,-3037,-2678,15524,3336
364,-1520,-2250,-2918,15792,3564
135,-1536,-1789,-2758,15864,3604
-191,-1536,-1933,-2630,16132,3660
-499,-1504,-1338,-2482,15984,3764
-497,-1520,-1163,-2278,15916,3900
-294,-1520,-1394,-2110,15760,4024
0
-32558,-1520,-19422,31817,32467,19136
19625,-1504,-10733,19570,11036,-12412
28262,-1536,5419,12810,-15348,3248
-6705,-1536,8345,15022,23536,2412
-10960,-1520,-3268,29226,22472,4816
-4167,-1520,-6476,16490,17856,5244
-5730,-1504,9373,1246,11184,2352
-9447,-1568,19029,-12438,15184,7368
-11335,-1536,11246,-28854,18072,10808
754,-1552,4325,31818,4300,7900
3420,-1520,3341,-14630,14800,5076
7088,-1568,19892,-12830,18464,3888
7680,-1536,7399,-11926,20428,3808
5801,-1552,5723,-9146,19212,3812
4142,-1552,5942,-7178,17792,2780
1746,-1520,3321,-5994,18288,3948
-1188,-1536,-1489,-4458,17280,4164
-1633,-1504,-2134,-2742,15488,3296
138,-1536,69,-2518,16276,2612
294,-1520,289,-2670,16748,2900
-116,-1552,-1404,-2162,15584,2080
-301,-1488,-797,-2298,15324,2084
-195,-1552,-1718,-2202,15892,2096
-416,-1536,-2110,-2114,15688,2112
-458,-1504,-1647,-2154,16084,2076
-115,-1552,-799,-1902,15664,2132
472,-1552,-28,-2162,16280,2348
221,-1536,-782,-2618,16120,2468
122,-1504,-1208,-2398,15728,2476
367,-1488,-774,-2490,15556,2540
0
-5162,-1520,-23475,31818,18760,8000
-7130,-1536,-32598,31818,14560,6132
-1111,-1504,-20859,31818,8792,7336
13064,-1520,-12120,-22790,-432,-2064
26296,-1520,-2522,-12326,6440,3472
24015,-1520,-847,15490,11028,11212
-14385,-1504,-22335,31817,15860,20508
-32558,-1472,29665,31817,32467,-32768
-32559,-1504,-19868,14066,-960,8724
11464,-1520,-3343,1738,-760,32767
-5582,-1488,-7338,14794,15500,11408
-10367,-1536,-2806,25482,16636,1608
-2571,-1504,-7475,12406,10928,8952
-8249,-1504,1401,1638,15160,9112
-6597,-1552,9874,-1194,12036,6148
-5887,-1504,23774,-9646,14592,8144
-6010,-1536,22509,-19886,17204,10560
-2940,-1504,6750,31818,16456,12400
4077,-1504,-5500,-22934,5216,6880
2440,-1472,9096,-16466,17824,5112
4106,-1488,12477,-14182,15108,4724
4803,-1536,5397,-12258,14144,5248
2866,-1536,579,-9830,14508,5932
904,-1536,2365,-7122,15564,4936
278,-1520,3564,-5006,17500,4080
-579,-1520,-1705,-4122,18184,3864
-1598,-1504,-4063,-3226,15852,3320
-1600,-1472,-1155,-2726,14276,2996
-705,-1536,736,-2754,14884,3116
-55,-1520,-945,-3018,15800,3528
218,-1552,-1811,-3358,15868,3144
232,-1504,-838,-3698,15496,3028
0
-28465,-1504,-11702,31817,19248,28204
-24873,-1504,28747,31817,32467,-13324
30412,-1520,-27735,14246,-10508,-3536
8740,-1488,11980,16166,17532,18944
-11963,-1520,8761,25406,21348,8404
-18729,-1472,-8541,20046,24376,84
-10921,-1504,-13931,5610,11068,3180
-9786,-1536,11040,-9410,7836,9732
-6402,-1520,9915,-23174,15328,10784
-5078,-1504,-8170,31818,10324,520
-746,-1504,27153,-26626,976,11708
611,-1504,-3143,-11694,23400,5332
4898,-1472,546,-12646,14144,5840
3359,-1520,13126,-7966,16920,4924
1526,-1488,4502,-3686,22232,5268
1041,-1504,-12530,-3130,18160,2444
1835,-1504,-4282,-3454,13628,2396
1883,-1520,4269,-3318,15596,3048
1756,-1520,845,-3198,16208,3568
1346,-1488,-985,-2874,15688,3076
1064,-1472,-714,-2826,15540,3320
873,-1504,-345,-2626,15488,3632
973,-1520,-494,-2338,15872,3688
490,-1552,-341,-2810,16204,3592
240,-1520,-776,-2382,15996,3684
-118,-1504,-754,-2446,16268,3868
-538,-1504,-697,-2682,16056,3860
-783,-1440,-1393,-2414,15896,3832
-602,-1520,-2152,-2406,15760,3684
-396,-1504,-1395,-2646,15616,3864
101,-1472,-474,-2266,15608,3628
459,-1552,-87,-2590,16024,3804
0
-32558,-1472,-32599,31817,32467,-26908
22422,-1504,-4152,11490,1352,5880
-3834,-1488,-3771,-530,9656,25084
-13798,-1488,848,31514,14848,11496
-17277,-1504,-1862,19582,8540,372
-8661,-1472,585,9106,3716,-1124
-4837,-1488,17579,-374,9756,1136
-2895,-1520,24646,-11482,16468,8928
1252,-1536,7784,-28222,26532,-1564
11982,-1504,22154,31818,16244,1968
10208,-1504,-2468,-16162,29188,2792
7764,-1520,-1585,-16354,22028,1324
4222,-1520,-7249,-13346,20764,1656
-50,-1504,-3504,-10922,18348,2260
-1924,-1536,-3926,-7502,16628,2260
-2244,-1488,-5760,-5286,16864,1952
-2430,-1520,-7157,-3190,16884,2372
-1676,-1472,-2251,-1630,14820,1468
-80,-1504,1105,-1154,15660,1788
-156,-1520,-546,-1190,15876,2532
-705,-1520,-2766,-1282,15476,2392
-454,-1504,-2415,-1406,15432,2232
151,-1536,-504,-1874,15320,2284
828,-1520,93,-2398,15892,2412
1064,-1520,-177,-2854,15648,2376
865,-1504,-316,-3034,16204,2568
595,-1504,-93,-2874,16284,2292
434,-1504,-354,-2786,16188,2340
-676,-1472,-1902,-2974,15684,2476
-453,-1536,-1274,-2934,15640,2428
0
19768,-1504,18311,3490,13856,4748
7241,-1504,133,31817,7156,17584
-32558,-1520,-32599,31817,32467,-10656
-32559,-1488,-18495,7858,11176,5232
-6451,-1536,-6004,1386,3248,-896
-15693,-1504,-5802,25570,12892,13060
-16126,-1520,-712,17390,12132,8628
-14468,-1520,4595,11814,15236,5688
-10483,-1504,2629,3914,15664,6900
-9062,-1472,11705,-7282,13272,7756
-6891,-1520,7259,-15510,17164,7868
-7199,-1488,10379,-26510,14288,11740
961,-1504,4152,-26186,14588,3456
11347,-1488,11169,-15334,18528,1984
10618,-1536,13936,-18058,20220,4176
4447,-1488,2196,-14630,18336,4524
-1614,-1504,-943,-10898,17872,4616
-4017,-1504,997,-6802,17388,4152
-1094,-1488,-3426,-3454,18924,2848
775,-1520,-2006,-2594,16396,2588
413,-1488,-278,-1906,15656,2532
206,-1504,-1243,-1694,14868,2120
-688,-1472,-873,-2334,14200,2304
-1666,-1472,-294,-2686,14188,2540
-1917,-1488,-407,-2854,14692,2720
-957,-1504,-380,-2742,15800,2728
10,-1504,209,-3138,15980,2872
368,-1472,432,-3314,16212,2856
392,-1488,-282,-3570,16120,3088
529,-1520,-375,-3534,15660,3160
827,-1504,109,-3618,15712,2912
1059,-1504,344,-3686,16004,2916
0
13556,-1520,-5656,29346,11212,13824
-32558,-1488,15340,31817,7920,32767
-4078,-1504,8489,23582,32467,-32768
27690,-1472,-32598,11366,-5484,22780
18502,-1488,-4417,10726,5720,2164
4299,-1488,3868,19494,13712,10508
-5317,-1504,833,16726,14312,3100
-2738,-1504,2777,9598,12576,4048
-12355,-1520,21774,-662,18652,12428
-15808,-1520,29595,-12590,15036,9892
-5798,-1504,2749,-17446,19272,3808
194,-1472,19887,31818,18192,9424
6280,-1520,920,-27342,2152,9372
5723,-1488,2320,-14430,20796,4688
4031,-1536,10026,-14170,14460,5832
808,-1504,9638,-10110,19656,5100
-1254,-1520,-4320,-6458,19596,4084
-1068,-1488,-4674,-4550,15608,3040
1333,-1488,934,-2330,15188,2256
3233,-1440,3135,-2250,15904,2856
2595,-1536,197,-2930,16204,3304
687,-1504,-850,-3142,15940,3188
25,-1488,-824,-2906,15540,2720
-79,-1536,-935,-2998,16152,2884
-327,-1440,-1889,-2898,16272,2876
-132,-1504,-2796,-2718,16232,2896
0,-1488,-1741,-2726,15832,2992
83,-1488,-185,-2574,16376,2912
232,-1472,-665,-2442,16616,2960
-42,-1504,-1434,-2578,16116,2912
-266,-1504,-1085,-2414,15708,2972
60,-1520,-637,-2382,15368,3036
0
-370,-1488,18146,3042,7280,5208
-9318,-1520,4424,22878,14504,10344
-5259,-1536,5015,26922,21028,3408
-5566,-1472,-6927,16782,17220,1540
-11132,-1472,5018,626,9736,6920
-13629,-1488,12099,-10746,15184,4316
-12869,-1504,15015,-23094,16116,10928
-6066,-1472,10163,31818,14660,7048
2454,-1520,2658,-17430,11216,5320
4974,-1472,5943,-10218,14820,4344
3815,-1520,9605,-9122,15148,4916
1068,-1520,686,-6382,20112,4276
23,-1472,-6451,-5638,18232,2280
264,-1504,-2406,-4790,16172,2292
1391,-1488,-390,-3482,16392,2152
2834,-1488,-1122,-3162,16644,2496
2363,-1504,-802,-3074,15808,2828
1710,-1440,374,-2722,15568,2460
1303,-1472,78,-2650,15912,2508
469,-1488,-608,-2682,16408,2760
424,-1536,-1236,-2694,16008,2628
420,-1504,-450,-2854,15684,2648
535,-1488,-622,-2770,16100,2624
399,-1488,-854,-2918,15844,2540
331,-1504,-571,-2718,15916,2440
631,-1504,-503,-2746,16176,2436
422,-1520,-294,-2978,15408,2320
101,-1504,-498,-3038,15760,2500
0
-32558,-1488,-28926,31817,5428,32767
-17051,-1504,20387,29962,32467,-32768
26384,-1472,-15725,9598,-15848,20564
24974,-1520,398,15726,-676,5508
16401,-1488,3935,20750,14608,4980
-164,-1488,2428,16166,13880,6332
-2545,-1504,-3834,9830,10356,1004
-12059,-1472,9924,-1742,12876,8040
-9003,-1488,17474,-10594,17360,3612
-8781,-1456,20340,-18122,17468,6940
-3000,-1472,10243,-24550,19532,2900
2337,-1504,4455,-16606,15224,7404
-2439,-1488,-1596,-16390,19112,7732
775,-1456,-2128,-11898,20284,4956
5695,-1504,454,-11054,16536,4268
5359,-1472,7578,-9998,17696,4744
3145,-1488,1905,-7666,18832,4016
3019,-1456,-2956,-5566,17852,2592
3498,-1472,1363,-3898,15416,2372
3775,-1504,5440,-2682,15724,2244
3852,-1456,1706,-2430,15772,2380
2449,-1488,-409,-2610,14752,2644
1037,-1472,231,-2562,15420,1952
284,-1504,-264,-2858,15896,1788
-1120,-1488,-1563,-2770,16612,1964
-1889,-1488,-1901,-2802,15944,1880
-1850,-1472,-1227,-2954,15836,2016
-1075,-1504,271,-2902,15568,2136
-523,-1488,986,-3082,15360,2180
-499,-1488,147,-3042,15980,2572
-688,-1504,-34,-3030,15584,2280
-974,-1504,2,-3046,15592,2156
0
-17719,-1488,-24297,31817,22964,9936
-32558,-1488,8727,31817,-6916,30172
12088,-1504,-16957,25646,27176,-32768
-32559,-1472,-32598,17230,-3596,13268
20905,-1488,14328,18782,1276,12428
562,-1488,14052,17394,14104,7584
-4113,-1504,-1136,9254,11320,3536
-11108,-1472,6789,-3434,14104,12460
-7640,-1488,31000,-12334,13032,7880
-6266,-1488,24536,-21222,20292,6080
-2537,-1488,18746,-26822,15208,6364
1627,-1472,-5053,-13662,19592,7036
4986,-1504,1686,-12410,20128,1252
5600,-1520,9208,-12734,18872,2960
3247,-1488,1542,-10574,19536,2472
1726,-1456,-1418,-9070,17224,1884
1096,-1472,3239,-7210,15632,1708
1380,-1488,2300,-5622,16764,2156
1081,-1456,91,-4018,17020,2252
1118,-1488,-1861,-2514,17100,1924
1451,-1472,-728,-1510,16212,1804
1010,-1504,324,-1678,16128,2232
-256,-1488,-775,-1854,15844,2304
-1110,-1488,-1722,-1890,15936,1872
-1284,-1504,-1401,-2242,15792,1776
-1220,-1472,-602,-2462,15988,1756
-1084,-1488,-792,-2530,16284,1908
-1233,-1488,-1445,-2606,16232,2060
-806,-1504,-1759,-2474,16112,1824
-566,-1472,-863,-2430,15628,1956
-309,-1472,118,-2278,15604,1948
-180,-1456,-644,-2362,16000,2144
0
-5689,-1472,-32598,31817,15444,21796
-32558,-1472,-32599,31817,32467,22616
-32559,-1456,-31464,4950,6392,-17776
1819,-1456,18594,-9218,-364,14512
-7398,-1472,21417,13394,5328,17068
-18789,-1472,16052,24362,21952,2936
-19374,-1488,7488,13698,12400,4520
-15904,-1472,4217,3586,14704,3908
-16730,-1472,20884,-7158,13588,6704
-11648,-1456,17646,-13210,17172,6096
-7201,-1488,12195,-21698,18756,4976
1840,-1472,741,-20174,16776,3728
4029,-1472,1667,-12638,21924,3284
4191,-1488,5889,-12582,19132,3200
4058,-1456,-873,-11242,19636,2940
3114,-1504,-1993,-9966,15376,2192
2849,-1472,3466,-8382,14832,2460
2473,-1488,2195,-6638,17144,3292
2650,-1456,-2946,-4934,16828,2600
2900,-1488,-1947,-3674,15744,2216
2632,-1504,168,-2938,16020,2044
2221,-1504,-1111,-2622,16360,2420
1278,-1456,-2759,-2874,15212,2252
171,-1488,-2514,-2874,15036,1940
84,-1440,-1385,-2610,15456,1816
486,-1472,-614,-3146,16240,2036
321,-1504,-1717,-3578,16156,2096
238,-1456,-2264,-3342,15900,1916
452,-1456,-1637,-3418,15336,1968
885,-1472,-1039,-3674,15796,2312
0
-19846,-1488,-32598,31817,13992,22512
-32558,-1472,-32599,31817,32467,-25488
28099,-1440,-22908,11874,-180,7952
11779,-1504,7996,2170,5020,19024
-4264,-1488,8830,20718,18300,13596
-13177,-1472,-5703,24406,19460,1852
-8963,-1472,-6552,9346,9328,5016
-7877,-1456,7338,-130,11852,2164
-7666,-1488,24759,-9694,12576,9156
-6147,-1472,3032,-22414,19964,4116
866,-1440,12796,-32726,11544,5276
2551,-1488,1999,-25858,5984,6384
651,-1488,3770,-15230,18548,4404
3014,-1504,5192,-13906,15192,4508
4419,-1472,4871,-11398,15148,4132
2799,-1488,2858,-8826,17708,4660
726,-1456,-2374,-5862,18244,3020
1287,-1504,-214,-3662,17504,2000
1750,-1456,1649,-3394,17636,2144
1079,-1456,-748,-3054,16400,2484
730,-1456,-2632,-2886,15424,2320
414,-1472,-1026,-2978,14724,2308
524,-1472,209,-2710,15160,2068
540,-1488,-671,-3134,15956,2348
-216,-1488,-1996,-3282,16012,2304
-423,-1504,-2402,-3050,15976,2040
-291,-1472,-697,-3298,15896,2396
-176,-1488,-557,-3246,16264,2460
29,-1472,-1062,-3294,15840,2460
202,-1472,-999,-3198,15592,2652
261,-1488,-1048,-3330,15748,2460
-6,-1520,-546,-3454,15864,2688
0
-22296,-1472,-2828,31817,10452,12284
-32558,-1440,-1094,31817,32467,16268
8025,-1488,-4718,16746,14424,-12832
-32559,-1456,-14192,7838,-10608,7236
20004,-1472,26154,14506,13988,16992
-5897,-1472,8463,21950,21208,9120
-10097,-1488,-8613,16162,13736,188
-8287,-1472,-12848,3846,9820,7812
-10400,-1472,11705,-8146,10872,4840
-3904,-1472,27064,-14602,13856,5428
-1460,-1456,15283,-27850,19692,3804
4908,-1504,14594,-29710,5644,5732
2678,-1504,-9525,-13466,24960,3888
4087,-1456,-78,-12830,14016,1428
5885,-1456,8629,-10370,16616,1104
6581,-1472,6504,-9610,20836,2304
3339,-1472,-6113,-8194,19176,2028
2292,-1488,-669,-5978,16068,316
2560,-1488,5254,-5094,18312,1520
1588,-1488,1238,-4346,17580,1984
518,-1440,-1498,-3714,16504,1960
-202,-1504,-2388,-2962,15316,1852
-466,-1456,-1641,-2374,15556,1552
-613,-1488,-542,-2230,16120,1648
-843,-1488,-1151,-2214,16292,1644
-860,-1472,-1786,-2254,16148,1492
-868,-1440,-1247,-2278,16144,1384
-556,-1472,-1048,-2418,15976,1480
-370,-1472,-848,-2414,15616,1428
0,-1488,-301,-2222,15772,1484
-162,-1440,-334,-2658,16180,1844
-517,-1472,-983,-2822,15700,1780
0
-32558,-1440,-32599,31817,32467,-32768
-32559,-1488,-12905,10410,-5436,-56
13441,-1472,12302,5718,3924,32767
-5458,-1440,7156,22178,25660,9664
-15993,-1488,-9495,15842,14420,720
-11778,-1456,-4543,1906,7692,9460
-13664,-1472,12551,-8786,14156,5840
-10311,-1440,12950,-15410,15636,7264
-5099,-1456,8894,-29078,20352,3288
1665,-1456,2382,-14494,11548,5744
2180,-1488,-5320,-11846,21856,1104
4395,-1472,-911,-11334,16328,792
4936,-1472,5218,-9962,18080,700
4936,-1456,3617,-8562,19772,852
3619,-1472,-607,-7526,17952,1248
2213,-1504,1319,-6794,15568,1512
1133,-1456,3674,-5810,15340,2136
563,-1488,3059,-4738,15904,2404
-128,-1472,-475,-3838,16364,2696
-916,-1472,-1991,-3194,16836,2572
-976,-1456,-932,-2538,16220,2124
-439,-1488,408,-2262,16168,2172
-305,-1472,-308,-2114,16452,2604
-88,-1472,-2117,-2122,15932,2276
-459,-1424,-2577,-2646,15212,2464
-64,-1456,-224,-2450,15252,1804
388,-1472,671,-2982,16068,2160
310,-1472,-1326,-3478,16452,1876
48,-1504,-877,-3554,15404,1616
-263,-1488,-362,-3434,15944,1864
-348,-1472,-777,-3158,15992,1884
-20,-1472,-676,-3078,15828,1780
0
9539,-1456,-29205,31418,16588,8124
-32558,-1488,2265,31817,5384,32767
-32558,-1472,13481,27194,32467,-32768
32290,-1504,-31386,12814,2200,20260
12710,-1456,-544,14798,6748,10544
-4570,-1488,8876,22606,17508,8016
-9542,-1440,4404,12894,11532,1308
-1648,-1472,1757,5134,7520,1716
-7444,-1456,20068,-5542,15308,1752
-3854,-1488,29034,-14142,18512,5920
-2102,-1472,2614,-31590,23648,2236
2948,-1440,1436,-26062,7904,8580
1486,-1472,-10383,-18830,22120,5268
5289,-1456,2315,-16906,16200,4148
5310,-1440,1721,-13550,16844,4336
2260,-1440,5155,-9314,18068,3592
390,-1456,-145,-5322,18908,3032
677,-1456,-6271,-3866,16480,2520
687,-1472,-1311,-2558,13928,2168
388,-1440,6184,-2110,14272,2184
126,-1456,3164,-2462,16108,2960
-1272,-1456,-3313,-2882,15728,3108
-1977,-1472,-2511,-2862,15480,2424
-1363,-1472,-447,-3154,15660,2580
-1151,-1488,178,-3514,16512,3212
-948,-1456,-268,-3454,16328,3160
-640,-1504,-418,-3574,15852,3184
-427,-1504,162,-3546,15988,3060
-399,-1472,111,-3410,15836,3264
-209,-1456,-731,-3094,15644,3224
39,-1456,-655,-2910,15496,2952
-91,-1440,-461,-3046,15684,2984
0
-32558,-1456,-32599,31817,32467,-32768
24705,-1488,-32598,5382,-14596,6972
5435,-1472,-17602,5146,-652,2840
-2579,-1472,-120,18210,9308,7464
-9188,-1456,18271,15994,14432,5056
-12539,-1520,9186,8794,21592,5088
-13797,-1456,-9563,5650,16836,1960
-8775,-1440,3765,-886,9328,4528
-3297,-1456,21559,-9298,15040,3232
-564,-1456,21017,-19986,18588,9292
2638,-1472,6713,-30150,16136,5656
5693,-1440,1343,-16098,15044,6116
4522,-1440,6708,-16978,18468,5840
4483,-1488,3154,-13898,18360,5276
4918,-1472,-655,-10778,17784,3952
3287,-1472,2264,-7598,17452,3216
77,-1456,-763,-5306,18580,2660
-490,-1456,-4984,-3374,17080,1880
359,-1472,-2085,-2206,14840,1536
674,-1472,1757,-2334,14648,1812
-83,-1472,498,-2606,15476,2224
-959,-1456,-2129,-2490,15188,1876
-1471,-1488,-1229,-2558,14748,1688
-1833,-1440,204,-2754,15264,1764
-2069,-1440,221,-2802,16172,1880
-1933,-1488,9,-3094,15852,2228
-1701,-1488,275,-3314,15980,2216
-1629,-1440,239,-3494,15860,2476
-1399,-1440,179,-3242,15984,2428
-838,-1456,-801,-3086,16640,2516
-919,-1488,-1153,-3342,15976,2656
-895,-1488,-1235,-3062,15780,2648
0
-32558,-1456,21427,31817,32467,-30468
21690,-1424,-8153,18450,-2992,1224
29462,-1472,17182,19570,2744,7536
9778,-1440,12402,20530,32467,19664
-6765,-1472,-7837,11526,14484,1624
-5880,-1456,-1110,1030,13620,3104
-3681,-1472,16048,-9722,16692,5392
-3453,-1472,14391,-18498,18928,4300
4381,-1424,10619,-30374,20180,-1692
4648,-1488,10842,-22278,11236,8232
1217,-1472,-5622,-14542,24752,3004
5260,-1472,-4428,-13682,15780,1868
5854,-1488,3114,-11926,16260,2644
2878,-1456,5944,-8638,16864,3188
2964,-1440,-2509,-5142,18012,1892
4544,-1472,-3712,-3514,14696,1048
4347,-1488,2047,-3102,14264,1388
2811,-1456,1815,-3002,16344,1964
817,-1456,-1573,-2778,16708,2204
-853,-1504,-1380,-3198,15468,1664
-1619,-1472,292,-3338,15668,1684
-1762,-1456,-383,-3422,16036,1968
-1693,-1488,-1047,-3054,15856,2116
-1252,-1440,-350,-3002,15908,1776
-943,-1472,148,-3326,15684,2056
-1137,-1424,-372,-3350,15632,2132
-1100,-1424,-232,-3366,15324,2076
-886,-1472,-53,-3342,15616,2120
-1260,-1440,-409,-3586,15448,2228
-1453,-1456,-988,-3250,15552,2452
-1272,-1456,-844,-3146,15288,2252
-903,-1472,20,-3402,15452,2388
0
-7421,-1456,-20637,-25182,20572,6392
-5387,-1456,-27667,31818,20000,60
-144,-1472,-13682,31818,16456,-4168
5481,-1440,-7297,31818,-1384,3016
9196,-1424,-13657,-14866,18764,2952
15376,-1424,204,2602,11964,3768
11039,-1472,15572,26706,4388,14500
-32558,-1456,2255,31817,12096,32767
-16751,-1456,-32599,21710,32467,-32768
2389,-1472,-31965,3022,2644,27288
2853,-1472,-32598,20730,3904,-408
22369,-1456,-28493,31817,2892,-9632
27855,-1456,-5213,22654,-1140,-3056
7922,-1488,20631,1886,9368,9556
-1473,-1472,-32599,-7426,10276,6248
-7815,-1472,6310,-16706,19800,2400
-9969,-1456,8419,-19530,10860,6340
-6374,-1440,-3089,-25818,18124,3592
143,-1440,13651,-27906,8740,3412
-118,-1488,3112,-14862,18560,8772
4358,-1456,-2485,-13026,17672,4812
8282,-1472,342,-12202,13548,3728
7268,-1472,9150,-10046,14228,2996
4483,-1456,2748,-7886,20132,2964
1057,-1456,-8158,-6214,17936,1464
363,-1504,-4823,-4698,15512,884
698,-1472,1388,-4070,14468,1380
931,-1488,1901,-3830,14752,1812
695,-1456,-980,-3894,15444,2036
350,-1440,-2042,-3834,15112,1672
377,-1472,31,-3458,15480,1428
221,-1472,605,-3642,16680,1780
0
13430,-1456,-3743,31817,3256,26816
-32558,-1440,-1094,31817,15252,32767
-9563,-1472,-32599,22634,32467,-23596
25190,-1456,-25423,7874,-2640,15096
3210,-1456,8078,5074,13832,7156
-5785,-1440,4575,21014,18884,8648
-8507,-1440,-6858,7818,17324,5476
-14579,-1456,-5304,2034,17580,6468
-14727,-1488,9206,-4022,13860,6236
-12489,-1488,-372,-10546,17896,4692
-4651,-1472,7148,-14470,15984,592
-3590,-1440,18628,-20734,13168,6468
6500,-1456,6247,-12378,17392,4356
5926,-1472,5863,-10702,16184,3596
5600,-1440,2650,-8738,13856,2992
4916,-1520,149,-7222,13888,2908
3411,-1488,-1334,-5958,15788,2752
2599,-1472,-419,-5054,16116,1728
2281,-1440,390,-4954,15888,1788
1063,-1472,-654,-4450,15844,2048
198,-1456,-2542,-3802,15876,1656
223,-1440,-1840,-3594,15460,1568
-32,-1440,-598,-3946,15264,1892
-226,-1472,-634,-3910,15400,1972
-548,-1456,-737,-3650,15996,1968
-477,-1456,-988,-3766,15696,1924
-520,-1440,-986,-3990,14904,1952
-531,-1472,-1123,-3866,16144,2248
-433,-1456,-1320,-4038,15448,2328
-517,-1456,-873,-3834,15564,2300
0
13544,-1472,-11727,21698,8760,19936
-25986,-1456,-11671,31817,-1016,32767
-32558,-1456,-32599,31817,32467,-32768
27524,-1440,-32598,8798,-832,26832
6675,-1472,-10926,17642,15640,4684
-1834,-1456,-10239,17182,9772,7408
-14439,-1440,-979,1478,9796,6224
-13793,-1472,9486,-4214,11428,1932
-2647,-1456,10243,-5422,13832,3964
-5849,-1456,5188,-11542,16612,7540
-10459,-1472,16673,-17506,12632,9600
-1774,-1472,9896,-21834,15192,8256
7622,-1440,1133,-21986,15348,5000
8499,-1488,7420,-14114,17064,2792
7330,-1472,8177,-14130,17864,4108
3819,-1472,-211,-11854,18956,3440
1718,-1424,-824,-8986,16304,1916
2355,-1472,2604,-6582,17320,1760
1832,-1440,-405,-5510,17516,2520
874,-1456,-3141,-4062,16364,2380
227,-1456,-1505,-3054,14944,2040
315,-1472,284,-2486,15860,2200
-365,-1472,-901,-2786,15864,2644
-1782,-1456,-2248,-3046,15616,2756
-1868,-1440,-1737,-2718,15560,2112
-1207,-1440,148,-3014,15584,2428
-1337,-1440,137,-3334,16372,2688
-1406,-1488,-938,-3578,15868,2576
-1222,-1440,-807,-3458,15584,2716
-703,-1440,-225,-3322,15316,2524
247,-1488,42,-3270,16156,2632
286,-1488,-203,-3594,16284,2716
0
-22492,-1424,-16622,31817,5488,32767
-32558,-1440,-32599,31817,32467,-32768
-32559,-1472,-32598,11610,-7252,17660
20704,-1472,-3655,13466,-1160,14264
-2106,-1488,808,19806,27856,8264
-11479,-1472,-1294,12366,15212,3000
-11073,-1472,8793,3562,11200,7680
-10421,-1456,6145,-6866,15040,3560
-8577,-1424,7331,-11826,10892,7424
-7906,-1472,2841,-24018,13796,7756
-7505,-1440,11609,31818,3752,7720
-4734,-1440,2811,-14038,13764,8564
-2881,-1488,11499,-12950,15292,6944
877,-1456,10714,-9890,16068,6416
4522,-1440,5430,-7746,18828,5120
6012,-1456,4610,-6654,16804,4488
5308,-1456,8992,-4790,16024,3376
4971,-1456,3916,-3930,19452,3084
3422,-1408,-297,-4026,18600,3064
1760,-1440,-1347,-3610,15804,2968
1232,-1456,-2052,-2998,16500,2548
1100,-1456,-748,-3070,15856,2448
703,-1472,-1980,-3278,16264,2640
-1,-1440,-3077,-2930,15608,2792
46,-1456,-3059,-2594,16248,2368
533,-1456,361,-2722,15396,2424
605,-1472,57,-2922,16216,2820
330,-1472,-1304,-2878,15400,2596
697,-1440,-479,-2826,15748,2452
659,-1456,769,-3214,15404,2648
488,-1472,3116,-2926,15676,2388
378,-1472,980,-2486,16816,2208
0
4055,-1424,-6067,29382,804,16344
-17077,-1488,12147,31817,31072,23640
-2262,-1472,17149,25802,32467,-15612
17920,-1472,-8905,3966,-11916,14100
-7788,-1456,10219,19558,16304,9356
-14908,-1472,7966,30426,20764,3472
-9005,-1440,4511,11762,10368,2508
-12438,-1472,11766,-3402,11796,9564
-12590,-1456,11758,-8138,12560,5244
-54,-1488,8320,-11770,11976,2404
2911,-1472,8864,-20934,14592,9984
6311,-1440,4026,-28686,10512,5612
9785,-1456,275,-14098,13764,3744
9479,-1424,5643,-13078,16896,1664
6257,-1472,-751,-12122,16284,2632
4232,-1472,-1857,-8902,15480,1172
3645,-1456,4371,-7614,15844,1676
2328,-1408,217,-7426,17912,2672
292,-1440,-5051,-7034,17100,2800
-1166,-1440,-3745,-5774,16016,2172
107,-1424,2725,-4086,15040,1368
667,-1472,1286,-4650,17948,2656
-765,-1456,-1582,-3690,15316,2128
-836,-1472,-3509,-3606,15940,2344
-1162,-1440,-5724,-3614,15456,2388
-1372,-1456,-5508,-3450,14716,2408
-789,-1440,-2339,-3286,15200,2096
-351,-1440,455,-3530,15588,2484
-519,-1456,-211,-3826,16420,2964
-976,-1488,-968,-3886,16032,2800
0
6240,-1440,9971,31817,6504,27676
-9454,-1472,-32599,31817,32467,-22756
7628,-1456,-17712,1122,-5604,32767
105,-1456,-13999,13222,7568,5152
-7782,-1440,-1817,31817,24020,5908
-12813,-1440,-9540,13658,12924,1412
-11620,-1424,-294,-506,10204,3056
-9699,-1440,9935,-8334,12448,6776
-9374,-1440,3876,-19214,19444,5632
1406,-1424,10917,-27190,14232,1228
2933,-1440,7228,-26950,7836,9212
15,-1440,-3146,-15626,21608,4712
2638,-1472,1577,-14630,14548,3564
3258,-1424,8239,-12318,17452,3436
2689,-1440,6235,-9490,18948,3816
1147,-1472,-2256,-7290,17232,2980
1022,-1456,-3168,-5190,15408,2272
1926,-1456,2291,-3630,14964,2112
2373,-1472,2498,-3502,16780,2608
1669,-1472,-649,-3398,16772,2744
330,-1456,-1242,-3650,15688,2592
-562,-1456,-383,-3226,15344,2428
-455,-1440,-723,-3026,16124,2388
-585,-1440,-1397,-3374,15864,2236
-708,-1456,-821,-3702,15788,2312
-892,-1456,-892,-3510,15392,2584
-416,-1440,-748,-3282,14924,2392
5,-1424,-62,-3554,15732,2568
-356,-1424,-408,-3634,15844,2588
-395,-1440,-1222,-3714,15884,2608
-544,-1440,-819,-3922,15304,2572
-216,-1424,56,-3882,15084,2660
0
-10806,-1408,26498,31817,32467,-20140
-5133,-1456,-16209,2830,-7832,32767
-415,-1456,-5700,16646,-908,5128
-6526,-1440,11935,25782,15968,6716
-14218,-1440,2253,15738,18128,4560
-14749,-1456,-9188,7158,13644,1496
-15241,-1456,-6352,-1914,10888,3812
-9889,-1440,49,-7310,13144,2752
-8463,-1472,7132,-17278,15540,8124
-4075,-1488,89,-25274,13276,3740
1595,-1456,2701,-20290,3964,8200
-73,-1440,409,-14262,19188,6936
3009,-1440,-843,-12078,16120,5108
5752,-1456,186,-11098,14208,4912
6779,-1424,4014,-9210,16224,4616
6305,-1440,3135,-7798,17700,4380
4213,-1456,-1914,-7106,17860,4056
2359,-1424,-1796,-5474,16020,3044
1846,-1440,1066,-4542,15308,3008
1056,-1440,-402,-4214,16372,3456
94,-1440,-2196,-3722,15424,3344
35,-1456,-1448,-3534,15428,2876
157,-1408,734,-3394,15848,2828
73,-1456,401,-3674,16012,2968
-507,-1424,-1007,-3706,15900,3152
-808,-1456,-783,-3566,15116,2940
-703,-1472,-135,-3482,15044,2972
-488,-1440,127,-3254,15924,3240
-350,-1456,-149,-3494,16080,3328
-278,-1424,-432,-3562,15680,3156
-278,-1440,-222,-3658,15448,3344
-274,-1456,33,-3702,15516,3448
0
-27771,-1408,14781,-966,11872,30028
-20059,-1472,-26780,17194,6936,4952
2072,-1440,-19640,28286,4008,-6324
638,-1440,-2270,17934,12652,13772
-14622,-1472,351,13250,17200,4688
-20124,-1456,-6513,2986,13504,1464
-13673,-1424,-4747,-6630,13856,3880
-10896,-1440,7341,-14990,17140,7304
-2294,-1440,10588,-24394,18624,3712
7518,-1424,9336,-25702,11916,5824
4165,-1440,1635,-18838,19464,7964
6277,-1440,1107,-15078,16364,3748
10683,-1456,4001,-12078,15848,1764
8914,-1456,10554,-11514,19576,2716
2668,-1440,436,-8562,20624,2660
336,-1440,-8904,-6050,17820,336
1082,-1456,-3796,-3982,15008,-96
2500,-1472,2133,-3534,14836,156
2280,-1440,1258,-4026,15644,1392
621,-1456,-1693,-4006,15136,1444
-173,-1456,-1515,-3670,14824,756
140,-1472,321,-3662,15580,684
-636,-1440,-636,-4058,16388,1800
-1370,-1456,-3334,-3914,16312,1816
-1355,-1456,-3473,-4022,15444,1704
-867,-1472,-1169,-4034,15328,1720
-390,-1456,205,-3762,15924,2084
73,-1456,-1386,-3882,16388,2060
-80,-1472,-1334,-4070,15324,1952
240,-1472,-697,-3914,15384,2048
356,-1424,-778,-3970,15648,1996
176,-1456,-692,-4150,16000,2152
0
-28392,-1424,9690,31817,32467,21656
-24711,-1424,31921,31817,32467,-17400
10456,-1456,-17221,6762,-416,9776
2272,-1472,-9355,5226,14768,-124
-1341,-1440,-5593,24378,18484,6556
-7662,-1440,-12851,8178,10972,5608
-9957,-1424,-4117,-1082,11196,3220
-3730,-1440,14561,-5394,11692,2360
-7775,-1472,8786,-12446,19308,6696
-7027,-1456,3829,-18606,16104,3048
-162,-1440,5606,-20218,13536,3336
2629,-1472,4554,-17646,16208,3320
1466,-1472,3268,-14626,17824,3476
2740,-1456,1895,-12630,17252,2960
3290,-1472,980,-11802,15480,3588
2991,-1488,-228,-9898,15288,3140
2863,-1456,-101,-8698,15584,2872
2061,-1440,1147,-7538,16192,3020
2252,-1456,716,-5682,16524,2404
2260,-1456,-340,-4970,16120,2524
1980,-1440,102,-4582,15992,2512
1531,-1440,-53,-4470,15776,2436
531,-1424,-1058,-4538,15956,2476
-169,-1488,-1227,-4434,14856,2036
-81,-1440,-816,-4542,15376,2024
-610,-1472,-641,-4614,14856,2128
-599,-1456,-989,-4478,15012,1964
-347,-1440,-603,-4430,15536,1700
-253,-1440,-81,-4642,15372,1868
113,-1424,1439,-4666,15124,1716
160,-1424,1138,-4822,15884,2012
-184,-1440,-1016,-4938,15688,2012
0
-28080,-1472,-32599,31817,32467,-26760
19426,-1456,-27946,6650,-16,9296
176,-1424,-19531,5914,1212,-8644
-5977,-1456,2782,26554,14932,644
-14348,-1408,4478,13766,17116,5172
-18463,-1408,-6061,3250,16856,3424
-16271,-1456,-4745,926,11160,2816
-13080,-1456,5171,-9222,10984,9500
-8438,-1440,6527,-18098,16456,6432
-2013,-1408,14301,-28398,12104,8460
3170,-1424,4287,-27702,6728,7452
2082,-1424,4780,-14526,20848,5484
3738,-1472,4459,-13618,16380,4956
3858,-1456,2979,-11850,15996,5360
1676,-1456,5822,-9754,14416,6096
-439,-1440,-1144,-7534,17768,5804
-1222,-1440,-4822,-5726,16224,4040
-691,-1424,607,-4398,15292,3704
97,-1456,1236,-3698,16632,3740
350,-1408,-1392,-3450,15976,3584
378,-1440,-888,-3578,15172,3452
139,-1472,-1471,-3830,15140,3076
114,-1440,-769,-3870,15272,3256
87,-1456,-355,-3958,15592,3184
143,-1424,-851,-3850,15988,3388
421,-1408,-576,-4242,15768,3400
485,-1440,-843,-4250,15932,3200
397,-1424,-734,-4106,15500,3556
787,-1456,-555,-4030,15712,3320
1013,-1408,-386,-4126,15264,3332
0
-32558,-1440,-32599,31817,32467,-12768
1165,-1424,-32598,7122,2088,10284
-4189,-1440,-13396,20078,-180,-2052
-9109,-1440,6219,29830,28172,9196
-12199,-1456,-7687,9150,14488,3940
-11486,-1424,-5762,-746,10940,6592
-6294,-1472,6994,-8274,12704,9012
-4915,-1440,-2342,-20310,18328,6248
4205,-1424,5367,-29110,8836,5152
243,-1456,6486,-28222,2100,9848
-1642,-1440,3457,-14026,16384,6312
2528,-1408,3047,-13890,12040,4912
5200,-1424,7514,-11622,14624,5132
4695,-1424,9392,-9186,15976,5216
3737,-1472,1101,-6982,18268,4220
2855,-1408,-2086,-5586,15192,3176
2331,-1440,1345,-4806,15824,3488
1666,-1424,2018,-4578,16392,3552
516,-1472,-994,-4518,16400,3588
-363,-1440,-1310,-4266,15432,3216
-36,-1456,457,-3990,15724,3024
61,-1456,289,-4062,15808,3336
-229,-1440,-662,-3934,15956,3188
-437,-1472,-703,-4110,15740,3116
-540,-1456,-592,-4026,15520,3080
-352,-1456,-973,-3870,15580,3212
-50,-1440,-1072,-3934,15280,3008
-6,-1440,-21,-4234,15212,3236
39,-1440,23,-4118,15556,3088
139,-1424,-508,-4246,15508,3204
-143,-1456,-564,-4278,15580,3136
-175,-1440,-185,-4118,15620,2908
0
-32559,-1456,-16077,7758,-8792,8664
1533,-1440,24215,17290,15808,8920
-11745,-1424,5326,19366,16232,6644
-11690,-1456,9401,10502,5280,-148
-2818,-1440,19777,5466,7348,340
-5641,-1440,19463,-3586,16876,2488
-4820,-1424,19072,-14130,19716,5540
1494,-1424,8544,-24770,17480,1468
2226,-1440,3053,-29726,13904,7924
771,-1440,-5327,-17046,18616,5912
3720,-1456,4664,-15706,16248,3636
5001,-1408,1805,-13026,18120,4316
4227,-1408,570,-10018,18152,2880
4457,-1424,-2583,-6770,16740,1740
4896,-1456,-2178,-4014,15968,452
5518,-1440,824,-3002,16092,480
4876,-1408,1331,-3042,16656,1088
2330,-1424,502,-3478,16396,1388
445,-1440,-44,-3022,15932,852
-395,-1440,-582,-3046,16464,1132
-719,-1456,-485,-3162,15852,1020
-938,-1456,-802,-3458,15116,1464
-1447,-1440,-2023,-3534,15628,1648
-1346,-1408,-2155,-3386,15192,1160
-1039,-1424,-1045,-3370,16084,1092
-614,-1440,-736,-3518,16036,1120
-476,-1440,-659,-3594,15896,1276
-171,-1392,-628,-3470,15908,1276
135,-1424,-278,-3698,15704,1336
167,-1408,723,-3886,15428,1496
-330,-1424,186,-3930,16152,1792
-393,-1456,-633,-3838,15636,1500
0
-32558,-1424,-32599,31817,32467,-32768
2163,-1440,-32598,17126,-1152,7956
5051,-1440,-25115,23610,-1636,-1788
19818,-1424,-3151,24802,20480,-16
9763,-1440,-4460,10454,9792,2348
-9111,-1408,18013,-3406,13584,1224
-6056,-1456,16099,-12958,16152,6196
-6800,-1456,18148,-22234,13112,10200
-2920,-1440,3742,-28634,16308,6108
-2683,-1440,10103,-13174,15308,6756
-125,-1424,8943,-13466,19804,6020
4732,-1408,706,-12262,15908,4708
7309,-1408,4794,-11162,13168,4652
5453,-1424,5363,-9962,17904,5716
3433,-1456,-2512,-7250,17592,4564
3109,-1408,-2586,-5414,15112,2880
3746,-1472,1698,-4006,16872,3024
3344,-1424,525,-3162,17348,2956
2802,-1456,-1232,-2910,15932,2460
1896,-1376,-307,-2870,15124,2316
1400,-1440,861,-2798,14544,2060
776,-1424,-1034,-2422,16176,2216
163,-1424,-2332,-2154,15892,1592
188,-1440,-787,-2734,16128,1728
-245,-1472,-61,-3078,15880,1968
-400,-1440,-1091,-2906,16276,2092
-248,-1424,-1064,-2994,15800,2036
-47,-1408,-11,-3310,15868,2096
-259,-1408,-54,-3142,16064,2264
-135,-1408,-522,-3150,15888,2516
-95,-1456,-450,-3370,15552,2428
-39,-1440,-86,-3522,15640,2612
0
2343,-1456,-21248,31817,7524,29300
-32558,-1440,-32599,31817,32467,-32768
30176,-1440,-32598,8286,-36,17016
-5499,-1424,-9309,12266,5756,760
-9435,-1440,2576,25726,18124,9832
-8795,-1440,-2773,15346,15004,3564
-8936,-1424,-3814,5278,10264,5948
-14206,-1424,3451,-4998,14992,2616
-6777,-1440,12339,-10058,13168,4520
-5714,-1424,7629,-21242,16456,4608
-227,-1424,3623,-27746,9276,2072
241,-1440,5209,-24114,7568,5652
-1843,-1440,6182,-14666,16068,5096
3752,-1424,5220,-12970,14696,3816
5876,-1440,3363,-11430,17448,5404
2397,-1408,4554,-8822,18676,5656
653,-1424,-2563,-6738,18464,4300
723,-1424,-5798,-5202,16944,3700
836,-1408,-2148,-3658,15444,3228
1157,-1424,-255,-2934,16108,2760
1471,-1456,-2127,-3422,16340,2808
477,-1440,-3361,-3954,15520,3008
-50,-1440,-2015,-3666,15092,2284
147,-1424,-1061,-3650,15656,2320
35,-1424,-930,-3782,16104,2660
-154,-1408,-1286,-3914,16308,2832
-500,-1424,-1559,-3918,15504,2980
-619,-1424,-1092,-3858,14920,3016
-535,-1440,-487,-3750,15232,3172
-443,-1440,-695,-3890,15820,3336
-388,-1424,-1476,-3682,16072,3340
-185,-1424,-1354,-3618,15804,3308
0
19079,-1328,29700,31817,-3504,6436
-17528,-1264,9388,31817,32467,7240
-17139,-1312,-23004,9250,21388,5168
-14597,-1328,-16626,13246,-8604,-4452
-9681,-1328,11655,29974,12948,-1144
-18306,-1344,10458,23374,16528,5432
-17682,-1344,-3696,17210,19844,940
-12926,-1328,-10627,2490,7456,5328
-3236,-1344,3129,-5690,12364,5100
546,-1328,8436,-17770,17308,7184
10810,-1344,10189,31818,16652,1792
8361,-1312,15820,-30846,736,7680
1284,-1328,1157,-15854,20868,5004
3784,-1312,-4694,-13918,13236,3796
5721,-1328,4841,-10354,13932,2516
6267,-1328,16273,-6538,18556,1308
4323,-1312,2961,-4726,22560,1492
1603,-1328,-6931,-4354,16812,772
-96,-1312,-2698,-2846,15176,-168
295,-1376,309,-2710,15092,260
344,-1296,-860,-3334,15500,728
40,-1344,-1739,-3242,15372,512
500,-1328,-1900,-3266,15408,244
761,-1312,-1035,-3470,15796,88
821,-1344,-111,-3154,15488,396
547,-1360,354,-3506,16028,252
221,-1344,-250,-3646,15336,464
-337,-1328,-165,-3774,15188,512
-554,-1344,-436,-3686,15540,564
-639,-1312,-526,-3606,15636,596
-817,-1328,-192,-3462,16292,624
-552,-1344,-746,-3390,16200,604
0
26976,-1296,-20920,13330,-4048,9612
17617,-1296,12981,6210,14820,16548
-10072,-1344,-3088,24882,24532,8784
-19467,-1360,-19071,22614,18120,-692
-5162,-1312,-11346,6634,3732,-3648
-8506,-1328,24381,-5626,9832,3820
-10530,-1296,20926,-16942,20316,5664
-1804,-1312,20368,31818,22716,1572
6758,-1328,18921,-22262,9712,6048
-778,-1344,301,-17710,31660,4476
1018,-1344,-6246,-15002,18780,3644
4224,-1328,767,-11210,16988,3032
4710,-1312,8535,-8102,19188,3160
2177,-1296,3064,-6070,19512,2444
262,-1312,-6135,-4114,17768,1592
-464,-1344,-6160,-1970,15224,88
668,-1328,-753,-1466,15160,8
609,-1312,887,-2798,15172,960
-781,-1328,-879,-2706,15800,1444
-968,-1328,-2167,-2702,14960,772
-630,-1312,-1379,-3014,15340,932
-887,-1328,-1177,-3362,15816,1324
-1180,-1344,-2002,-3214,15688,1412
-1401,-1344,-2141,-3050,15804,1452
-2113,-1296,-2047,-3090,15684,1740
-2746,-1312,-2868,-2958,16132,1984
-2943,-1312,-3943,-2790,15988,2152
-2060,-1312,-3967,-2570,15792,2144
-818,-1312,-2403,-2578,15780,2128
180,-1296,-712,-2650,15660,2340
730,-1312,-58,-2842,15792,2548
952,-1328,-302,-3026,15920,2508
0
-4159,-1328,-26519,31818,22124,9412
8882,-1296,-9023,31818,11848,3972
19662,-1280,11428,-19978,18664,-412
25414,-1280,-7158,-5078,16576,-768
14247,-1328,-1925,18802,8616,4892
-15542,-1312,-6800,31817,20848,16224
-32558,-1328,8964,31817,32467,252
3120,-1296,-16499,12302,-5408,2120
15602,-1312,3923,19818,5440,4052
1097,-1328,20706,18430,16284,9036
-13454,-1360,5245,20302,26844,4504
-14215,-1280,-16167,12222,17644,-572
-11620,-1280,-7822,-258,11676,1048
-9959,-1296,10263,-11178,12628,5312
-3028,-1344,6445,-30386,20356,252
4095,-1296,9321,31818,1644,6584
3094,-1344,438,-18798,12268,7920
58,-1280,3944,-16250,14856,4708
3073,-1328,3784,-13126,14208,4716
3843,-1312,5848,-10650,17280,4676
2853,-1280,1179,-7706,18344,4040
1727,-1296,-1765,-5634,18372,3456
1167,-1312,-1068,-3302,18452,2620
1900,-1296,1095,-3146,16256,2352
2359,-1328,2433,-2942,16460,2388
1987,-1312,109,-2926,17000,2608
629,-1328,-2842,-2910,15972,1996
288,-1280,-2565,-2814,15768,1604
232,-1328,-975,-2722,15500,1656
196,-1328,-446,-2858,15684,1996
-198,-1344,-750,-3066,15720,2036
-268,-1328,-509,-2986,15652,1940
0
-3939,-1296,-17605,31818,21872,10380
-5683,-1312,-32598,31818,15160,-588
5934,-1328,-2578,31818,5864,-1596
8388,-1312,6388,-21774,13400,3136
13974,-1312,105,-2058,14272,1372
14709,-1328,4438,21710,4804,6208
-12489,-1312,5350,31817,18512,20480
-17645,-1296,7806,31817,32467,-1944
-3053,-1328,-7612,9086,-3116,6964
5596,-1312,-633,24070,6520,-2548
3291,-1328,1578,25662,25364,9512
-6813,-1312,-4979,12430,12056,2220
-8023,-1328,-3663,490,13776,-40
-6090,-1312,2219,-8366,13932,4584
15,-1344,-753,-19034,19096,-812
8063,-1296,14806,-31550,14260,1588
8078,-1280,7763,32026,6084,4860
3715,-1328,-2257,-16358,20800,3000
3109,-1296,-649,-15578,15456,2216
1202,-1312,4394,-12078,17480,3016
92,-1328,1186,-8594,18792,2664
-270,-1312,-4025,-6158,18020,2436
-1241,-1280,-3594,-4526,15912,2128
-987,-1328,-1535,-2902,14752,1516
-89,-1312,262,-2306,16196,1824
279,-1296,-452,-2806,16180,1672
-26,-1328,-440,-3358,15416,1768
-186,-1312,-337,-3050,15336,1460
74,-1296,-1552,-3094,16084,1576
-108,-1312,-1111,-3498,15744,1688
0,-1312,-1,-3374,15788,1724
-123,-1328,88,-3630,15844,1840
0
-3649,-1312,5367,25594,17928,2124
-10148,-1312,-3659,21218,22484,564
-12697,-1296,-11723,10790,16460,260
-6859,-1264,-6266,-534,10632,316
-6170,-1280,3970,-12822,14772,8148
-741,-1264,68,-31186,19956,-180
6845,-1280,11744,32290,4280,2532
3460,-1328,11628,-21062,12684,4384
-1121,-1296,4430,-14638,19576,3488
-158,-1280,-4050,-12506,12772,3668
1959,-1328,2678,-9530,12996,2640
2487,-1280,7989,-7594,16272,3684
1154,-1296,-320,-5374,18876,3156
468,-1264,-5126,-4062,16876,2012
525,-1312,-1935,-3662,15204,1316
444,-1296,843,-3902,15604,1712
728,-1312,196,-3786,15664,1380
1118,-1280,-873,-3790,15692,1268
1150,-1296,-1295,-3910,15988,1212
1077,-1280,-1714,-3762,15652,1264
1168,-1296,-2217,-3874,15824,1280
1270,-1280,-2239,-3966,15380,1144
1096,-1312,-913,-3918,15748,1120
1116,-1296,-586,-4062,16060,1088
998,-1280,-1117,-4090,15536,1284
887,-1296,-1062,-4254,15900,1468
354,-1280,-960,-4434,15672,1336
-207,-1264,-1242,-4318,15608,1556
-194,-1280,-1389,-4134,16092,1320
-490,-1280,-790,-4278,15380,1500
-612,-1296,-761,-4154,15604,1712
0
-11977,-1296,3466,31817,25864,24224
-30499,-1312,18413,31817,32467,-17860
2355,-1312,-11274,13214,1108,6584
3752,-1296,-4577,23998,20592,-3424
322,-1312,-7916,22394,20816,3216
-7765,-1264,-10819,6394,11412,2272
-7144,-1280,2158,-5718,12460,3384
-2417,-1264,15115,-15954,18000,5420
7038,-1312,9491,31942,21228,-2244
11246,-1280,6941,-29550,4052,6060
3816,-1296,-3995,-16930,23904,3380
4302,-1312,-2979,-15866,15992,2208
5393,-1280,-433,-13346,17268,1704
4824,-1280,2324,-10622,16592,1920
4492,-1264,1032,-7958,16608,1852
3403,-1344,-2019,-5906,16396,2136
2077,-1280,-2565,-4538,15760,1528
1647,-1296,-1148,-3798,16176,1692
1260,-1280,-415,-3386,15696,1576
1018,-1264,-461,-3750,15540,2044
-20,-1280,-815,-3538,15316,1944
-387,-1280,-980,-3214,15216,1424
-982,-1296,-693,-3350,15168,1380
-1129,-1312,-530,-3198,15616,1544
-1179,-1296,-532,-3354,15848,1872
-1268,-1312,-520,-3454,15664,1676
-755,-1312,-668,-3302,15320,1504
-304,-1296,21,-3410,15600,1768
-256,-1312,-4,-3606,16168,1852
-427,-1264,-326,-3510,15752,1792
0
30536,-1264,18628,-3026,11688,-3176
28775,-1248,30774,10034,14544,4708
7417,-1264,-4875,31817,32467,32767
-32558,-1248,23826,31817,32467,-32768
10958,-1248,-32598,9038,1392,7088
10886,-1296,-6457,8254,4844,432
703,-1216,4608,28786,27996,6256
-7109,-1264,-10087,16334,11800,-1448
-2398,-1248,-1885,3478,8336,-1492
-9173,-1296,18513,-9038,15256,4868
-10216,-1264,8328,-20238,21052,4748
2763,-1248,5192,-25238,15540,-4676
8479,-1264,4225,-24138,10916,2468
1228,-1296,3652,-19366,17892,2228
-1768,-1248,-2775,-16206,18248,936
-1560,-1264,-3736,-13534,15628,812
952,-1280,1757,-9754,15088,236
2801,-1248,5606,-7822,15928,228
2484,-1264,2251,-5934,17644,524
918,-1280,-2429,-4098,17244,404
-444,-1280,521,-3174,15148,588
-786,-1264,-1033,-3246,15332,408
-329,-1248,-1563,-3230,15296,0
505,-1264,-1031,-3238,15564,-264
1154,-1280,-1092,-3446,16180,-328
1233,-1264,-1438,-3586,16032,-372
969,-1264,-1406,-3642,16152,-152
743,-1280,-1342,-3794,15812,-4
568,-1264,-927,-4006,15256,-80
407,-1248,-579,-4134,15136,144
0
-6211,-1216,-29654,31818,18876,6004
-2156,-1264,-32598,31818,18732,-4088
8662,-1248,-15003,31818,-508,-412
14439,-1264,-863,-17674,17444,-604
17408,-1248,13342,-1774,11224,2404
18509,-1280,13313,19434,5732,11496
-122,-1248,14821,31817,28520,22496
-15638,-1296,14812,31817,32467,2180
-6400,-1248,-12694,6022,3808,16588
-204,-1280,-1595,19158,11664,-848
-6894,-1296,3129,28126,21356,7412
-15788,-1248,-13897,20894,15596,1976
-8621,-1264,-11161,10794,7100,-5312
-1407,-1248,14639,31818,13060,7188
5353,-1296,3460,-26282,11192,6408
4958,-1296,4712,-18918,24376,3252
3403,-1280,-566,-17602,17528,3528
3764,-1264,3687,-13394,16232,2272
4493,-1312,5060,-10350,16912,2552
3035,-1296,-1852,-7838,17536,2128
1591,-1248,-5440,-4702,17696,1136
1215,-1280,-2929,-2990,16856,880
1375,-1264,-293,-2506,16332,1104
1409,-1280,-1327,-2590,16540,1564
1154,-1296,-2173,-2666,15744,1276
1278,-1248,-1630,-2770,15696,1112
993,-1248,-1025,-3026,15468,1372
823,-1264,-1862,-3022,15512,1312
501,-1248,-1737,-3318,15420,1120
308,-1296,-863,-3274,15392,980
0
-22321,-1232,31136,31817,32467,24352
3146,-1248,7273,24278,32467,-7324
-208,-1264,-21390,4574,5568,19828
-2808,-1280,-10210,30238,22056,976
-8425,-1264,-12219,18134,12140,-620
-2118,-1264,2011,3502,7284,-2116
-3718,-1248,17232,-9534,11880,6596
-9877,-1264,1008,-22826,19036,5880
-4222,-1280,9840,-29578,10444,-308
6,-1296,1984,-24026,10580,2356
-8,-1248,4558,-16590,20252,2128
2486,-1280,-531,-14974,17928,2808
4380,-1248,-305,-14014,14820,2164
3855,-1280,3408,-12230,14208,2632
1443,-1264,1291,-9966,17208,3584
-917,-1248,-5741,-7086,17396,2500
-541,-1264,-7698,-5558,16352,1604
146,-1248,-3157,-4402,15652,1768
1324,-1264,629,-3206,15428,1504
2003,-1280,689,-3122,16084,1852
1339,-1248,-440,-3562,15952,1944
323,-1232,-1657,-3546,15852,1640
-202,-1280,-1884,-3334,15844,1540
-224,-1264,-1263,-3222,15584,1408
-23,-1248,-595,-3286,15624,1680
15,-1264,-718,-3466,15668,1680
54,-1296,-627,-3462,15584,1808
201,-1248,-119,-3558,15364,1552
306,-1296,192,-3746,15496,1740
31,-1248,-212,-3594,15824,1808
0,-1296,-307,-3674,15680,1896
114,-1264,223,-3822,15552,1948
0
21236,-1264,1144,11554,10100,-204
21014,-1248,1563,21866,5924,13272
-10392,-1232,-2743,31817,32467,19888
-18791,-1248,1669,22638,32467,-5304
-5282,-1264,-25001,3842,-1780,10608
4125,-1248,-3177,21518,11888,-2192
3286,-1280,6129,23538,17272,5408
-6320,-1264,1881,17094,15876,1644
-11278,-1248,-6964,2410,12056,2660
-14404,-1232,-1174,-8354,11520,6336
-9163,-1280,3703,-14870,13952,3504
339,-1280,12556,-21018,12420,3180
174,-1248,8039,-27690,12916,3420
-269,-1264,8217,-17990,13124,6228
1828,-1264,3080,-15586,19080,2524
6260,-1248,2375,-14810,16084,2568
7310,-1264,6066,-13006,16708,4104
5368,-1248,-2598,-10154,19496,4236
5912,-1232,-4930,-7978,17508,1416
6318,-1264,3149,-6470,15760,932
4905,-1248,3286,-5150,18192,1424
2361,-1264,-2666,-4038,16996,1016
976,-1280,-2573,-3118,15432,64
11,-1264,-160,-3046,14820,284
-375,-1280,-150,-3130,15644,744
-709,-1280,-1200,-3406,15600,876
-443,-1264,-791,-3546,15408,732
37,-1312,210,-3810,15512,944
-68,-1264,94,-3966,15660,1144
-453,-1280,-587,-4090,15432,1112
-552,-1296,-552,-3982,15308,916
-618,-1280,177,-4038,15720,1132
0
25597,-1264,12733,21818,10084,824
5761,-1248,1754,31817,32184,16572
-21545,-1296,-2907,31758,32467,16076
-16355,-1264,-18567,11262,7876,4084
-1722,-1280,3313,23558,2096,-4000
-3150,-1232,583,18298,16124,7276
-18402,-1248,-11016,18718,20436,560
-16135,-1264,-9574,10382,9700,-4284
-11268,-1280,7769,-2182,9972,2140
-10746,-1264,11292,-12766,14968,5832
-4826,-1280,11096,-21102,14628,3036
-815,-1264,11813,-27502,8748,7144
63,-1248,7109,-15426,14004,5584
2388,-1280,6882,-14882,15764,6040
4888,-1264,3480,-12134,14884,4068
10446,-1248,6583,-11242,16868,2752
8625,-1296,5232,-10726,18872,2604
3428,-1248,-4808,-8014,19800,1372
808,-1264,-5936,-6018,16152,568
1557,-1280,-1682,-3406,15696,4
2403,-1216,241,-2602,16796,140
2541,-1264,-1707,-2910,16236,160
2345,-1280,-1112,-2990,15556,200
1945,-1296,-577,-2818,16188,264
1552,-1248,-382,-3334,16028,168
787,-1232,-382,-3754,16088,436
-211,-1248,-1146,-3646,15644,284
-493,-1264,-1014,-3718,15424,164
-662,-1280,-665,-3578,15408,336
-607,-1216,-1002,-3586,15836,384
-537,-1264,-1282,-3610,16092,180
-112,-1248,-1191,-3522,15608,60
0
167,-1280,-32598,16986,-2116,14684
8907,-1248,2752,23718,8560,-4616
10062,-1264,2661,19226,16464,3428
7716,-1280,-5694,9766,10332,392
-5472,-1264,9462,-2994,11232,14532
24,-1296,10189,-10278,16236,1300
3580,-1280,14550,-18470,14152,3280
2230,-1264,3163,-24250,12036,2656
-530,-1248,1110,-16294,12924,3532
-189,-1232,2189,-15250,17200,2044
3566,-1280,3503,-14246,18084,1412
4549,-1264,6051,-14082,16012,2128
1596,-1296,-731,-8750,16624,1072
374,-1280,2665,-6558,16496,1188
-1146,-1264,-1056,-5202,18552,1664
-1890,-1248,-4597,-4106,16180,1492
-1750,-1280,-2585,-3078,15124,1144
-800,-1248,346,-2430,15704,1088
-618,-1248,-505,-2442,16784,1320
-791,-1264,-2049,-2434,15968,872
-1096,-1248,-1672,-2534,15860,1196
-1173,-1280,-1225,-2894,15532,884
-1095,-1248,-448,-3110,15520,1188
-955,-1280,-463,-3186,15364,1152
-369,-1296,-532,-3450,15644,1136
-198,-1248,138,-3582,16380,1364
-52,-1264,-603,-3578,15944,1236
7,-1280,-340,-3690,15816,1176
-189,-1264,-443,-3526,15680,1200
-423,-1248,-730,-3502,15752,1392
0
-129,-1280,-15763,31818,15624,5904
6791,-1216,-16123,31818,11312,2884
16168,-1264,-862,-22258,12872,3576
24529,-1280,4878,-5102,20648,-2256
23257,-1264,11024,16946,9280,308
3006,-1248,15446,31817,14208,9084
-29116,-1248,28056,31817,32467,-4756
-16016,-1296,-26100,898,5864,16648
-12505,-1248,-29064,25574,6712,-4836
5128,-1264,-9476,31817,9932,-4200
1553,-1264,-4840,16910,7152,4536
-6804,-1280,8663,202,8432,496
-10120,-1264,11622,-9354,13756,5136
-13727,-1280,6702,-18578,14980,6956
-3002,-1264,5829,-21214,10956,860
1631,-1280,5844,-21870,10404,5872
264,-1296,4815,-15862,16256,5380
1246,-1264,1873,-13622,16608,3260
3064,-1248,1304,-11958,17188,2664
5184,-1264,4339,-10478,17232,1884
4121,-1248,5342,-9914,18032,2488
1235,-1296,-1199,-8206,18264,2476
-376,-1248,-4259,-5866,16616,1792
129,-1264,-2790,-4266,16840,956
1232,-1280,-173,-3462,16700,1064
1090,-1280,-302,-3734,16368,1432
246,-1264,-1561,-3450,15420,1468
-121,-1248,-1823,-3222,15412,1156
-154,-1264,-1052,-3230,15948,1100
-464,-1280,-1297,-3462,15932,1156
-846,-1216,-1781,-3534,15624,1008
-884,-1248,-1484,-3510,15212,1148
0
-32558,-1264,21185,31817,32467,-15472
-1224,-1232,-28552,8542,6400,7800
1923,-1280,-7093,13442,-2520,-860
9571,-1232,7078,21630,19476,4148
2613,-1248,946,13650,13588,-16
-6693,-1280,-3150,3610,13644,5196
-12668,-1264,737,-5590,17632,-1028
-8793,-1248,13171,-9890,14776,4140
-7492,-1264,3842,-17558,20208,2080
159,-1248,5658,-16090,12896,-212
-1410,-1264,7004,-17510,16992,4616
-204,-1248,-67,-13442,17484,2276
2757,-1280,42,-12986,14276,1940
4316,-1264,2642,-11606,15640,2148
4691,-1248,3172,-10358,14984,1964
4526,-1248,1811,-9698,15300,2580
2907,-1264,-1567,-9102,14916,2500
1683,-1280,592,-7506,15232,2088
1171,-1232,1497,-6182,16320,1716
821,-1248,-1538,-4934,17160,1372
453,-1280,-2664,-4098,16320,684
438,-1264,-1206,-3566,15204,260
351,-1248,-890,-3566,15672,636
-170,-1264,-1696,-3750,15420,832
-679,-1248,-1508,-3858,15716,724
-935,-1280,-782,-4126,15652,748
-1111,-1248,-924,-4282,15496,736
-792,-1248,-1204,-4158,15456,764
-729,-1264,-596,-4254,15564,996
-612,-1248,-364,-4326,15628,1016
-364,-1248,-667,-4294,15780,1208
-371,-1232,-807,-4390,15512,1056
0
1156,-1264,4377,31817,-716,18148
-27040,-1264,-32599,31817,32467,-8380
5652,-1280,-12756,9782,3280,4576
233,-1296,1502,7142,9408,8040
-13985,-1264,50,25138,23428,5200
-15641,-1280,-12271,15942,15888,-3908
-10840,-1248,-3756,3874,7576,3588
-9824,-1248,7012,-6282,16224,1356
-9344,-1264,9021,-14690,14808,6336
-4106,-1264,-262,-21886,14236,1916
626,-1280,7301,-23802,8300,5448
3948,-1264,3464,-15454,15692,4228
7188,-1280,2563,-15226,16432,2712
5910,-1232,1078,-14070,16764,2576
4725,-1264,2972,-11634,16204,1860
3165,-1216,-1538,-10274,16828,2488
755,-1232,-3186,-8242,16268,1652
805,-1248,-106,-5730,16352,724
1238,-1264,-877,-4890,16972,1428
484,-1248,-2205,-3986,16364,1092
474,-1248,-634,-3270,15764,488
32,-1264,-258,-3454,16108,1112
-624,-1248,-1404,-3394,15836,1268
-740,-1264,-1135,-3418,15440,960
-877,-1248,209,-3870,15372,1204
-1054,-1296,-156,-3610,15928,1256
-841,-1296,-673,-3698,15748,1244
-785,-1248,26,-3786,15520,1160
-831,-1264,-275,-3974,15740,1432
-763,-1248,-525,-3758,15628,1332
-281,-1264,-339,-3654,15940,1312
-313,-1264,-325,-3922,15904,1324
0
28678,-1280,7069,-2426,8468,2112
17277,-1280,11591,23066,8140,9384
-32558,-1296,30655,31817,18376,32767
5248,-1280,-22400,22330,32467,-23236
6273,-1264,-31041,10990,-10368,8288
524,-1248,8192,24194,14428,3908
-9414,-1280,-3276,21054,22596,5276
-6744,-1264,-9603,9842,7056,-1876
-3230,-1280,2380,3506,10808,8340
-3041,-1296,15859,-5190,11076,6416
-3216,-1248,3212,-15942,18428,2452
2245,-1248,16445,31818,15776,2200
4052,-1248,2180,31818,3888,9184
-643,-1264,-7004,-16146,23212,4496
1757,-1264,860,-14986,13680,4172
3787,-1280,5456,-11314,15968,3248
4198,-1248,-387,-8538,16112,2928
4199,-1248,-3419,-6050,14700,1648
4526,-1280,1854,-3962,14308,780
4771,-1232,5314,-4122,15564,1352
3204,-1248,1106,-4258,17036,2408
1644,-1248,-2982,-3242,16368,1600
1759,-1280,-1550,-3514,15592,1184
1459,-1280,-5,-3978,16596,1372
615,-1264,-2007,-4030,17008,1436
392,-1248,-2629,-3830,15648,784
214,-1248,-1307,-4018,15632,1060
-153,-1248,66,-3898,15692,1044
-680,-1216,-582,-4042,15860,1212
-1036,-1264,-792,-3850,15980,1120
-1121,-1248,-565,-3814,15956,1400
-789,-1264,-511,-3802,15632,1564
0
4360,-1280,-29935,31818,-15020,-504
13102,-1296,-9483,-27458,4804,-1884
22707,-1264,20214,-8230,3892,-1208
22466,-1248,22300,15314,6748,11272
-14004,-1264,3383,31817,11444,32767
-32558,-1248,-32599,31817,32467,-32768
16602,-1232,-32598,26318,7840,13048
-6397,-1264,-9081,30650,23176,9636
-5769,-1216,1736,11406,11368,-4032
7091,-1248,-26,4350,4368,-4440
-9311,-1280,23724,-19206,14100,9760
-7909,-1248,6234,31818,27252,2352
1633,-1232,23792,31818,-748,-4788
-3188,-1280,-4572,-18422,20668,3684
-3986,-1264,2252,-16926,17620,1544
-1769,-1248,3825,-14446,15568,3904
-1636,-1264,4571,-9742,19848,3944
-204,-1264,-5394,-5778,21204,2752
1902,-1280,-4945,-2922,17680,1904
3973,-1248,1096,-866,16416,1276
3935,-1216,-43,-686,18148,1496
2042,-1232,-3863,-2006,15952,1728
977,-1248,-4251,-1234,14888,596
1391,-1216,-760,-1338,15644,588
1539,-1264,-1299,-2142,16284,952
885,-1280,-2558,-2734,15960,1440
673,-1264,-2684,-2482,15296,1200
1527,-1248,-507,-2530,14788,1076
2047,-1264,270,-3090,16120,1452
1586,-1264,-1107,-3450,16180,1408
1237,-1248,-1159,-3202,15704,1256
1091,-1264,-1043,-3270,16256,1492
0
20771,-1248,8242,30958,4004,18268
-32558,-1248,-32599,31817,32467,21840
12825,-1264,-28531,13842,20456,-8068
7552,-1280,-11029,8182,-9396,9528
-13770,-1232,12236,27206,29268,9432
-17180,-1280,-9734,21666,15768,-1360
-2097,-1280,-9872,7034,2320,-4224
-7560,-1264,17436,-3814,10136,5904
144,-1280,13136,-13322,17028,6396
-2525,-1264,-5033,-31542,19328,4328
4070,-1280,13743,-31126,1032,3704
2397,-1248,-1490,-13522,20696,4596
6033,-1264,1103,-13650,17044,2236
8328,-1248,2816,-12494,17068,1204
6371,-1264,9378,-10130,18672,1528
3428,-1280,-834,-7446,20760,1592
3777,-1280,-6842,-5354,17940,-148
4818,-1232,550,-3642,16140,12
4580,-1248,2527,-3034,16972,748
3253,-1232,-1755,-2518,16792,1148
666,-1264,-1220,-2418,15336,508
166,-1248,-795,-2746,15788,616
-698,-1264,-1696,-2986,16252,772
-1049,-1312,-2580,-3246,15540,544
-1165,-1280,-704,-3218,15292,608
-1082,-1232,662,-3082,15884,588
-1404,-1280,105,-3350,16408,1060
-1528,-1264,-923,-3278,15820,1104
-1330,-1248,-184,-3210,15112,1212
-770,-1248,432,-2926,15880,1192
0
-24312,-1248,12169,31817,32467,32767
-23648,-1232,17729,31817,32467,-24656
7428,-1248,-27682,9074,-2036,14532
3938,-1264,-4980,27014,24260,4980
-9167,-1280,-18908,19546,17108,4352
-5034,-1264,-15107,5606,2932,-412
-3515,-1248,17716,-2954,6644,1964
1806,-1216,18853,-12922,17900,4024
-9508,-1296,-2540,31818,18752,6124
-264,-1248,15462,31818,-2172,6552
-1132,-1296,-2341,-13646,21260,3304
-465,-1248,9245,-14118,15136,2548
2802,-1264,8503,-11122,17844,1532
4374,-1264,2936,-10538,17236,2320
2701,-1280,1095,-8662,16480,1636
779,-1232,1167,-6390,18204,992
-453,-1248,-1605,-5214,18060,1024
-372,-1232,-3676,-4358,16468,1268
569,-1264,-1809,-3614,14964,1248
1486,-1280,271,-3818,15000,1128
1090,-1264,-1439,-3918,16512,1524
207,-1248,-3714,-3870,16200,1080
-29,-1280,-3062,-3826,15536,740
-311,-1232,-1002,-3802,15200,1148
387,-1280,-1217,-3618,15568,1188
258,-1280,-562,-4126,15708,1348
-85,-1264,-766,-4102,15380,1340
-78,-1248,-1075,-3946,15428,1324
-48,-1264,-659,-4054,15224,1120
190,-1280,351,-4014,15380,1292
0
-18914,-1248,17006,16446,32467,-32744
3431,-1264,-32598,8502,3076,17628
-4367,-1248,-17396,25414,5516,5944
1819,-1264,-5945,31817,18964,796
373,-1264,-11434,14054,4848,-1496
8127,-1248,3013,5006,3612,-1856
-7010,-1264,22382,-13742,10860,3240
-10782,-1248,-4918,-29890,21992,3128
-4479,-1248,14063,31818,3628,572
-2805,-1264,2266,-18506,15816,5176
-1995,-1248,1834,-14198,18040,2152
1530,-1296,2341,-11550,15844,2768
4565,-1248,4069,-8982,18992,908
4395,-1248,4213,-8042,17120,1420
2656,-1296,-635,-6186,19000,1164
1301,-1280,-2505,-4706,17576,1072
268,-1264,-476,-4030,16912,1112
-88,-1264,707,-3258,16396,1172
-57,-1280,-1799,-3166,17732,1388
-186,-1248,-1822,-2770,15788,1132
-233,-1280,-1130,-2810,15204,1120
-529,-1248,-563,-2670,16232,1196
-821,-1264,-2001,-2606,16248,1364
-1120,-1248,-2602,-2646,15524,1100
-1021,-1280,-1786,-2690,15904,1400
-1068,-1280,-527,-2838,15596,1288
-750,-1280,-218,-2714,15752,1452
-465,-1264,-188,-2942,15844,1584
-510,-1216,-491,-3162,15708,1552
-400,-1248,-581,-3206,15544,1564
-275,-1248,-465,-3082,15420,1640
18,-1248,-139,-3118,15876,1756
0
