-11321,-1776,-25789,31818,-2092,-11500
21820,-1744,-19213,31818,-6804,-4628
-32559,-1760,-2503,-15558,11516,-5296
-15038,-1744,-5348,8598,15504,4324
-7733,-1744,-1669,31817,13052,-3236
-8054,-1744,18494,28210,24672,14976
-13792,-1728,2553,28510,14540,7796
-7780,-1744,20709,17014,7276,-2472
5551,-1760,26637,-2134,14480,-5700
-1790,-1744,530,-14866,20536,-3196
-1852,-1712,-10557,-31878,17916,-496
-9343,-1760,-1055,31818,5176,756
9661,-1744,-11337,-25650,14760,3216
6626,-1728,-4088,-23830,7060,4592
-23524,-1728,-10667,-25894,16596,16592
3700,-1712,-10128,1630,10080,-23724
15271,-1728,-2453,-7834,16076,8080
10430,-1728,13034,-6618,13932,5064
-4451,-1712,-2856,-2098,17208,-5104
7763,-1728,15971,-1506,15892,-1676
645,-1744,13481,-3514,15864,228
426,-1744,1188,-3222,18568,68
57,-1760,-2214,-3350,15668,-2364
-891,-1712,-1058,-4470,15448,-12
-2575,-1744,-4453,-4246,15240,180
-2579,-1760,-6431,-4062,15140,-476
-1757,-1712,-4569,-4462,14688,12
-1427,-1744,-1830,-4762,15540,420
-1623,-1744,-1941,-4794,15696,652
-1753,-1744,-1301,-4918,15528,272
0
3819,-1728,18655,31817,14288,-15084
-640,-1712,30588,17194,23380,13060
-23120,-1728,12940,27558,23424,10796
-29941,-1696,11354,25058,14044,-820
-4438,-1744,10566,9122,8948,-4560
-2899,-1728,17412,-11066,16308,10336
-2712,-1712,-18994,-17130,16344,-5716
-11192,-1696,-15058,31818,17264,6808
14257,-1696,86,31818,-2124,8056
23498,-1680,12166,-26598,13012,2904
10918,-1696,-4279,-23710,8712,11788
-18572,-1712,4090,-13154,14228,-23400
21189,-1744,-18033,-4942,19656,-5596
5658,-1728,5138,-3134,13696,3288
-1543,-1744,1215,-6002,17240,3732
1770,-1712,9116,-1618,14124,-3572
893,-1728,12543,-4374,14512,2892
319,-1712,8923,-4858,16524,-312
-87,-1712,-2032,-4246,16212,-2680
-88,-1728,-1686,-5006,15872,-960
-2270,-1744,-2625,-5234,15672,-1200
-2629,-1696,-2325,-5126,15232,-568
-2547,-1712,-3279,-5118,15240,-288
-2251,-1712,-2669,-5226,15556,-288
-2720,-1728,-2458,-5142,15464,224
-2517,-1744,-1924,-5190,15032,328
-1596,-1728,-269,-5038,14944,32
28,-1712,1843,-4874,15288,-156
898,-1744,2724,-5190,15184,144
1361,-1744,4266,-5334,14792,-492
1410,-1744,4861,-5370,15100,-712
807,-1696,2052,-5534,15312,-632
0
-8023,-1696,-15646,31817,32467,10688
-32559,-1680,-32599,31817,26440,27692
2969,-1712,-5940,31817,32467,-24072
16110,-1696,-2597,6286,21100,-2976
-7375,-1712,31238,8846,13468,32767
-31069,-1728,6724,19482,19640,7544
-32558,-1744,6922,21726,21096,1516
-13046,-1712,4095,10858,7232,-8868
-4781,-1728,20968,-6798,14628,11176
-15043,-1712,3505,-22098,12988,3320
-10200,-1728,-18439,-25706,6848,-7024
43,-1744,13073,-31150,5608,4832
-2452,-1712,11800,-31358,6908,5372
17892,-1728,-182,-20158,14084,6016
11187,-1744,-4113,-15286,10464,7508
-4886,-1696,1265,-11590,16344,-9416
12230,-1776,-13995,-4218,17160,-1576
7287,-1744,-2123,-5286,14940,916
2285,-1760,512,-4866,14896,356
2303,-1744,9061,-4458,15892,536
-258,-1728,2834,-5726,15460,1572
149,-1696,6868,-5950,14896,-932
124,-1712,-1265,-4710,16428,-1184
-285,-1696,-1166,-5530,15776,200
-1465,-1760,-4083,-5158,15408,-480
-1246,-1712,-4145,-4870,14948,-452
-515,-1696,-3581,-4846,14572,-52
228,-1712,-2355,-4762,15296,300
413,-1712,-1629,-4854,15476,652
62,-1728,-1174,-4854,15252,552
-147,-1712,-430,-4734,15144,300
207,-1728,938,-4630,15352,168
0
-574,-1696,-21896,31850,10420,-1208
1826,-1712,-18046,31818,3616,-232
1973,-1712,-9723,-31138,1456,0
7077,-1696,-12421,-12894,14192,-620
8932,-1744,-20931,3662,11356,1704
13479,-1744,-3239,23462,22308,6424
2144,-1712,7147,31817,32467,12440
-2027,-1712,21154,31817,23156,-1428
1323,-1696,23241,21138,16640,-256
-16828,-1712,11577,19342,21972,14084
-29536,-1728,-2747,22554,16444,796
-13909,-1712,2065,12722,8224,-9080
-244,-1712,7729,-4118,10588,1580
-5364,-1728,-2674,-13906,12552,2444
-4940,-1712,-14561,-25306,15480,-1992
12231,-1744,-3516,-18518,7588,-3128
7977,-1728,8643,-22518,15260,108
2064,-1744,-6805,-23214,12600,552
1129,-1728,-6469,-16322,12396,-296
-7314,-1712,-5233,-16418,14352,6644
-3637,-1712,-18926,-7722,16732,-6928
6250,-1728,-1125,-8002,10312,5396
4411,-1712,-3251,-7258,15040,3576
3755,-1696,-872,-4070,14816,-1052
5019,-1712,5056,-5038,15392,1204
2813,-1712,7394,-4954,14928,324
1989,-1712,8054,-4650,16088,-1432
85,-1712,1876,-5358,14528,-248
-1257,-1728,2740,-6002,14208,232
-2439,-1744,-33,-5462,15388,-208
-2716,-1744,-4055,-5474,15900,-520
-3234,-1712,-4835,-5706,15672,20
0
19260,-1728,-29949,-18434,6940,-432
20881,-1744,-7181,1114,12160,-492
8228,-1712,10065,29350,24552,11708
12398,-1728,-32599,31817,32467,32767
-3842,-1744,17499,31817,10752,-26404
-7445,-1696,-15849,14922,29344,19680
-17463,-1744,1457,20314,11840,3644
-12120,-1696,14508,12170,14516,-1352
-418,-1728,5121,4030,12656,-4896
9190,-1712,9218,-7354,12184,2556
2400,-1760,4278,-16718,17860,-2084
4766,-1728,-2782,-29926,16292,-1792
3255,-1712,2400,-24358,3860,-2180
1164,-1728,-7551,-18562,14620,756
-12060,-1728,-13338,-14186,16524,3196
-1775,-1712,-17171,-5430,15352,-3904
3962,-1696,-1537,-6306,14372,3432
2174,-1728,-38,-5470,16784,1616
3533,-1712,4575,-3466,16280,-336
2512,-1728,5340,-4594,16564,1980
1324,-1744,6478,-4426,14696,-336
448,-1728,4298,-4222,16024,-516
-239,-1728,769,-4630,15060,268
-1488,-1712,-1651,-4746,15128,-168
-1690,-1728,-2479,-4842,15556,-324
-2409,-1744,-3419,-4858,15692,408
-2594,-1728,-4379,-4674,15572,572
-2336,-1728,-2908,-4898,15292,768
-1814,-1712,-1373,-4998,15452,1164
-1226,-1728,-144,-4642,15244,940
0
22020,-1728,-15149,31818,1560,2308
27119,-1696,-6335,-20606,10368,-3488
13528,-1680,-23563,4278,13956,2612
-6016,-1712,-4825,29046,20908,13032
-31411,-1712,-4926,31817,32467,32767
-5340,-1712,-944,28546,17500,-20572
8033,-1728,-2063,12482,15164,3840
-3585,-1712,17810,19838,18276,9352
-21885,-1680,-2587,19830,23524,11268
-17330,-1728,5088,16250,7048,-7560
-1367,-1712,17498,2430,5788,-3268
10449,-1728,13459,-10218,13144,-1456
-3772,-1680,9713,-28622,20556,10540
-4289,-1712,-19260,-29854,21684,-6464
13579,-1712,403,-30470,6108,-4920
5438,-1680,18356,-27418,9676,-1140
-23045,-1648,-17575,-9362,18108,-4476
637,-1712,-462,-1858,14280,-1148
668,-1712,937,-4522,18260,6672
-196,-1696,-2097,-3398,15356,1920
375,-1680,2974,-1970,15304,1292
1197,-1744,4629,-3642,14892,1520
966,-1680,7805,-4166,14424,-264
1545,-1712,6584,-4102,16136,-68
987,-1696,1652,-5390,14388,-428
130,-1712,-206,-5786,16052,-212
-446,-1712,-4071,-5738,15160,-280
-608,-1664,-4904,-5502,15108,-160
-573,-1712,-4006,-5310,15884,364
-706,-1728,-3158,-5254,15704,832
0
4485,-1744,-1007,14614,14652,6972
11866,-1712,5960,31817,31472,24572
-31597,-1696,-32599,31817,32467,26248
17178,-1680,-6515,25362,7152,-6948
1866,-1696,19153,16194,17632,15424
-20108,-1712,18921,21462,24288,11180
-26982,-1680,5159,14870,14508,-860
-12594,-1696,11770,6810,9172,-10148
2021,-1712,4663,-7958,9948,-1852
4462,-1696,1629,-19018,13808,11300
-14242,-1712,-6232,-13386,3228,3400
1584,-1712,-23371,-29014,3808,-2164
3256,-1696,8995,-24766,-3920,2328
3702,-1712,1428,-16838,12436,3004
1945,-1696,-5404,-16966,7776,7564
1769,-1712,8823,-12578,16832,-12252
-855,-1680,-11273,-6926,22252,8252
2222,-1728,-637,-10602,15480,3840
-2869,-1712,-10248,-6870,18016,3176
1417,-1696,6993,-3738,13384,1516
-1325,-1712,7300,-4874,14704,1860
-758,-1712,8092,-5214,14484,1316
-2330,-1696,-3788,-4062,17396,392
-1248,-1680,-2619,-5266,14576,1156
-1483,-1728,-1196,-5830,14520,672
-1539,-1680,-1061,-5614,15292,768
-1325,-1712,-2664,-5814,15408,976
-1415,-1664,-2916,-6006,15192,1180
-1766,-1712,-2561,-5958,14892,1308
-1761,-1728,-1267,-5734,14632,1664
-1784,-1728,-666,-6030,14576,1832
-1541,-1712,151,-5774,15020,1656
0
29407,-1712,-23599,-20266,776,-1632
19813,-1712,-2452,-5722,5556,6052
-904,-1712,9910,20342,13316,10308
11292,-1712,22876,31817,28352,32767
-29276,-1696,-32599,14578,11952,-32768
20074,-1664,2270,14758,17684,5540
8294,-1680,190,15198,14812,8744
-12405,-1664,6723,13710,20492,17112
-16811,-1680,8180,14390,11808,-12
-7700,-1696,18547,2470,8416,-5788
-1783,-1744,22121,-8418,14876,5832
-6258,-1680,3429,-19206,14276,4792
-5380,-1728,-12604,-22258,13328,1308
-2035,-1680,-2390,-20390,9492,1076
-2321,-1728,12940,-25642,7772,656
1846,-1680,11285,-17310,13980,3308
-198,-1712,-2646,-16730,15828,6356
-10644,-1728,-5026,-15190,12792,5616
-6750,-1680,-10533,-9150,18348,3084
710,-1696,-4177,-6850,13948,4960
960,-1680,-5289,-5546,17144,2772
2153,-1712,-1239,-3470,16248,12
-16,-1728,3556,-4986,15328,-280
33,-1712,-1050,-5550,13820,408
248,-1712,107,-5742,14856,948
-156,-1728,-2373,-5806,16012,756
-1046,-1712,-4322,-6018,16004,1248
-1487,-1696,-5233,-5494,15272,1212
-987,-1712,-3779,-5238,14720,1332
-1064,-1712,-2119,-5774,14488,1996
0
-21017,-1696,-32599,31817,32467,2240
10419,-1680,-8807,18770,14032,4924
6608,-1712,5854,12634,11368,12676
-3929,-1664,7928,22166,23532,8952
-11992,-1712,-3234,23622,17808,52
-4006,-1696,7579,9810,8376,-1736
4502,-1728,13894,-3610,11080,592
1649,-1712,15646,-12186,15128,4948
-8077,-1696,-2963,-21350,12144,-80
-9461,-1712,-19328,-22918,14776,-4156
-4834,-1680,-7470,-25970,-2060,184
-11867,-1696,11328,-22942,5244,3924
1141,-1712,-1614,-17046,12304,2476
5824,-1728,3539,-16238,8044,5184
265,-1680,11329,-13354,15392,-3048
2260,-1728,-4381,-9382,20368,2956
2867,-1712,-5432,-8986,15352,1900
687,-1712,-4099,-6586,16736,1640
1224,-1696,7472,-4450,14712,528
1395,-1680,6599,-4750,16024,1832
-444,-1712,5588,-5186,15412,520
-1495,-1696,-1314,-4342,16960,-64
-757,-1680,-1586,-4994,14140,64
-862,-1696,-521,-5378,15200,-300
-2036,-1680,-2502,-5586,15440,180
-2261,-1680,-4037,-5266,15124,332
-1876,-1728,-4219,-5558,15304,888
-1623,-1712,-2958,-5278,15232,820
-1226,-1696,-1155,-5458,14648,1312
-467,-1712,1693,-5434,15280,1304
177,-1696,2468,-5346,15340,1232
319,-1696,1060,-5546,15644,1472
0
-16847,-1712,8131,15638,12400,7036
-32559,-1712,-32599,31817,-27456,32767
-7000,-1696,-10172,31817,32467,-32768
20136,-1712,-10977,6426,23352,-756
3557,-1696,19945,19434,20820,18428
-17874,-1680,5848,17918,23056,4824
-17845,-1680,9934,7434,15400,-528
4756,-1728,3130,-3754,4672,-9040
9048,-1712,9223,-14310,10024,13228
-8054,-1696,-2830,12502,7020,2360
-15042,-1680,-23003,31818,7220,-1776
-816,-1712,-10150,-27690,-10812,-904
1844,-1712,-70,-17034,9040,20
4146,-1696,7873,-14494,9872,1220
1483,-1696,1777,-12726,12888,644
-1308,-1712,2529,-11310,13868,-4876
-1096,-1696,-6197,-7102,17584,400
3178,-1744,3516,-8310,13772,2720
3,-1728,-4750,-8278,17220,1048
-254,-1712,1949,-6954,14188,808
-334,-1744,6789,-7534,14244,1716
-1226,-1696,10772,-7966,13836,724
-2939,-1712,383,-6418,17772,736
-2216,-1728,-3459,-6910,13468,1116
-2590,-1680,-3077,-7170,15396,952
-2941,-1696,-3659,-6682,14752,884
-2489,-1712,-4208,-6486,15024,1436
-2567,-1728,-5329,-6550,15228,1720
-2520,-1696,-4684,-6526,14556,1656
-2120,-1680,-2652,-6354,14132,2236
-1368,-1696,-1709,-5978,14604,1852
-484,-1712,-733,-6382,14844,2172
0
6945,-1664,-32599,31817,32467,32767
-988,-1680,-32599,31817,25956,-32768
23060,-1728,6194,-1790,19456,9320
-1732,-1712,29488,6986,13832,18392
-21683,-1680,-102,17538,21428,11748
-24158,-1696,5049,29386,14304,-4596
-970,-1712,13703,9542,9444,-3340
-8918,-1696,22803,-6114,16756,16004
-11919,-1680,168,-16362,11840,2904
-10513,-1712,-16644,-18366,10696,1744
-3504,-1696,-2820,-17566,8776,1856
-7877,-1712,7274,-26782,10872,9268
-517,-1696,-5454,-29170,2448,6496
10450,-1680,5930,-17066,11016,4032
9309,-1680,15552,-13942,11892,1924
-777,-1696,-5261,-12382,25712,-4608
467,-1680,-14987,-6990,14624,-2620
2791,-1696,1391,-6710,12424,2972
956,-1712,2716,-5542,15412,1768
941,-1712,3649,-4738,15820,1516
142,-1696,2846,-5306,14888,2712
21,-1712,6409,-4966,15312,1208
-131,-1696,5077,-4182,16592,-196
-765,-1712,858,-5222,15520,1292
-1298,-1680,901,-5114,15252,840
-2286,-1664,-3470,-5114,16264,748
-1645,-1712,-3614,-4958,15004,944
-1040,-1664,-4066,-4982,15532,784
-843,-1712,-2791,-5134,16004,1012
-651,-1712,-2844,-4910,15244,1368
-342,-1712,-1185,-5022,15504,1528
-152,-1712,165,-4962,15252,1412
0
-25101,-1712,761,31817,29296,15888
-25358,-1696,-32219,31817,32467,-1236
562,-1680,-12445,23586,14660,-4120
-5342,-1696,16316,27022,24608,6556
-10395,-1680,5815,20902,20888,3460
-5751,-1712,5317,8026,10360,-2708
-11272,-1696,-10109,-29710,23996,1284
-713,-1680,-19484,31818,4952,2932
6005,-1680,14894,-24022,-160,544
4236,-1712,12057,-19038,16172,2272
2305,-1680,-5501,-18070,12856,5788
-8341,-1728,-2058,-11298,14352,-7952
6326,-1712,-10145,-4810,19640,-2244
5422,-1712,4398,-8630,15576,6520
532,-1696,-7278,-4562,17008,2700
2573,-1680,6322,-1902,14168,836
2939,-1728,11816,-3830,16224,2452
1153,-1680,10016,-4566,16060,992
-925,-1680,906,-3850,17600,808
-1097,-1696,-839,-4758,14908,872
-1528,-1680,-1034,-4526,14632,232
-1996,-1728,-3095,-4798,15468,532
-2093,-1680,-4277,-4622,15884,864
-1806,-1712,-5086,-4474,15616,576
-1704,-1712,-4481,-4870,15804,1164
-1322,-1680,-2616,-4742,14904,1672
-516,-1696,-755,-4610,15336,1376
275,-1680,206,-4366,15736,1268
1035,-1696,664,-4934,15332,1556
1199,-1680,1458,-5114,15068,1512
0
-7056,-1712,21777,31817,32467,32032
-5827,-1744,-11520,26158,18292,-12136
3391,-1712,22845,13910,9104,5260
-7397,-1696,23911,18634,26444,6444
-21108,-1680,4381,21182,22212,6680
-12726,-1696,10711,10182,7832,-5984
740,-1680,14021,-4294,9772,-1880
-4731,-1696,14048,-22958,13420,14732
-10375,-1680,-20695,-24794,15264,2296
4271,-1696,-9516,-24174,6648,-12
-135,-1696,13309,-22394,928,-784
3178,-1680,10246,-14922,15340,2192
4633,-1696,-4802,-13418,13328,756
3652,-1728,363,-12750,8732,1952
269,-1712,944,-10594,19808,-1616
-605,-1696,-4439,-6198,16400,-608
86,-1680,-6490,-6890,19892,3092
-2161,-1696,-9810,-4846,16524,40
1286,-1664,3441,-3658,13948,-72
2211,-1680,7487,-5154,14712,1996
811,-1696,8005,-5174,14928,244
-403,-1712,2501,-4242,17172,-576
-536,-1696,-2739,-5050,14824,-496
-695,-1712,-1278,-5010,15104,-732
-1056,-1680,-2665,-4702,15040,-736
-28,-1664,-2603,-4486,15664,-596
-180,-1712,-3110,-5102,15588,-32
-858,-1728,-3970,-5090,15440,484
-909,-1712,-3882,-4926,14776,584
-183,-1680,-1278,-5130,15252,680
90,-1696,107,-5210,15268,752
488,-1712,190,-5190,14824,780
0
-11637,-1664,28756,31817,14860,24748
-21756,-1712,-484,31817,32467,31180
10704,-1696,-8559,23266,9556,-13632
10777,-1696,-32599,14934,11388,5732
-10673,-1680,19166,15830,32467,18868
-32558,-1696,-780,23338,20492,3608
-19223,-1680,3453,4530,4756,-13632
5365,-1728,6939,-9106,3260,-3076
-4607,-1712,7505,-23226,14072,8724
-16164,-1680,-23521,-19738,13048,3600
1380,-1680,-14971,-27862,-1464,-1832
-372,-1712,11125,-15678,13828,2772
3004,-1696,7738,-11898,14468,456
3973,-1680,2088,-10450,15568,864
1955,-1680,4472,-10162,13544,1528
-1462,-1680,-199,-9414,20316,280
-1073,-1680,-4654,-7398,12628,1924
-861,-1696,-5177,-7238,15652,3884
-2578,-1680,-2770,-6118,14732,1384
-422,-1680,7265,-5730,14408,2136
234,-1728,6475,-5886,15660,1992
-722,-1680,4862,-5906,15744,336
-908,-1696,-1004,-4942,17100,1028
-459,-1680,-1677,-5470,15060,1012
-1160,-1680,-3077,-5150,15124,92
-929,-1728,-3499,-4786,15200,412
-483,-1680,-4055,-4634,15924,320
-92,-1664,-3506,-4870,15580,464
-474,-1696,-3432,-5010,15072,888
-190,-1680,-2048,-4762,15712,1172
467,-1664,-1,-4750,15296,896
448,-1680,387,-4866,14860,1356
0
-24224,-1664,-1904,21318,23088,9388
-11434,-1680,5415,13338,9196,-9484
3951,-1712,11766,-5678,7992,604
-2122,-1696,-2920,-23242,17560,7216
-1106,-1712,-18771,-20070,18288,1732
1256,-1696,-15459,-30374,1556,-596
1292,-1728,16415,-21146,7908,4020
5551,-1680,8432,-16138,12744,2640
5045,-1696,6191,-14178,11020,4176
-3312,-1712,1503,-12290,18028,-1908
1066,-1664,-7730,-5158,20248,1720
2760,-1696,-5677,-6094,15144,2652
194,-1712,-6681,-6462,15736,3160
342,-1664,5324,-5622,13404,792
545,-1712,7905,-6330,14784,2316
99,-1712,9011,-6358,13668,356
-646,-1664,2050,-5662,15840,728
-693,-1680,563,-5818,13796,304
-375,-1696,117,-5442,16012,-420
-735,-1712,-2221,-5750,15696,36
-1640,-1664,-3438,-5710,15492,624
-1074,-1696,-1543,-5638,14464,1764
-965,-1712,-629,-5322,15356,1660
-213,-1696,-386,-4982,15648,936
814,-1696,420,-5518,15760,1140
589,-1712,970,-5646,15216,1236
577,-1696,2179,-5562,15344,900
503,-1680,1762,-5370,15112,820
523,-1696,1336,-5342,15028,440
300,-1712,-20,-5706,15656,648
0
-2999,-1680,-17937,24510,25456,11696
4496,-1712,-32599,31817,19432,32767
-25162,-1664,-15502,30166,19420,-4176
5821,-1680,-16082,8534,15604,2064
4504,-1664,-32599,15886,6976,3084
-10407,-1712,12390,14230,31680,12324
-22128,-1696,-354,16202,16072,-1456
-9475,-1728,3499,4482,9544,-3496
2597,-1680,12805,-5302,10680,-1956
-1022,-1664,9110,-20330,19336,15988
-3786,-1712,-18962,-15486,16812,-1668
1956,-1680,-10748,-16766,9492,-1860
-5619,-1696,5491,-25106,7892,736
1762,-1680,2398,-19426,11204,3120
4861,-1696,-3406,-12726,14576,640
5033,-1680,2858,-12726,10296,2580
2360,-1680,606,-10578,17620,-2608
4078,-1696,-7718,-5482,19524,1044
4679,-1744,-7060,-6502,14768,1320
2331,-1696,-6174,-4606,16644,-112
1520,-1696,2351,-4722,15656,1884
426,-1712,2434,-4810,14412,2032
-478,-1664,4696,-4798,14028,968
-614,-1680,3756,-4038,15368,-176
-894,-1680,-862,-4706,14660,384
-1691,-1664,-842,-4894,14556,304
-2306,-1680,-2397,-4622,14900,116
-2341,-1680,-2567,-4982,15276,904
-2547,-1680,-3894,-5154,15444,1028
-2234,-1680,-3784,-5274,15488,1532
-2270,-1664,-3153,-5334,15244,1924
0
-8709,-1696,-26377,31818,15452,4228
9685,-1712,-32598,31818,1420,6544
20160,-1696,-21156,-29574,-992,4196
19969,-1696,-14044,-12042,10308,6568
-360,-1712,-4611,15230,9840,7864
-23608,-1696,19329,31817,17800,28004
-28559,-1680,-32599,28094,32467,-5428
11329,-1680,-21227,19738,11896,-1248
8111,-1696,30177,14474,11700,6092
-8107,-1680,14500,22218,30192,12392
-17886,-1696,-4436,14282,18252,1296
-5701,-1712,1238,3442,6128,-1356
5620,-1728,11893,-8198,9852,1948
2810,-1696,9150,-17710,14696,12672
-946,-1680,-9005,-17166,13524,1364
-6833,-1712,-14301,-23178,10040,2752
-3735,-1680,-3854,-26746,-3232,3328
4911,-1696,7616,-15902,14412,4216
5005,-1680,5653,-12894,11268,3676
5135,-1712,10330,-13958,8060,3608
5025,-1680,3576,-11414,25120,1080
5441,-1712,-4729,-9746,13100,620
3306,-1664,-4710,-8818,16672,3640
480,-1648,-998,-6190,15556,-180
1332,-1664,7421,-5642,15172,2304
675,-1680,9858,-5110,15588,1792
-1359,-1696,3248,-4478,18160,984
-1537,-1712,-3630,-4474,14572,804
-1182,-1680,155,-4686,14052,1000
-1305,-1696,-690,-4910,15808,776
-1236,-1680,-2825,-5186,15312,1016
-1034,-1696,-3099,-5154,15572,1096
0
-9112,-1712,-15491,30626,12204,17456
-32558,-1664,-16081,31817,32467,32767
29423,-1680,-32599,12354,408,-32768
27401,-1696,11424,1254,24636,676
-10179,-1712,20418,24774,23664,7640
-21492,-1696,10008,15038,18644,8600
-22922,-1696,17349,4902,13976,-9672
-1724,-1712,-672,-3990,6548,-5200
-2611,-1728,5062,-17362,15132,19420
-8307,-1712,-14312,-19262,13472,240
-5182,-1696,-17296,-23030,11508,-1300
-5748,-1680,-2298,-25606,-848,3348
2361,-1696,2888,-17478,16064,5824
4545,-1712,-3941,-13234,14448,2388
5730,-1712,10309,-13022,6312,3268
4110,-1696,8600,-11306,22716,-944
3255,-1712,-11910,-6782,18908,792
3061,-1728,-8562,-7634,11584,4324
385,-1712,-3031,-5186,15024,-904
2264,-1712,11016,-5306,15320,4052
624,-1712,6364,-5290,14936,2512
-2419,-1680,4862,-4738,16880,1460
-2317,-1728,-2979,-4358,15600,936
-1907,-1680,-620,-5230,14372,2000
-2269,-1680,633,-4650,16024,1224
-2071,-1696,-1392,-5266,15172,1496
-2268,-1680,-2949,-5306,15620,1780
-2055,-1696,-4280,-5074,15180,1780
-1474,-1712,-2401,-5038,14816,1900
-775,-1680,687,-5078,15288,2264
-1196,-1664,449,-5442,15272,2368
-1451,-1712,94,-5166,15320,2208
0
14680,-1696,-32599,31817,32467,32767
-17703,-1712,23794,31817,27884,-13564
14293,-1696,-110,5162,13948,12924
3331,-1696,19853,13442,17520,6508
-16032,-1680,318,14742,24780,12336
-19105,-1696,-1000,10866,10792,-3012
-8358,-1680,8867,1002,8148,-232
-2072,-1696,10958,-4430,13740,2964
-8447,-1712,8627,-15902,13952,8844
-11792,-1728,-14954,-17790,15912,4408
-5027,-1696,-10445,-15398,8144,888
-70,-1712,8016,-16822,13968,4636
761,-1696,1524,-15946,14420,3496
4159,-1680,-1706,-12554,14764,2024
5628,-1712,4674,-12122,11376,3516
1483,-1664,4919,-12402,15568,3112
289,-1712,-9600,-9670,15828,2992
5761,-1696,-5659,-7614,13348,3620
3839,-1696,-2323,-7170,15004,4608
2584,-1712,3257,-5686,16024,4428
2088,-1712,4440,-4834,15868,4552
1594,-1680,5758,-4610,15596,3168
1198,-1680,4442,-4554,16620,2524
323,-1696,438,-4794,14756,2788
-183,-1712,1231,-5210,15020,2432
-1213,-1680,-2237,-5034,16164,2256
-1583,-1712,-4396,-4986,15652,2256
-1749,-1680,-5316,-4946,15284,2404
-1395,-1696,-4185,-4922,15548,2656
-1427,-1712,-2332,-5310,14976,3248
-1270,-1680,-651,-5030,15360,3176
-766,-1696,-98,-5066,15896,3272
0
-14842,-1712,-32598,31818,872,-924
19128,-1664,-19792,31818,812,7124
19973,-1680,-9746,-18282,14216,6848
8669,-1696,4459,3846,8008,3624
-6694,-1680,-250,26882,-2116,16556
-32558,-1712,27644,31817,32467,32767
129,-1696,-8035,11338,-3284,-400
7215,-1712,-26435,10822,9948,1896
-228,-1696,18657,21278,12056,11700
-5545,-1680,9996,26522,20892,4256
-5747,-1648,-4142,7058,10072,-1540
-3566,-1728,3512,702,980,-1144
979,-1680,10837,-10558,9816,1484
-3446,-1728,6597,-16194,16212,11104
-7623,-1680,-6270,-18242,14836,3068
-13470,-1696,-13368,-21678,12032,3204
-6532,-1712,-5474,-19962,7792,3496
-2215,-1680,2628,-11710,15792,3396
1639,-1696,4195,-10350,14792,3048
4509,-1712,6421,-9598,11144,3856
3135,-1696,-1001,-8982,19328,1984
4181,-1680,-14390,-6330,15080,1092
8010,-1712,-4298,-7250,13580,5996
5911,-1696,-430,-6434,15352,3272
5791,-1680,9262,-6894,14876,5388
2874,-1696,6863,-7414,15664,5300
-628,-1712,5805,-7234,14272,4172
-2136,-1680,2258,-6402,16376,3296
-1619,-1696,-1484,-5734,15136,3400
-644,-1680,816,-5258,15252,2584
-394,-1696,-1381,-4734,16168,2480
-378,-1664,-4021,-4762,15656,2772
0
-31222,-1696,16308,31817,32467,-32768
-32559,-1696,-9610,3334,8740,-9016
18765,-1680,-5562,4370,8564,3832
8127,-1664,22401,14594,19092,20992
-16237,-1664,10081,14470,13248,3336
-9427,-1680,22121,7510,4592,-10224
-337,-1632,10768,-1958,12932,1092
-2790,-1680,8099,-10982,11940,1568
-5293,-1664,-621,-14706,12808,-816
-3233,-1680,-6454,-17234,12320,-1472
-4513,-1712,-6212,-20266,10064,876
2940,-1696,-2649,-15738,10064,-520
6274,-1680,4276,-13314,13992,152
965,-1712,-7060,-11454,18568,-3804
3117,-1696,-5272,-10330,14828,-640
409,-1680,-4138,-10106,17324,3108
-4185,-1696,-7879,-8178,16020,2384
-4061,-1680,-3869,-5774,14668,1628
-1814,-1680,1908,-4802,14224,1200
-139,-1664,7360,-4542,14472,516
256,-1648,4345,-4678,16196,984
-380,-1696,215,-5162,14188,1020
-410,-1680,985,-4886,14928,788
-645,-1680,-969,-4846,15904,812
-1138,-1696,-2500,-5074,15372,1120
-2074,-1680,-4174,-5094,15472,1312
-2586,-1664,-5977,-4914,15216,1584
-1926,-1680,-5105,-5126,15472,1884
-1420,-1680,-1551,-5282,14816,1772
-750,-1696,379,-5318,15436,2152
0
8256,-1648,-27000,31818,-14912,28
23679,-1664,-10826,-28926,10796,2516
12069,-1680,-1916,-4510,6772,1572
-6473,-1696,-8680,17274,3200,5176
-10245,-1680,-10348,31817,28744,-7480
-32558,-1680,10094,28462,32467,-9712
623,-1696,-24622,13626,7208,-2012
7959,-1680,19496,12970,2884,3668
-1470,-1664,14248,17698,23340,7752
-13498,-1680,-6183,18190,18596,1180
-9488,-1680,-2064,7862,8780,-868
-1564,-1696,9622,-2898,8532,384
2686,-1680,8097,-9910,13400,2196
3553,-1696,-2027,-15042,14828,6544
-632,-1680,-7920,-13930,12992,544
-2726,-1680,-415,-19898,12380,4804
-1374,-1696,-122,-19770,10100,4736
2437,-1712,556,-14362,16452,4176
5343,-1664,4006,-12430,12500,2956
4369,-1648,3685,-12286,14484,3544
1677,-1696,-6572,-11282,20108,180
2228,-1680,-9244,-9006,13096,2088
3601,-1696,-3060,-8610,13720,3604
2670,-1696,1494,-7950,14132,3200
2027,-1648,4338,-7574,14528,4364
799,-1648,2742,-6674,15296,3472
287,-1680,4285,-5802,15088,2036
510,-1696,4248,-5758,16844,1700
-805,-1696,-916,-5894,15592,2256
-1865,-1648,-1296,-5518,14960,1608
-1531,-1696,-1820,-5190,14824,1568
-1285,-1680,-2088,-5618,15176,2304
0
-19593,-1680,-12813,31817,8096,24220
-32558,-1664,9622,31817,32467,16716
-3493,-1680,-5409,19002,12744,-10516
6102,-1680,-13498,14230,11108,4384
4273,-1664,23113,24810,14660,1244
-9475,-1680,-1231,15942,20988,7516
-10724,-1664,3902,8298,8308,668
-5775,-1680,16335,-1098,10244,1136
-305,-1712,10548,-15106,13884,1852
-254,-1696,-9178,-14094,15668,2808
6526,-1680,-4884,-15930,12544,3432
1968,-1696,-458,-20630,13192,4580
3352,-1696,-2292,-23950,12592,4284
5033,-1648,4072,-22482,5980,3824
6572,-1696,3915,-14642,15464,3572
-1189,-1680,-3243,-15494,15420,5060
2592,-1664,-11062,-8894,16412,-1380
4554,-1664,-5432,-8714,14812,6336
2944,-1680,-4385,-6498,15952,3604
2457,-1696,-291,-4174,15552,1704
2045,-1680,3739,-4070,15840,3576
1417,-1712,5789,-3826,14520,2336
625,-1696,5827,-4434,15292,1904
-696,-1648,523,-4702,14824,2264
-999,-1696,1380,-5030,14132,2080
-1509,-1680,-638,-4858,16556,1684
-1935,-1664,-3924,-5634,15656,2080
-2471,-1664,-4413,-5334,15656,2216
-2381,-1648,-4617,-4970,14768,2436
-1735,-1632,-3022,-5290,15760,3080
-1141,-1680,-850,-5186,15304,3120
-565,-1664,-259,-5022,15100,2844
0
-32558,-1696,-119,31817,32467,764
10876,-1664,6237,31817,10152,-7236
17636,-1680,17016,13282,6900,7808
6919,-1664,18476,22858,26968,8212
-7906,-1680,-9794,19210,19140,4944
-1940,-1664,6642,5850,4936,128
7104,-1648,20362,-4950,7104,16
8487,-1680,8864,-16798,13680,4092
3818,-1664,-3319,-16994,15900,2584
-2697,-1648,-7283,-22598,14576,4152
-8203,-1664,-4332,-32610,7152,1804
4104,-1680,8323,-19242,14844,4956
2871,-1680,8140,-12982,13652,3280
2255,-1664,4860,-13934,13000,5096
-3675,-1648,-3824,-9122,22964,-4020
3560,-1664,-6331,-6426,14248,1228
3153,-1680,-98,-6606,15016,5592
905,-1680,2129,-5042,15912,2552
1334,-1696,5797,-4170,15144,2320
1451,-1680,7258,-4114,15340,2496
571,-1664,9486,-4330,15084,1152
-547,-1680,3977,-4198,17712,1420
-1390,-1680,-113,-4554,15184,1232
-2143,-1696,-2122,-4410,15900,620
-2354,-1648,-3832,-4282,15652,836
-1798,-1664,-4642,-4158,15828,888
-1662,-1680,-4796,-4654,15908,1496
-1840,-1696,-4185,-4682,15944,2152
-1579,-1696,-2629,-4494,15128,2088
-804,-1680,-435,-4322,15016,1784
-320,-1680,1293,-4382,15900,1988
-559,-1680,234,-4618,15760,2064
0
9976,-1632,-28289,31818,-9604,-7088
6564,-1648,-9443,-32066,14512,100
1918,-1696,-5091,-11462,7292,3704
-4495,-1664,-5354,16166,7756,8716
-8191,-1680,23473,31817,8260,28216
-32558,-1664,-16918,31817,32467,24500
-14305,-1680,-12648,16738,27120,-12036
8379,-1648,-13551,17258,11532,3148
4373,-1632,15886,26474,17000,1356
-2004,-1680,463,15494,21536,2904
-5115,-1696,5191,-3754,7048,2776
19,-1632,12774,-8706,9028,-2192
9270,-1648,3710,-15334,14308,1756
14564,-1664,11518,-16170,14824,7784
-2001,-1648,-10530,-18714,19248,-1632
6813,-1664,-5708,-26958,3732,1480
7181,-1696,11846,-17414,17004,4236
5242,-1680,6906,-14266,16668,3232
-3000,-1664,-1497,-15962,14388,7832
-4336,-1648,-9439,-7850,22596,-4424
3670,-1696,-5536,-6854,11604,4468
1471,-1664,-3963,-6770,14160,4876
1475,-1648,-1,-3802,15036,1372
3920,-1664,7455,-4510,15340,3044
1999,-1648,6811,-5010,15512,2536
49,-1664,6592,-4922,16316,1240
-1159,-1648,-1230,-4658,15560,1440
-1258,-1664,462,-5082,14444,1860
-1494,-1648,772,-4830,15608,1224
-1728,-1648,-3290,-4902,16092,1708
-1423,-1664,-5355,-4742,15644,1704
-1669,-1680,-5014,-4846,14984,1920
0
5426,-1648,-1241,16742,8228,7440
3261,-1680,-16626,31817,25216,11756
-22541,-1664,-32599,31817,32467,-27052
23900,-1680,1309,12634,7936,700
8587,-1696,-14307,2974,14484,14040
-3859,-1648,6994,12070,15876,9756
-11612,-1632,2238,11454,16448,360
-11076,-1680,-1731,-706,9948,3312
-7247,-1664,5819,-2334,12460,5180
-5886,-1664,3063,-11058,14372,6608
-6202,-1648,997,-6318,12440,984
-422,-1632,3894,-11694,9900,228
747,-1680,-2766,-12518,15312,2700
4129,-1664,3409,-12854,13224,-8
8548,-1696,7424,-13862,15348,1996
6102,-1680,2203,-13398,16280,3536
5365,-1664,2455,-12566,12448,108
3255,-1680,4996,-13066,18696,252
-1894,-1696,-7422,-12638,16764,1184
-2692,-1648,-9683,-7642,15020,1396
-1943,-1680,-8672,-6390,14644,2288
210,-1664,-5050,-5354,13620,1916
3838,-1712,2654,-5330,13564,2084
4590,-1632,8499,-6506,15244,1824
1326,-1648,8010,-7102,16348,1948
-2236,-1664,1528,-5950,16708,1948
-2635,-1648,211,-5006,14604,1364
-624,-1648,777,-4666,14220,808
-407,-1664,-1056,-5434,15536,1916
1160,-1648,-3259,-4434,14988,228
1439,-1664,-882,-5486,14824,584
-1778,-1680,1014,-6630,16096,1816
0
-32558,-1664,-32599,31817,32467,1124
5556,-1648,-2132,19370,1268,-16288
13143,-1664,-8764,14458,516,5252
7556,-1616,1425,13666,13620,17332
-8062,-1664,8234,17142,15308,6932
-7226,-1648,10351,3034,10732,3060
-6572,-1696,11269,354,11696,2880
5001,-1680,15351,-6334,7400,3948
5113,-1648,6635,-13926,17164,5256
4507,-1632,3532,-12158,13716,1328
2453,-1680,-1011,-19870,15664,1136
1772,-1664,-4364,-17698,11492,2396
5533,-1680,-700,-16650,9600,2172
7924,-1664,3458,-12850,14400,2404
9103,-1664,4325,-13318,13700,3312
1049,-1648,-3191,-13126,17088,2888
5736,-1664,-6466,-10018,15596,-2044
7391,-1648,-1491,-10242,14552,3408
3374,-1664,-264,-7998,15300,3740
1589,-1680,803,-5954,16724,1648
-399,-1664,752,-5722,15900,3048
-1838,-1648,4132,-4430,14296,2064
-930,-1680,7199,-3574,16660,992
-1244,-1664,269,-4174,16420,1680
-1716,-1648,-1537,-4630,15412,2040
-2471,-1632,-4349,-4174,15772,1640
-1963,-1680,-5774,-3862,15940,1720
-1335,-1712,-5728,-4234,15876,1636
-1634,-1664,-4617,-4694,15420,2168
-2251,-1680,-3256,-4710,15744,2680
-2649,-1632,-2971,-4682,15716,3092
-2668,-1648,-2092,-4486,15480,2868
0
-7451,-1648,-25985,-31650,17316,12376
-5327,-1648,-27748,31818,20140,2228
13502,-1664,-26189,31818,-20412,-4068
17630,-1648,-14760,-31722,9492,1912
17706,-1680,-20702,-7254,7820,3124
-6652,-1696,-11069,23358,5448,5972
-32558,-1680,-32598,31817,30408,11100
-32558,-1664,-32599,31817,32467,-32768
21138,-1648,-20092,9006,18280,-23004
9640,-1648,-5011,24494,-1516,7348
9889,-1664,-14000,26142,19056,8100
9216,-1680,5508,6090,2480,-3148
9529,-1664,-32599,-9226,8224,3740
235,-1648,-32599,-14050,16032,12344
-10632,-1680,12771,-25190,17244,-832
-4882,-1616,-1984,-18266,9804,-1108
-4732,-1664,3925,-15466,12712,2056
-3743,-1632,-2046,-16970,17024,2716
-451,-1680,-2887,-14410,13868,1668
1167,-1632,453,-14054,14856,3676
2346,-1648,-4319,-12530,14160,3528
2334,-1632,-9203,-11130,13600,3152
3291,-1648,-7036,-9858,12592,2316
3358,-1664,-2563,-9726,14168,4344
850,-1648,-3315,-8482,14140,3968
-358,-1664,-548,-6882,13840,3540
173,-1664,3844,-5790,14948,3172
710,-1648,4588,-5582,15680,2620
406,-1696,4855,-5678,15228,2256
-436,-1680,1357,-5598,15628,2184
-666,-1632,-1156,-5506,14796,1980
-872,-1664,-2347,-5746,15584,2160
0
7483,-1648,-15349,5446,10016,4544
-20802,-1648,-3471,16438,13092,13804
-32558,-1664,-25021,31817,12748,32767
-22857,-1664,-32599,-24890,-21472,30116
20027,-1648,-7100,21234,20084,9788
3849,-1632,-8881,26198,20040,1832
1693,-1648,-7109,26118,14212,3876
7142,-1664,310,914,-4852,-2464
9283,-1680,32542,-3574,10364,6436
12735,-1664,13564,-15694,13352,-3264
4041,-1632,-7219,-11434,17844,284
-4626,-1648,877,-22118,10752,5696
-5536,-1632,224,-22602,8320,1220
3158,-1680,6392,-14830,11648,2108
4139,-1664,9274,-14322,14900,2756
770,-1648,4302,-15462,16920,4764
-4895,-1648,-6541,-12950,16088,3308
-3816,-1648,-9377,-9570,15752,2524
-1183,-1680,-4387,-8426,14052,5040
-321,-1664,-2457,-5746,15752,3440
1920,-1648,951,-4182,16260,2428
2669,-1632,1987,-4226,15676,2844
1833,-1648,4433,-3742,14920,1840
1704,-1648,5435,-3582,16188,1212
562,-1680,954,-4406,14884,1772
-1151,-1648,-633,-4614,15316,1736
-1554,-1664,-3205,-4118,15284,1272
-1313,-1648,-3759,-4422,15240,1464
-1437,-1632,-3318,-4914,15940,2004
-1615,-1680,-3464,-4694,15724,2172
-883,-1664,-2378,-4582,15472,2428
-485,-1680,-340,-4730,15312,2560
0
-12038,-1664,-24824,31818,15880,5992
3004,-1680,-26287,31818,7212,-360
14529,-1680,-14632,31818,-8108,2232
24039,-1632,-18226,-26186,4044,2132
13871,-1680,-17515,-5822,6548,1316
-5375,-1664,-13523,19494,13756,9580
-1858,-1616,-322,31817,-3764,1752
-32558,-1664,22154,31817,32467,-24088
21138,-1648,-15784,12962,21928,-3948
4365,-1648,-15626,19038,13244,6496
-6680,-1632,-546,26338,25540,13780
-9871,-1648,2926,12318,8548,-3228
-1968,-1632,24632,-11390,3828,-24
3557,-1648,7344,-14178,10712,-816
2977,-1680,1006,-21782,14868,19108
-5906,-1680,-3800,-13038,9896,2000
-5722,-1664,-8986,-28282,9276,984
-2175,-1648,7981,-27426,-2628,716
4113,-1648,6918,-13178,14588,1656
4138,-1632,3982,-14210,15136,3744
-3263,-1648,4754,-13102,16188,-1292
-4373,-1664,-8253,-8278,20932,5296
-668,-1680,-4860,-6978,13864,3348
-626,-1664,-4509,-4866,16920,2576
1286,-1680,3762,-3414,15300,3680
1292,-1664,4220,-3462,15736,3544
969,-1648,9026,-3686,14616,2476
-305,-1632,4846,-3274,17868,1400
-433,-1648,-1495,-4102,14008,1884
-682,-1664,-960,-4470,15892,2016
-894,-1680,-2888,-4406,15908,1452
-1104,-1680,-4071,-5298,15892,1880
0
-32558,-1648,-7671,31134,12428,24720
-32558,-1664,-32599,31817,32467,27916
-2386,-1680,-13883,31817,-10924,-24852
32369,-1648,20246,9586,-4208,7976
10283,-1648,-3899,23326,32467,9744
1745,-1696,5293,19950,10444,2008
2662,-1648,11784,-6962,-4168,2116
5530,-1616,-32599,2030,5468,-2716
12353,-1632,17883,-16346,20380,4604
3007,-1648,-5374,-15534,12956,4024
3160,-1664,-7252,-15914,10292,1940
1,-1648,-2573,-17870,9504,2520
-2917,-1664,1718,-26202,8860,2176
3335,-1680,14167,-19550,5840,4276
5076,-1664,6293,-12734,14968,1968
-1072,-1648,-3475,-14526,20284,1072
427,-1648,-10166,-10054,16060,-1132
2225,-1632,-4814,-8154,14728,3348
1340,-1648,184,-6310,15784,3012
1128,-1632,3328,-4406,16868,2076
1055,-1648,915,-3862,17168,2808
294,-1648,1946,-3438,15668,2504
1155,-1616,6654,-3458,16392,20
1433,-1648,2459,-3882,15628,1700
871,-1632,2226,-4202,15288,1624
445,-1648,-3564,-3654,17444,724
-279,-1664,-6191,-4662,15852,732
-961,-1648,-6118,-4450,15108,684
-733,-1664,-4218,-4310,15680,1160
-306,-1616,-1817,-4178,15152,1392
149,-1616,-239,-4270,15652,1332
-210,-1664,334,-4370,15804,1504
0
7810,-1632,-7199,-7994,24104,-3432
16867,-1648,4149,15046,956,-2296
6509,-1664,22956,19342,26032,13784
-9856,-1648,-9429,16194,18476,2092
-7668,-1680,-2123,-1470,7716,5920
-326,-1648,21868,-1518,8384,-5076
4907,-1680,7525,-14094,15296,2772
-1442,-1632,-8216,-12070,13268,4332
1225,-1616,863,-12854,10960,3872
-2722,-1648,8631,-16450,11096,2948
-1344,-1648,-501,-20942,9824,124
4532,-1648,5915,-15154,11796,1716
3005,-1664,9795,-15438,15212,2756
-3829,-1616,-500,-14970,16912,3248
-4551,-1664,-9287,-10698,19112,1056
-2312,-1648,-7174,-8498,14900,2932
-338,-1664,-353,-6262,15968,2680
1189,-1648,653,-4870,16584,1892
1844,-1600,671,-4254,15008,2924
1644,-1648,3061,-3898,13908,1824
1553,-1648,5148,-3930,15108,708
763,-1664,312,-4534,15900,1248
258,-1648,-811,-5074,16052,1296
-658,-1632,-3096,-5330,16424,1000
-943,-1648,-3581,-5710,15500,1236
-1322,-1664,-2886,-5778,14400,1228
-2473,-1680,-3803,-6274,14780,2024
-2916,-1648,-4329,-5618,14732,2096
-1524,-1648,-3231,-5086,14696,1952
-456,-1648,-150,-5222,14684,2228
-5630,-1664,-32455,31818,9748,-1676
9177,-1648,-12000,31818,-7604,-2384
22861,-1616,-18137,-19526,13540,4392
5545,-1664,824,5898,7768,4964
-23083,-1648,-7552,28690,3020,23608
-32558,-1664,11782,31817,32467,-2008
-8637,-1680,-12723,31817,3632,-11444
13946,-1648,10228,23690,8,6620
14235,-1664,17900,15166,14560,7668
-1791,-1680,5466,21470,24696,5760
-1594,-1632,-3740,11706,4852,-1308
597,-1648,28629,-2774,6272,2680
2341,-1632,12983,-4922,16832,1584
329,-1648,-4167,-15958,15148,28
449,-1664,-11957,-13610,9104,3092
-82,-1648,-705,-16654,11972,4616
771,-1680,-3616,-23358,12172,1808
5025,-1632,-896,-21990,8300,3840
5700,-1664,6403,-14010,14256,4644
3779,-1664,2607,-13134,12068,3288
702,-1680,-2293,-11810,19212,-680
1345,-1632,-4411,-8378,14740,1968
3059,-1648,-2356,-7258,15696,3136
2842,-1648,-2517,-5910,16332,1964
3330,-1664,968,-4782,15464,2212
3631,-1648,3687,-4814,15324,2032
1682,-1664,5246,-5354,15000,1776
-668,-1648,1498,-5506,16228,1512
-767,-1648,21,-5054,14196,972
-1022,-1664,-3998,-5754,15836,1528
0
-9496,-1632,-4829,13622,8920,8476
-32239,-1648,6388,31817,-4548,29632
-32558,-1664,-32599,31817,32467,452
5106,-1680,-16033,-7490,8500,-3804
14235,-1632,-1743,10530,5084,-2392
3403,-1616,24820,18726,21368,12592
-15245,-1616,-3997,20682,22208,5648
-10521,-1664,1559,10618,5272,-2876
-7381,-1616,17562,1690,10220,276
-5578,-1664,4343,-14454,14168,4828
-7539,-1680,-11565,-12434,9080,1144
1086,-1632,-7993,-18894,8200,4560
5003,-1648,-5232,-18430,11208,5488
7873,-1680,1360,-18186,11144,2872
7201,-1664,8626,-21114,10652,2304
7535,-1648,2343,-16046,14256,3980
1329,-1664,-3002,-13046,11824,3744
4854,-1648,-5562,-10318,17284,-1888
5594,-1648,-1837,-9182,14512,3628
3565,-1664,-3465,-8022,16888,2568
1677,-1648,-3161,-6602,15476,1640
73,-1632,193,-6518,14088,3808
-1304,-1648,3464,-5126,13868,2436
-52,-1648,6173,-4494,15728,660
-816,-1696,-1560,-5634,16180,2560
-2060,-1648,-2054,-5790,13904,2192
-2149,-1664,-1577,-5346,16080,1712
-1543,-1680,-1133,-5670,15232,1960
-2007,-1648,-3394,-5754,15536,2260
-1802,-1664,-3984,-5610,15904,2304
-1473,-1648,-2934,-5826,15132,2772
-1086,-1664,-56,-5690,15160,3028
0
-5121,-1648,-32480,31818,13616,-1440
21115,-1600,-24920,31818,-14476,-1816
14986,-1648,-14387,-28142,13024,560
6207,-1632,-7186,1706,2728,3660
-23324,-1648,4708,21502,6804,14084
-32558,-1648,11329,31817,32467,32767
-763,-1632,-12592,31817,15768,-26468
13340,-1648,16574,20938,10524,10024
8344,-1632,20108,17670,20392,7180
-13495,-1648,-208,19342,27240,9320
-11526,-1680,-1761,7518,6548,-5748
-7086,-1648,18469,-6910,5060,2636
-465,-1648,9569,-12274,10156,1900
3001,-1664,-11853,-18922,12248,3560
1854,-1680,-5082,-15110,9852,6044
-2526,-1648,-2649,-22314,11980,4984
1468,-1632,-2042,-21346,8016,964
6068,-1616,3735,-13650,16116,3948
6387,-1664,5880,-10622,13164,1732
2998,-1680,1854,-11614,16408,1928
709,-1648,-6357,-8858,21048,2068
3145,-1664,-3247,-6842,14020,1776
3493,-1648,878,-6454,16408,2708
2203,-1632,272,-5818,17304,2340
849,-1632,-1939,-5998,15372,3476
-1245,-1648,-166,-5350,14196,2764
-1335,-1664,4866,-4318,15060,1204
-569,-1648,777,-4710,16140,1740
-945,-1632,141,-5302,14996,1968
-1583,-1664,-2239,-4698,16324,1472
-1234,-1680,-2474,-4918,15788,1600
-1760,-1664,-4817,-5182,16056,1956
0
9186,-1648,-26036,31818,-14464,-372
13118,-1664,-20398,31818,9524,2396
7225,-1616,-14628,-4506,4188,4172
-16548,-1632,1321,19190,5372,11544
13444,-1680,-32599,31817,12900,32767
-25111,-1632,-22,31817,32467,-32768
22894,-1648,-602,10586,13240,968
5977,-1648,916,19802,18816,4912
-7183,-1664,13504,19234,23936,11832
-5810,-1648,1177,6842,7632,-5856
-6103,-1632,21076,-5350,5888,4436
1944,-1648,12772,-9370,11500,-476
1505,-1664,-3739,-17066,16388,6808
662,-1664,-6118,-15042,13248,3696
-2514,-1680,-12525,-21482,13708,2752
1824,-1664,-9795,-20602,8352,1940
7671,-1648,-2734,-14394,13536,2704
6710,-1664,-633,-12818,13684,2428
4354,-1632,-4984,-11846,13636,2240
2066,-1680,-7311,-10578,17308,-700
2133,-1632,-8972,-8822,13264,1340
4119,-1648,-3443,-8226,13012,3380
3566,-1664,-2050,-7458,13276,2452
2634,-1664,988,-7390,12892,3924
1601,-1648,2548,-6754,13260,3172
366,-1632,5202,-6406,14440,2452
-639,-1648,3025,-6330,16120,2632
-1454,-1664,180,-6722,14584,2392
-1964,-1664,796,-6550,14804,2128
-2254,-1648,-1185,-6242,15100,2236
-2068,-1632,-2295,-6350,15512,2556
-2630,-1648,-3187,-6474,15456,2784
0
21517,-1616,17677,6314,7308,832
-240,-1648,10558,29074,18008,20628
-32558,-1632,21549,31817,32467,32400
5267,-1648,-32598,14786,32467,-8292
-2891,-1632,-28799,14858,15644,-2180
-1124,-1632,12861,14910,7260,9512
-9612,-1648,12162,23810,22888,7188
-5567,-1664,-2325,15894,10716,-5236
-4545,-1648,327,-334,9336,2332
296,-1616,7875,-3618,8976,-936
3818,-1632,2190,-14398,13800,2932
-3060,-1680,-6302,-13670,13400,2204
-5555,-1632,-4815,-15530,10824,5520
-4678,-1648,-4376,-19614,8660,1408
2151,-1648,3577,-14570,9228,48
4393,-1664,3970,-13794,13704,2972
4424,-1616,-599,-13882,14068,4480
4069,-1664,-1652,-12358,13624,2176
7715,-1616,-7223,-10418,20520,-580
9827,-1648,-4498,-10106,14476,896
4960,-1664,-9339,-8338,16624,724
3328,-1648,-6043,-5966,14860,-1160
2147,-1664,1536,-6186,13340,1820
118,-1648,3779,-5082,14988,760
-873,-1648,3866,-4434,15704,-716
-732,-1680,1352,-4742,15932,812
-519,-1648,2542,-5006,13840,880
-910,-1664,3663,-4974,15224,768
-1421,-1616,-23,-4774,16044,1044
-1452,-1632,-2667,-5154,15828,1064
-2223,-1648,-4112,-5398,16052,1164
-2343,-1632,-2978,-5102,15560,1140
0
4933,-1648,-8256,6198,10500,10572
-23923,-1648,-7688,24958,492,18880
-32558,-1632,26757,31817,32467,-2828
16735,-1616,-894,31817,-3660,-24032
19990,-1632,18415,10370,6564,8752
2597,-1648,8451,20934,32467,17256
-16628,-1632,6819,16870,13996,2500
-7659,-1648,13555,-270,5724,-1972
-5001,-1632,23676,-8594,6400,1740
1467,-1648,13522,-8638,8644,272
-605,-1664,777,-19522,13920,11872
-2333,-1632,3437,-14666,10212,3532
-9832,-1648,-6277,-26430,12964,4080
-3942,-1664,-2509,-24654,5276,3760
2611,-1616,-547,-14326,16484,3640
5097,-1664,6125,-13602,14552,2912
3504,-1632,3203,-12062,16284,2096
2633,-1648,-4508,-9638,17568,60
3135,-1632,-5767,-8378,14788,1840
3129,-1616,103,-6994,13900,1456
3174,-1632,4091,-5634,16888,940
2205,-1664,2555,-6062,15660,2284
692,-1648,2308,-5222,14704,1544
1155,-1632,6054,-4306,14700,156
1353,-1616,2963,-4722,15800,924
836,-1632,154,-5246,14836,960
36,-1648,-3400,-4726,15664,272
-43,-1632,-4560,-4554,15736,276
-441,-1680,-6040,-4826,16392,600
-501,-1648,-5296,-4758,15560,488
-384,-1632,-2954,-5162,15164,1196
-300,-1616,-1104,-4990,15228,1072
0
-30843,-1616,9530,31817,32467,16832
3991,-1616,-11331,14566,23904,-12012
10845,-1648,2170,12178,15740,8564
-4983,-1616,11169,24866,27476,8580
-13848,-1664,-305,15166,14008,-508
-7552,-1616,13967,-3158,4224,-116
-2311,-1616,14697,-6106,11056,-924
2202,-1648,-3460,-16638,13164,1264
-1018,-1648,-5515,-14546,11448,3748
-2310,-1632,-212,-19282,11036,4596
-502,-1648,-1609,-22954,7360,2516
5383,-1680,3334,-13626,12920,1896
7863,-1648,7861,-11662,15220,620
6261,-1664,3908,-12718,16392,2272
1030,-1632,-448,-12142,16372,292
-143,-1664,-9018,-9774,18924,1804
1728,-1632,-5218,-8550,14476,2676
699,-1616,-4109,-7026,15472,1304
944,-1632,-94,-5554,16284,1388
1098,-1616,300,-5022,15276,2084
211,-1616,1594,-4446,15276,1268
-582,-1632,3593,-4210,16140,-168
-1140,-1648,193,-4178,15176,504
-1716,-1632,372,-4194,14948,592
-2051,-1648,-1354,-3998,16796,380
-2003,-1632,-2359,-4618,15088,892
-2095,-1648,-3357,-4614,15804,1224
-1794,-1616,-3251,-4550,15736,1392
-902,-1600,-2293,-4590,15084,1636
-520,-1648,-758,-4930,15292,1952
-181,-1632,433,-4770,15276,1668
-51,-1616,522,-5002,15356,2028
0
2744,-1616,-14961,3930,5820,1588
-23725,-1664,2686,21246,17264,14188
-32558,-1632,-32599,31817,-760,32767
-9071,-1648,29840,-13322,-9320,12224
18634,-1632,-8139,17918,21252,11368
4414,-1648,-15164,31817,22760,4316
7137,-1664,7398,23730,4688,1348
5254,-1632,7757,-19842,-8816,-820
11879,-1648,-32599,5158,9228,-3688
5848,-1632,32687,-30130,27476,26628
-1330,-1648,803,-10318,12168,4120
-8094,-1632,-18744,-27298,14680,-3252
-5066,-1648,-2393,-22334,5416,-172
-1931,-1632,-1192,-14214,17004,1216
3621,-1632,2245,-13746,14996,1436
4242,-1648,-2429,-14298,15332,2504
-1177,-1664,-6162,-11998,16344,436
-141,-1648,-10105,-8882,16076,2276
1613,-1632,-5618,-7210,13864,3256
999,-1648,-2730,-5630,15196,2208
570,-1648,1861,-4974,14836,3072
315,-1664,2180,-4414,15492,2752
317,-1648,4720,-4570,14820,1828
-57,-1632,3874,-4882,16144,1764
-426,-1648,137,-5054,14760,1712
-495,-1632,-472,-4858,15896,1152
-663,-1616,-3694,-5022,16044,1376
-1241,-1616,-4204,-5242,15536,1640
-1623,-1632,-4291,-5326,14804,1964
-1302,-1648,-3100,-4970,14560,2272
-407,-1632,-1599,-5190,15264,2640
-659,-1616,-1052,-5438,15392,2624
0
-10853,-1616,-10210,-25154,17396,4424
-18492,-1632,-18987,31818,13692,-856
-4124,-1616,-18104,31818,-228,3332
19963,-1632,-11946,-29310,-5156,2892
23908,-1616,-6871,-21166,9140,5736
8794,-1648,-8224,3682,6896,6836
-11311,-1632,-14887,18622,2624,15076
-32558,-1616,-17966,31817,32467,23820
-7558,-1632,-2323,18914,26972,-6164
28435,-1648,2669,18298,5864,7532
9100,-1632,6413,27430,28268,2020
-3076,-1648,15306,20134,15368,7548
343,-1632,12139,-12062,-452,-2572
-2365,-1664,19112,-2658,6396,-4768
-1809,-1616,7641,-20918,17824,18556
-8810,-1664,-20708,-18378,13060,-2076
-4582,-1648,-16650,-21390,7808,-2956
-3063,-1632,-7267,-23970,5152,2628
2982,-1632,-2859,-17178,10856,4576
6558,-1648,-4627,-14018,13136,3152
6754,-1664,2455,-13442,10844,4600
1668,-1648,-2405,-13274,25404,1228
-27,-1664,-14220,-10398,15184,408
830,-1616,-8138,-9194,15320,5016
-1369,-1648,-5858,-6858,14664,3432
644,-1664,993,-5222,12940,4860
1761,-1648,4229,-5170,14340,4944
665,-1664,6733,-5314,15104,3868
-391,-1648,1882,-5038,16520,4284
-622,-1664,1748,-5526,14436,3956
-1260,-1648,2633,-5414,15112,3700
-2499,-1632,-1925,-5534,15928,3968
0
-5179,-1632,25758,13270,23772,21892
-9344,-1648,13795,14474,18088,2872
-3212,-1632,13366,1786,11292,-8424
1244,-1616,8373,-2402,17128,3324
452,-1648,-2085,-12054,15356,2064
-4088,-1664,-6623,-14150,11120,1476
-7915,-1616,-7471,-16330,9700,1312
-7128,-1632,-8882,-18774,5712,1628
-1106,-1680,2308,-16494,3960,3132
532,-1648,6858,-13914,10308,4384
4223,-1664,848,-11714,10868,4152
4734,-1648,-43,-11550,11832,2912
4781,-1632,-571,-12430,21360,2256
1824,-1648,-5089,-11706,16700,3680
552,-1632,-5352,-9710,18000,3216
-795,-1616,-3093,-8326,17384,3260
-77,-1680,928,-6654,15900,3968
660,-1632,464,-5618,16292,3464
757,-1680,42,-4834,15224,2016
1603,-1632,-1268,-4474,15736,2340
2704,-1648,1419,-4470,13644,1704
2673,-1648,1171,-4802,15192,1560
1155,-1664,-2178,-5066,15104,2024
144,-1648,-3973,-5146,16016,1996
-609,-1632,-3890,-5502,14600,1928
-1008,-1648,-2807,-5806,14228,2384
-1281,-1648,-1841,-5658,14972,2768
-802,-1664,-468,-5582,14988,2768
-679,-1680,524,-5714,14828,3052
-841,-1632,238,-5674,15680,3204
-582,-1664,-523,-5526,15476,2828
-205,-1616,14,-5790,15472,2804
0
12841,-1632,-29572,31818,-15724,1884
18626,-1664,-21196,-32402,1632,1788
2952,-1616,-22626,-8534,5536,2864
-16305,-1632,-4125,13990,8724,8328
-32558,-1648,-32599,31817,1948,32767
-32558,-1648,-32599,31817,32467,3424
12590,-1632,4912,24910,7368,-12004
19878,-1648,14036,13094,4356,2612
9112,-1632,20520,14294,22412,14580
-7698,-1648,4369,14894,22136,3844
-9580,-1664,5141,2366,12580,3120
-3349,-1648,17457,-3722,12368,-3496
-1314,-1648,2880,-11686,16508,2544
547,-1600,-3659,-9846,12000,-2236
-746,-1648,1936,-16986,12192,9080
-2770,-1664,-7291,-20790,11048,3048
1316,-1648,-1534,-17430,6832,896
1950,-1648,12060,-17470,12008,2464
2599,-1632,5179,-12378,17748,2128
154,-1680,-1867,-12246,14300,1940
1284,-1632,-1037,-9690,18604,-2092
1027,-1648,-1215,-8358,15072,2224
194,-1616,-1302,-6350,15544,1888
-73,-1664,-1280,-4626,15660,316
277,-1648,2392,-4422,15120,1728
-585,-1632,4097,-4226,14108,744
-1061,-1648,3843,-3766,15192,-380
-1404,-1632,-1692,-3734,15264,268
-624,-1648,-720,-4286,15064,268
-874,-1632,-2257,-4290,15728,-24
-588,-1616,-2861,-4606,15868,436
-936,-1664,-3741,-4902,15852,860
0
-15239,-1616,-14312,27450,11728,11440
12314,-1632,-32599,31817,32467,32767
-25480,-1632,-4283,31817,13672,-27956
17659,-1648,-14069,10250,18216,11452
-953,-1632,18181,17942,20704,10596
-14099,-1648,1569,9902,21904,10000
-15550,-1632,1369,4278,14312,1500
-4591,-1648,10982,-4758,8316,-148
-1705,-1648,7578,-9962,16072,5176
-1458,-1632,-4469,-12838,11200,3688
-2586,-1616,-1181,-17354,7588,5268
2737,-1632,1194,-16254,6452,2936
3880,-1616,6929,-18942,9676,3668
3673,-1664,4032,-18554,10600,3360
3975,-1632,3488,-14306,13552,4312
2927,-1648,2959,-13702,13808,4740
872,-1664,1134,-11666,16948,2204
2576,-1648,-2845,-8462,18028,3636
1797,-1632,-3910,-7958,16368,5132
442,-1648,-1520,-5442,15620,3680
903,-1648,2377,-4502,15044,4660
624,-1632,3350,-4386,14924,3600
-480,-1616,4393,-4698,15228,2628
-1319,-1632,-541,-4834,15388,2704
-684,-1648,-134,-5082,14696,2144
-974,-1632,-1569,-5514,15664,2040
-1355,-1648,-2610,-5638,15124,2232
-1856,-1600,-2717,-5638,14940,2572
-1537,-1616,-2906,-5430,14856,2424
-741,-1648,-1844,-5650,15188,3188
-338,-1632,-1026,-5674,15264,3308
349,-1648,-547,-5710,15436,3196
0
-19527,-1648,-16455,31817,21568,-10616
21521,-1648,-3825,8306,15112,4980
10276,-1600,20581,13162,21632,8240
-4303,-1616,2871,16770,25460,10164
-9475,-1632,-442,11574,14744,-3720
-3802,-1632,6086,1910,11020,-2040
2577,-1648,6897,-8414,12352,-1432
486,-1632,-5210,-16094,14604,6660
-1018,-1680,-9268,-16914,13068,-2024
-4709,-1632,-3901,-20302,8720,1852
-4675,-1616,-8126,-24210,7396,112
929,-1648,-1857,-16206,13388,3180
4699,-1632,4046,-13322,12676,1320
5011,-1648,9780,-12566,12004,1612
2144,-1632,926,-11770,20672,660
1186,-1616,-8403,-8518,13208,772
2736,-1648,-2344,-7434,13812,2780
996,-1632,-973,-6314,15540,1496
1312,-1616,3872,-5654,14820,2704
753,-1664,4586,-5710,14372,2732
-865,-1648,7177,-5662,14924,1424
-2373,-1632,2445,-5462,16920,1500
-2011,-1648,-215,-5474,14288,1304
-1876,-1664,1460,-5582,15124,1080
-2077,-1648,-679,-5318,15656,1048
-1610,-1648,-1738,-5574,15080,1076
-1949,-1664,-2598,-5722,15424,1380
-2128,-1648,-2751,-5706,15192,1560
-1249,-1664,-1272,-5734,15068,1644
-541,-1648,550,-5726,15048,1688
-767,-1664,87,-5950,15172,1856
-766,-1616,-131,-5670,14940,1656
0
10760,-1648,-3229,24482,12456,-10668
2949,-1648,6855,8282,7856,13116
-9887,-1632,21734,18878,20960,6236
-24539,-1648,-1388,14970,22660,8220
-17918,-1632,-1983,10166,7728,-6660
-5570,-1648,10223,-2682,6344,-1440
868,-1648,7753,-10878,11068,2264
-1157,-1616,2226,-12906,12624,5848
-5913,-1632,1337,-18062,9884,5736
-5400,-1600,-5622,-18842,10060,3540
-2299,-1648,-1725,-14918,11876,3508
4113,-1664,6058,-10830,16324,1096
6161,-1648,5632,-12082,17508,2976
2594,-1632,-562,-11626,14376,3804
31,-1648,-4862,-9922,17312,-540
-194,-1664,-8583,-8330,13464,980
1906,-1648,-3413,-7994,14296,3400
1788,-1664,-2493,-6790,13632,1844
1559,-1664,-37,-6662,14320,3280
337,-1648,-881,-6602,14088,3560
-132,-1632,1270,-5062,14132,2080
2842,-1648,3575,-4174,15588,20
3418,-1632,2660,-5450,15568,1884
1549,-1648,2063,-5786,15560,1676
-678,-1648,-1407,-5342,15936,936
-804,-1648,-1230,-4826,14972,740
-1068,-1648,-2215,-5550,15724,1724
-2033,-1632,-2783,-5314,15344,1352
-1948,-1616,-3008,-5142,14372,1892
-936,-1632,-665,-5070,15480,2116
-468,-1648,839,-5254,15732,2300
-61,-1632,1014,-5426,15380,2128
0
16606,-1648,-4563,17094,10068,-1696
5525,-1632,-32599,16482,20444,8188
-13334,-1648,-3343,17378,27480,13580
-8356,-1664,5674,5082,2168,-4384
-330,-1648,17576,-6410,9744,284
5232,-1648,11608,-10678,12028,5172
626,-1632,1953,-15870,13632,3132
1342,-1680,3580,-14378,10360,1436
1683,-1632,3251,-15082,13052,1652
-1621,-1584,-2845,-13678,14548,2456
-606,-1632,-1921,-10794,13872,-80
2631,-1648,2278,-10054,15384,584
1673,-1616,438,-10142,14988,1980
1100,-1664,-588,-9002,14444,1020
971,-1648,-2284,-9426,15592,1044
-40,-1632,-7802,-8586,14796,2000
131,-1648,-8323,-8306,15560,2296
-1456,-1632,-5921,-8386,15340,3236
-2240,-1648,-701,-7410,14816,3008
-563,-1632,3407,-5742,15276,2452
991,-1648,3321,-5286,16576,2272
867,-1600,1435,-5710,15876,2216
132,-1632,-216,-5258,15656,2132
97,-1616,-1718,-4686,15508,1616
493,-1632,-3112,-4786,15528,1528
-129,-1616,-3441,-4946,15044,1664
-67,-1664,-2557,-4890,15268,1972
75,-1648,-1939,-5014,15028,1988
388,-1648,-1096,-5258,15404,2020
225,-1664,-707,-5786,15324,2064
-400,-1648,-32,-5722,14896,2308
-368,-1632,290,-5666,14928,2168
0
-32558,-1648,18179,31817,32467,32767
8200,-1648,379,31817,-4752,-28432
3228,-1648,-11003,18130,21268,5948
2968,-1632,1480,27522,17960,7052
3052,-1616,6596,10798,7488,376
3817,-1648,15850,-11198,2456,2408
6319,-1632,12408,-7538,9940,-860
-146,-1648,5182,-19790,13516,7164
-8134,-1632,-781,-18642,10484,4708
-3127,-1648,-3638,-17674,7248,1096
5646,-1616,3144,-10970,12272,-532
10103,-1632,7294,-12222,14736,380
6774,-1648,1540,-13002,15932,556
2628,-1664,-894,-12170,15340,512
1259,-1616,-852,-10710,15116,-544
460,-1632,-3807,-10114,15516,-168
-311,-1648,-2253,-7898,13228,1172
-773,-1616,-1346,-7418,13684,1868
-1636,-1632,-1017,-6886,15072,1648
-1423,-1648,2225,-5554,15376,216
190,-1632,3562,-5138,16032,364
-209,-1648,1907,-5618,15848,1092
-1465,-1664,-200,-5226,15548,844
-1827,-1616,-2113,-5146,15232,732
-1931,-1632,-2552,-5342,15320,1124
-2298,-1616,-3006,-5418,15536,1136
-2157,-1648,-2294,-5626,15216,1480
-1965,-1632,-1353,-5698,14936,1928
-1247,-1648,487,-5546,14976,1660
-1072,-1632,703,-5994,15212,1836
0
2815,-1680,17090,20762,24844,7756
-8341,-1648,-2122,18502,18360,5356
-5833,-1632,2247,922,3588,2324
-1116,-1648,12088,-6070,6004,508
451,-1664,5849,-14598,10600,6132
-2658,-1616,-3200,-11878,10136,1284
-5468,-1632,-765,-17334,9704,3656
-5607,-1632,-4060,-16906,9132,2344
-2097,-1616,-877,-12122,13204,1816
3278,-1632,3668,-10698,15408,920
5764,-1648,4503,-11210,15636,1368
4211,-1632,319,-11486,16784,1428
1611,-1648,-722,-10438,14688,1280
403,-1648,-3921,-9438,15180,1392
773,-1632,-3978,-8066,14988,1980
1981,-1648,-3241,-7574,16464,1592
2412,-1632,-87,-7158,15568,2536
1472,-1648,-359,-6674,15968,2816
1057,-1616,-188,-5878,15652,2404
1110,-1616,1173,-5146,15164,1316
1544,-1616,2776,-5266,15356,1284
1084,-1632,1459,-5306,15184,1260
309,-1616,-182,-5258,15676,1040
-576,-1664,-2904,-5206,15092,1072
-539,-1648,-2376,-5130,14856,1104
-770,-1664,-2305,-5282,15116,1228
-774,-1616,-1779,-5158,15408,1432
-830,-1664,-1398,-5434,15592,1796
-856,-1616,-217,-5510,15448,1832
-1120,-1616,-506,-5558,14844,1896
-866,-1632,-212,-5330,14768,1940
-171,-1616,823,-5326,15136,1708
0
-7406,-1616,-31377,31817,20152,-10308
-21061,-1632,19070,31817,32467,-14236
8812,-1648,-25325,24462,20880,2288
9130,-1632,-11549,16278,5592,2848
3421,-1616,19284,13438,17020,7920
-5071,-1648,609,-7566,7144,1596
-4334,-1664,13935,-4718,8248,1600
-3056,-1584,11041,-14850,12736,4944
-4210,-1664,1487,-10758,13516,1048
-6244,-1616,-62,-14126,12596,2344
-4361,-1648,-681,-10674,14028,1896
1333,-1648,3185,-9402,14676,44
2624,-1616,1870,-11818,15604,2312
-497,-1664,-3787,-11722,14772,2788
-1691,-1616,-1881,-9754,13772,2044
-47,-1632,-466,-8966,14204,1476
-220,-1616,-3375,-9606,15520,1952
-2431,-1632,-5824,-8810,14424,2364
-1348,-1616,-4810,-8194,14824,2316
644,-1648,-2737,-8074,14916,3076
1250,-1632,-423,-8546,14120,3280
1827,-1616,627,-8162,13820,3456
1965,-1664,726,-7546,13940,3156
2253,-1648,1854,-7410,15712,2232
2030,-1648,1056,-7514,14588,2040
1764,-1664,836,-6622,13216,1584
2017,-1648,1026,-6090,14600,1584
1504,-1664,-1576,-6418,15120,1372
613,-1648,-2418,-6614,14684,1232
-213,-1648,-1624,-6602,14592,1300
-1005,-1664,-1643,-6498,14520,1408
-883,-1648,-862,-6626,14900,1500
0
-15166,-1664,-111,19370,5320,9168
-32558,-1648,-32599,31817,32467,32767
-16482,-1648,25563,17546,9772,-32768
27464,-1664,1378,5842,23336,544
9340,-1648,-649,3974,10124,12904
-11247,-1648,7451,10938,22892,17824
1224,-1632,10679,118,14300,-1732
-2673,-1648,894,-9754,16744,8188
-5376,-1632,-2682,-9422,10464,716
-3621,-1648,-2513,-14110,10560,624
-2443,-1664,-4276,-13606,10020,728
-1354,-1648,-991,-14714,11136,2316
223,-1632,-4641,-17194,10636,3120
2548,-1664,-3607,-14318,11712,2568
4691,-1648,2836,-13214,11268,1080
3901,-1664,6050,-11938,14044,-404
-174,-1648,-2064,-11482,16704,364
-3978,-1664,-6399,-8842,13908,544
-2191,-1648,-1858,-6718,14648,1176
-359,-1616,111,-6142,15556,1380
590,-1632,1163,-6150,15116,2400
738,-1648,2311,-6174,14784,2700
633,-1632,3451,-5726,14832,1852
625,-1648,3943,-5654,15212,1116
157,-1648,1829,-5926,15100,1636
-400,-1632,1091,-6170,15508,1244
-1057,-1616,-505,-6242,15504,948
-1360,-1632,-1347,-6054,15028,1100
-1589,-1648,-2655,-6006,15332,1108
-1617,-1664,-2108,-5958,15308,1368
0
-2451,-1648,-32598,31818,16488,2792
616,-1664,-32598,-24646,-1056,-7300
20147,-1648,-19419,31818,-13324,-9640
19630,-1648,-31247,-9674,14764,9476
-11284,-1632,2157,15366,6204,3680
-32559,-1616,24151,3210,32468,4116
-24014,-1664,17965,31817,32467,-32768
25509,-1648,-30357,6566,17332,-10796
18668,-1648,-6821,6418,-6908,5916
10874,-1632,14506,10674,25116,19128
-9263,-1648,5028,7562,12680,-1652
-11213,-1632,11678,-5922,11372,6916
-5311,-1584,16081,-6718,13436,3536
-4235,-1648,3307,-8522,15936,1520
-5088,-1648,2337,-13758,12944,3504
-4579,-1648,-2338,-13998,14376,1136
-2499,-1632,-318,-11782,13188,680
-3200,-1648,-2581,-15618,13596,2824
-4835,-1632,-4767,-13934,13224,3228
-5074,-1648,-3029,-13498,12872,3912
-2110,-1648,1060,-10802,13848,3212
351,-1632,673,-10982,15652,3984
-559,-1648,-3176,-11282,14608,3972
364,-1648,-209,-8318,13364,4484
623,-1632,1552,-7538,13172,4464
1848,-1616,2936,-6334,13496,3824
2218,-1632,2640,-6554,14904,3604
1403,-1648,2066,-6630,14984,3340
923,-1664,1172,-6454,14608,2684
534,-1648,-340,-6562,14292,2600
0
2424,-1648,5733,11718,15044,6344
-8575,-1648,-2156,13786,-11520,25160
-32558,-1632,-32599,31817,32467,840
21200,-1664,5792,24558,9588,596
6792,-1648,1776,2726,6272,7056
-8193,-1664,20740,16790,14944,15096
-24495,-1616,7290,23498,22172,5880
-12363,-1632,-6541,9170,5272,-4240
-6292,-1680,13664,1526,4752,-4644
5166,-1632,-2561,-13686,12480,-3288
-3929,-1632,-18019,-9722,11852,356
-7223,-1648,-11916,-18026,10796,572
-6251,-1664,-11195,-22230,7932,-1232
-1390,-1648,-997,-16778,8196,52
256,-1664,146,-14110,12656,648
3410,-1632,2608,-12310,12172,932
5062,-1648,5365,-11758,13120,1612
2341,-1664,1255,-11994,17088,120
-717,-1648,-6823,-10766,16244,1200
-704,-1664,-4710,-9790,14740,2472
-1723,-1680,-4611,-8302,14932,2168
-1209,-1648,-1280,-7102,14392,2012
-743,-1664,-562,-7162,14536,3108
-928,-1648,-166,-6526,14936,2044
-938,-1600,1824,-5994,14760,1080
-485,-1648,1863,-5950,15176,1516
264,-1648,2465,-5858,15080,1368
-91,-1632,189,-6022,15596,1244
-461,-1616,-2277,-6270,14648,1304
-465,-1632,-1591,-6286,14976,1356
-630,-1616,-2421,-6310,15080,1456
-479,-1648,-2327,-6374,14712,1544
0
