-32558,-1424,6146,31817,15156,21176
-32558,-1424,-32598,31817,32467,32767
6859,-1472,-8362,31817,7568,-18156
-32559,-1456,30279,-2910,5232,21444
1237,-1456,-32598,-20782,-12176,5468
-3574,-1440,-20537,-8922,-17264,15464
-3151,-1440,-2749,-8790,-2084,22176
4896,-1456,-707,-2714,2552,32528
19054,-1440,-3016,10910,10256,32767
31378,-1456,-8077,7646,-312,20968
-32559,-1488,-4686,10,-2592,16732
32261,-1424,-13526,2354,-7168,13624
-32559,-1440,-10794,2386,-7864,7208
-32559,-1440,-5227,1454,-5192,-848
-32559,-1456,-2169,586,-1956,-9348
-32559,-1472,421,-2086,-2748,-19848
-32559,-1408,3167,-5038,2240,-27456
-32559,-1456,28075,682,32468,-32768
17755,-1456,-32598,-5642,7128,-30648
-32558,-1456,-11503,-14634,32468,-28660
-32558,-1472,14778,-9674,-20632,-32768
-32558,-1456,-32598,-27090,19580,-16436
-9852,-1456,-10173,-23550,3924,232
-1863,-1472,-1068,-22514,-2844,-5844
1594,-1440,5869,-15890,-4220,-7812
3010,-1456,2167,-10670,-6340,-7948
3000,-1440,-1105,-11378,-4240,-7848
712,-1440,-915,-12882,-4396,-7584
-807,-1424,1193,-13914,-3388,-6412
-1813,-1456,1645,-14450,-2008,-4624
-2707,-1440,-54,-15026,-1992,-3768
-2663,-1424,666,-14958,-3060,-3928
2
-32558,-1424,15315,28230,-13848,-18912
-32558,-1424,10137,31817,14612,30648
-32558,-1424,-32598,31817,32467,32767
-32559,-1440,-1719,31817,-32272,-25984
-32559,-1424,14436,-5046,6100,20920
-8668,-1424,-32598,-20382,-18424,19180
-18778,-1440,-2621,-14150,-23728,13312
8037,-1456,6922,13734,-5912,21444
23375,-1456,2625,6418,-3944,24708
20206,-1440,2164,9986,-4340,23532
13075,-1440,-5044,11946,2680,21004
17863,-1456,-11148,18298,-3224,11572
27292,-1424,-7134,10626,-10136,6288
31398,-1440,-2000,5354,-7648,744
-32559,-1472,4589,994,-7596,-2052
-32559,-1456,11925,-5658,-6932,-4056
-32559,-1456,2421,-16222,-1320,-10240
-32559,-1440,-8281,-26162,360,-5344
20151,-1440,10358,-29982,-20956,-14412
15155,-1456,-32599,-12458,-32332,-32768
-2564,-1456,-27680,-24326,32468,-1740
-17528,-1440,-5050,-24402,-25096,-12888
-32558,-1472,-6225,-27986,1304,9648
-25660,-1456,5742,-27766,12140,-5652
-7110,-1424,-18651,-11846,-5088,4344
443,-1440,8567,-17586,-4704,5692
1804,-1456,11131,-16682,-1056,3880
1082,-1424,-1631,-14250,-4620,1408
610,-1440,1136,-14562,-7608,1888
-1613,-1456,3833,-16690,-1860,3448
-2752,-1424,-1617,-16606,4,5560
-2000,-1440,-3227,-16218,-2220,6516
2
-32558,-1440,12438,16682,-15936,-32456
-32558,-1424,-32598,31817,13036,18608
-32558,-1456,-32598,20970,32467,32767
-18508,-1440,-16738,31817,3120,-32768
-32559,-1440,-32599,11222,-19220,32096
18996,-1424,-315,-13510,7432,23948
-4535,-1408,-6287,-17634,-12436,24208
-1614,-1408,4488,5934,-4496,16388
23610,-1456,1225,2034,-4976,22280
21905,-1408,-5822,-5114,1172,27508
15197,-1440,-4327,3062,-3948,20636
23169,-1424,2680,-3222,-8972,15416
24274,-1424,3010,-4170,-4304,14956
23849,-1440,1578,622,-6064,8720
24895,-1456,5263,-7178,-1616,1660
25813,-1456,-6937,-7838,-1352,-444
29146,-1408,-4701,-6970,-3780,-3436
29062,-1472,-3924,-10858,-2456,-4272
23862,-1424,-1977,-15182,-4520,-6132
-32559,-1424,18733,-18470,-2644,-21508
-32559,-1472,15152,-29942,-6276,-28568
-7888,-1424,1721,-21198,32468,-24116
-32558,-1424,-670,-20782,-22780,-4056
-26795,-1408,25844,-21750,1884,13864
-13919,-1440,-1003,-29482,8860,5720
-7302,-1424,-7321,-22414,860,4384
-2422,-1424,-40,-17714,-1232,2276
-220,-1472,-1813,-14910,-3804,968
485,-1456,-4617,-14218,-2992,1244
-1035,-1456,-4848,-14474,-4040,1764
-1020,-1440,-3109,-14594,-3616,2080
-1100,-1456,-2160,-16038,-2420,2724
2
-31503,-1456,4726,-20558,-29364,-30804
-32558,-1472,-4555,-12202,-16800,-21632
-32558,-1440,3645,5134,-17332,-22888
-29729,-1424,4888,31817,-25908,32767
-32558,-1424,-7991,31817,32467,32767
-13145,-1472,27019,17782,26688,-20
25812,-1424,4832,7274,30464,8276
10699,-1424,-32598,-7678,-15936,9840
-32558,-1440,29084,-12658,-19656,15656
-10076,-1456,23452,-1302,-7716,16504
6279,-1424,-8798,3534,1236,22184
10916,-1440,-7191,1082,1080,26788
17108,-1408,-648,6946,2064,23496
14858,-1456,2543,10590,-176,17740
16224,-1440,594,7462,2720,15020
18080,-1440,-44,2938,-1196,14364
17236,-1456,3642,666,-6116,10668
18615,-1424,4913,-8898,-4120,7400
18127,-1440,2029,-13554,-3096,7928
15095,-1456,319,-12494,-4564,8632
11900,-1456,150,-16886,-6268,6796
10412,-1408,2765,-16802,-6532,6796
11244,-1440,3863,-20998,-4556,6088
7877,-1456,3228,-22258,-6888,6044
3565,-1408,4999,-21442,-7760,5344
1613,-1440,6078,-22138,-6080,6668
1251,-1456,6431,-21062,-8168,5824
2728,-1440,8989,-20962,-8088,4396
5110,-1408,9053,-19682,-6620,3960
4196,-1456,3656,-19502,-6068,5636
1420,-1456,-1262,-17978,-7352,6432
-124,-1440,-1219,-18406,-4236,7080
2
-21918,-1440,6256,-11270,32468,-32768
-32558,-1440,8277,-4670,-24848,-30004
-32558,-1456,19561,14954,-15376,-23672
-32558,-1440,-7749,31817,9864,632
-32558,-1440,-2501,31817,32467,32767
-32558,-1456,-32598,9318,32467,32767
-32559,-1424,-3122,31817,-11840,10400
18328,-1472,-24680,-12342,11116,19960
-6521,-1424,-20485,-13786,-12888,16264
-6152,-1392,-11187,906,-3564,19032
1091,-1408,-14171,-1006,-2352,26356
10045,-1440,-10297,6686,308,25956
17918,-1424,-2660,6258,-1544,21636
17725,-1456,-5185,4998,804,18996
17104,-1440,-4159,6606,-1200,13640
19455,-1440,1771,2806,-4908,7560
19624,-1456,1466,-3026,-1836,4464
19205,-1440,1777,-2738,-2112,3260
19853,-1440,-834,-10162,-3020,1024
18353,-1424,-5067,-18498,-3916,-152
13188,-1440,1731,-23594,-8144,-1012
10012,-1472,5010,-29326,-8640,-3144
9250,-1424,7694,-31266,-13724,-7348
17509,-1456,21424,-25354,-21984,-13900
17765,-1440,14155,-28014,-14280,-3076
-8269,-1424,-3172,-25518,-16128,3508
-16810,-1488,-5348,-19494,-8456,4144
-13133,-1424,-8711,-17758,340,5712
-5902,-1472,-8672,-17110,-100,4544
-1820,-1424,-2581,-18086,-1568,5516
-362,-1456,353,-16742,-684,4748
633,-1440,-2371,-15446,-1308,3884
2
1210,-1424,-2342,-16794,-29456,-20924
-1077,-1456,-11749,-5902,32468,-30092
-12192,-1440,-2162,-16066,32468,-32320
-32558,-1456,9193,-13594,32468,-27524
-32558,-1456,19784,-2330,32468,-27256
-32558,-1440,-1913,21838,-20132,-31404
-32558,-1440,-32599,31817,30224,32767
-32558,-1424,-23528,31817,32467,32767
-23534,-1424,-32598,21942,32467,24936
27096,-1440,12171,10442,-5432,32767
77,-1440,-30958,-9794,-10700,632
-8825,-1424,287,-12626,-13808,13100
1232,-1424,1130,3746,1308,15496
10093,-1456,-9009,4550,9500,29188
11794,-1440,-5899,5490,1544,27072
19145,-1456,-1239,15190,940,22292
23408,-1424,-674,9542,668,18424
22229,-1440,-7476,3778,72,15652
19613,-1472,-5009,3858,-6224,12300
20107,-1456,9765,-1046,-10428,7720
22474,-1456,7674,-6894,196,5900
18391,-1440,-3963,-7934,-5004,7844
14436,-1440,802,-13306,-9020,7064
11910,-1424,2527,-14362,-6332,4940
11386,-1424,2625,-15418,-4628,6636
9202,-1440,478,-19230,-6668,6008
9076,-1472,4768,-18466,-7724,4356
10598,-1456,11928,-24782,-5028,2644
9282,-1456,9614,-26522,-6688,1608
6835,-1456,9331,-25538,-16056,-2300
11497,-1472,11662,-22874,-20336,-2652
4677,-1488,2137,-23878,-6944,5540
2
-32558,-1440,-32599,31817,5136,-32560
-32558,-1392,28958,31817,2548,32767
-32558,-1456,-32598,31817,32467,32767
14463,-1408,-32598,24998,32467,-15832
-16296,-1424,14302,-1182,-31172,12520
2782,-1456,12213,3678,1380,20896
7358,-1440,2583,-8766,4724,29844
515,-1424,2797,-5306,228,22736
117,-1424,-3995,-3754,424,20620
5453,-1472,-14884,1026,1172,24104
14371,-1456,-4424,7002,-4700,19724
21565,-1424,-679,4318,492,18616
16201,-1440,-11973,1946,324,18524
11587,-1440,-6748,7690,-4236,14300
19830,-1456,2597,5202,-5940,6280
26600,-1440,3098,-3590,-2840,6092
22334,-1440,-1639,-2650,-1716,7176
13715,-1456,1860,-8594,-4088,4764
11243,-1456,-2726,-14234,-2928,2516
12382,-1440,-1385,-14350,-5820,2612
10857,-1472,-698,-19566,-7116,2812
11997,-1456,2763,-21694,-7620,1900
11225,-1424,8256,-28310,-10156,-48
10761,-1408,19166,-28074,-19984,-11740
14373,-1440,15449,-28346,-15932,-8516
-5145,-1456,-2598,-32594,-16160,6144
-30386,-1456,-10040,-24066,-11916,4724
-10999,-1424,-6164,-11026,-2452,5688
-3130,-1440,-6139,-21518,-3940,9876
-2382,-1456,-4713,-19018,-1420,8436
2
-20716,-1472,8345,-17122,-28928,-32768
-32558,-1440,10899,-7670,-29888,-27728
-32558,-1456,26949,5810,-22356,-20288
-25623,-1456,-26727,31817,-10184,32767
-32558,-1440,15083,31817,32467,32767
-32558,-1456,-32598,2982,32467,32767
-32559,-1424,-23355,31817,6264,852
27612,-1440,-32598,-8910,-6032,11040
-13423,-1472,4824,-24146,-25684,29456
-31201,-1456,-5174,-15194,2352,8908
6269,-1424,-10202,16790,7236,21236
21673,-1424,-9942,-6934,1640,23632
8450,-1440,1520,-9094,4528,27852
-5119,-1456,-9935,-1018,6260,22132
11275,-1424,-15629,10606,388,9336
26056,-1440,-9202,2210,-4188,15340
22850,-1408,-3510,726,-1188,17396
19640,-1424,-594,1098,-536,11316
20701,-1472,-830,-1610,640,8900
19960,-1440,-2495,-2870,-1612,7268
18421,-1456,2299,-3266,-4132,4164
18347,-1456,7995,-2622,-3000,1672
17125,-1440,11071,-12990,-592,1944
9738,-1440,12656,-22318,-1152,4112
11663,-1456,14958,-20222,-6508,-640
18745,-1456,17644,-28538,-1252,428
13012,-1440,15839,31818,-7272,3356
8972,-1440,10575,31818,-16224,-2060
9449,-1456,12621,-30446,-19244,-3316
-2192,-1456,6254,-27066,-9424,3824
-14627,-1472,-5104,-20222,-2008,1096
-10240,-1424,-8034,-15394,-6004,-176
2
-5281,-1456,-21591,-27198,-15208,6936
-32558,-1424,-32598,-5610,-16976,14796
-20464,-1456,-4796,-3110,-2056,18512
3308,-1440,-2069,-3826,3572,24392
10187,-1440,-6942,-9758,3744,26232
10235,-1456,-7675,-6778,-2956,23012
10076,-1456,-10157,-4250,-168,19756
14129,-1440,-11551,-1658,-2768,16540
15865,-1408,-5873,-5170,-5968,16460
11767,-1424,-1441,-2746,-3368,16280
10632,-1424,-5273,-4054,-1572,14136
7092,-1440,-4095,-3714,164,16120
7587,-1440,-1812,5554,-2724,11280
13666,-1392,4441,2634,152,6556
18296,-1456,6249,-2514,2472,4776
19969,-1456,-2240,-5750,-356,5016
19531,-1440,-3933,-9574,-5612,4644
17826,-1440,-334,-14158,-6868,-256
18972,-1456,5136,-17546,-5936,-2448
12304,-1456,7269,-26170,-7168,-1236
13589,-1440,16224,-28782,-20908,-18676
29293,-1472,24279,-28362,-32184,-23012
9518,-1456,-12464,-32738,-20412,2508
-24247,-1456,-1919,-25122,-15784,-572
-19561,-1440,-32598,-14834,-644,15076
-10261,-1472,-14729,-21074,-2700,4296
-4815,-1424,-7040,-17102,-5580,4244
-1053,-1424,2500,-17154,-1556,2516
-13,-1472,-1581,-16134,-728,1964
-701,-1440,-6188,-15594,-1904,2252
8,-1456,-2373,-13798,-4236,2396
-591,-1456,1890,-15746,-2240,2248
2
-32558,-1456,5821,31817,17976,32592
-32558,-1424,-32598,31817,32467,32767
-32559,-1440,25018,28806,16888,4256
24926,-1440,-21961,-21566,11492,9268
-19105,-1456,-32598,-25950,32468,15816
-8866,-1456,-32598,25314,12408,-32768
15301,-1456,6505,1746,-5440,14260
16573,-1472,3130,-8286,4556,24008
9222,-1456,-7813,-6310,-2376,22164
5382,-1456,-1044,-3866,-4788,18520
6724,-1472,-3683,-1330,-1836,18204
10533,-1440,-2813,1598,-3044,16800
13494,-1456,-3685,1642,904,16332
11670,-1424,-9194,598,-536,15972
11305,-1440,-3670,4714,-3156,12264
16570,-1472,3145,-202,-4600,7132
17451,-1456,3685,-6698,-2032,8312
14238,-1424,2215,-2638,-2888,7352
11368,-1440,3748,-11062,-5508,5656
9426,-1440,5218,-10070,-4972,5236
11085,-1424,2518,-19938,-8620,4488
7495,-1472,3499,-26330,-6624,9132
2235,-1424,834,-27626,-10400,4908
10674,-1456,9652,-23390,-16948,-2724
19399,-1456,17178,-25334,-12516,204
5740,-1440,-2687,-27226,-9184,4532
-10018,-1440,-11292,-24102,-12452,2044
-11329,-1456,-12935,-18494,-4088,1024
-7817,-1456,-9582,-19214,3208,4692
-5041,-1440,-7172,-19214,4364,5188
2
2831,-1440,29853,-13734,8828,-6332
-27962,-1488,-32598,-16682,-26800,6252
-17033,-1424,8721,2790,-25996,16856
-4284,-1408,-236,-2354,-468,20592
8400,-1440,2143,-3870,2424,21616
9110,-1472,-4834,-7450,696,19272
4836,-1488,-6708,-7818,-1320,17776
2311,-1456,-8878,-3594,520,18788
2836,-1440,-12178,342,-1272,17224
9521,-1472,-6908,3114,-3128,15512
13836,-1472,-6887,1830,-1888,15560
15701,-1456,-3630,3706,-2980,14368
17935,-1424,-1697,-1862,-3520,11336
14432,-1440,-518,-3498,-4248,10200
12683,-1440,6753,-1334,-7112,7148
14148,-1424,6208,-7542,-1528,7484
10505,-1456,-1634,-10770,-2908,7212
8335,-1440,-1925,-7538,-4476,5252
10494,-1408,1034,-13566,-6704,5148
10572,-1424,501,-19598,-2740,6396
8993,-1424,3037,-19566,-7288,5240
12267,-1472,6572,-22634,-6292,2620
17718,-1440,10154,-24942,-10908,-5768
20067,-1424,17578,-26518,-18540,-6080
16777,-1456,5503,-27966,-11172,-1636
2475,-1424,-5918,-24966,-17072,-132
-9883,-1440,-2985,-25334,-10600,1680
-13406,-1440,-6686,-22314,-1648,4704
-9377,-1424,-8921,-19998,-244,3900
-4194,-1456,-5996,-17498,-572,4008
-261,-1472,-1051,-16258,-2148,4328
1367,-1408,341,-15526,-1448,4400
2
-32558,-1440,1535,31817,13512,-10672
-32558,-1424,-32598,31817,32467,32767
-32558,-1424,-32598,8714,19904,-8104
-32559,-1456,-32599,24366,-17884,22332
8655,-1472,-22768,-15478,4652,7872
-32558,-1440,3948,-26590,-27024,7452
-1540,-1456,-18988,8210,-11056,2388
771,-1424,-8141,5946,-2140,15020
8060,-1392,-2736,-302,-2776,19892
11151,-1472,19,-1406,-2540,19632
12261,-1440,-3559,-994,-4864,16344
12750,-1456,-2607,-2826,-3776,17948
9285,-1456,-2989,-2238,-4276,18308
9146,-1456,1947,-302,-5796,15636
10663,-1440,157,-4378,-1608,14968
13601,-1456,8244,-8970,-868,12240
11139,-1456,1633,-5758,-1792,13592
10102,-1440,-2667,-9086,-4536,10264
18657,-1472,2439,-9462,-5864,7520
20488,-1456,2109,-15302,-1416,9600
14630,-1456,-1957,-20082,-4620,7940
11179,-1472,74,-18266,-8040,4864
12425,-1440,5467,-23574,-7856,352
16099,-1456,8560,-21150,-7936,-484
12476,-1456,8632,-25318,-10748,760
5055,-1440,6319,-23578,-13804,-80
4902,-1440,7319,-19378,-12616,-2576
5957,-1440,5838,-18314,-10012,-80
426,-1488,1650,-19546,-7960,5680
-5443,-1456,-3508,-18574,-4868,5792
2
-32558,-1472,-32598,21074,3588,-10332
-32558,-1456,-23363,31817,32467,29920
-32558,-1456,-32598,31654,25608,32767
24971,-1472,21907,30862,-17140,13460
-32559,-1440,14265,-4030,21796,14348
-2716,-1424,-23189,-22014,-15956,216
-27609,-1424,-11203,-10758,-25068,7344
-12285,-1440,9484,-206,-9712,15800
6138,-1472,-3734,-2238,-1632,21188
10717,-1440,1238,-4526,-7276,21996
10442,-1456,4768,-4370,-3260,23028
9909,-1456,-112,-1762,-3256,19736
12181,-1456,-2100,-346,-2860,18300
10501,-1440,499,-150,-4736,17832
11923,-1440,5231,574,-5964,12640
14501,-1456,8416,-5350,-3032,11624
12526,-1456,7648,-4598,-2584,12380
10902,-1440,5799,-5646,-4196,9892
10396,-1440,4862,-11174,-4000,7536
13921,-1424,5016,-8962,-3036,7748
14297,-1456,356,-15150,-4192,6708
14624,-1472,-625,-15482,-5612,3548
14816,-1440,4982,-17402,-4960,2144
14059,-1472,6920,-22714,-5040,1184
10560,-1456,4707,-25018,-5284,1032
7233,-1456,4938,-25254,-9468,-48
6782,-1440,11749,-23226,-14156,-4528
11062,-1440,14865,-20894,-16704,-5864
9776,-1456,6127,-21926,-10788,-1276
578,-1456,-1849,-22414,-7860,4728
-8797,-1440,-5343,-20902,-3752,5916
-7957,-1472,-7191,-17978,-1760,4232
2
-18147,-1472,-6320,31818,-26304,-21472
-32558,-1440,599,-18518,-22588,-20284
-32558,-1456,-11327,12886,3120,-26592
-32558,-1456,18472,31817,8104,32767
-32558,-1440,-3416,31817,32467,32767
-32559,-1440,-19846,31817,32467,-28384
23895,-1440,-32598,2422,-9688,2788
-7380,-1488,7142,-19726,32468,4196
-32558,-1424,-32598,-7950,-19176,13792
-3893,-1456,13489,4866,-2580,17740
2155,-1456,6316,-9610,-112,22052
3774,-1440,-6570,-5166,-1584,21928
4636,-1472,-3606,-3766,-5544,20368
5230,-1456,-4167,-1894,-2516,22356
9916,-1488,-3572,4470,-3584,19188
14773,-1456,283,4382,-5448,16372
16255,-1440,-226,-282,-2008,17716
15003,-1472,-78,2310,-3684,12056
15813,-1488,4634,-6666,-4136,12548
14100,-1456,5963,-4526,-6308,9880
17116,-1456,9594,-5590,-4424,6336
19157,-1472,3492,-13966,-4192,4056
17653,-1440,2602,-13906,-5940,4780
11097,-1440,7716,-16830,-9148,5212
6733,-1488,9079,-19954,-8320,3580
4624,-1456,5540,-20434,-6876,2280
5868,-1456,6391,-25110,-8676,1520
6759,-1472,5085,-25786,-10936,1964
9881,-1456,3475,-22666,-9732,-672
-8054,-1456,-14288,-25970,-5280,7536
2
-32558,-1456,-32598,31817,-144,23192
-32558,-1440,5129,31817,22140,32767
-32558,-1440,-25015,6502,32467,32767
29847,-1456,20338,21270,-1604,25852
9689,-1424,-31229,-17326,3140,5192
-2646,-1456,-15637,-1594,-21240,1688
-9507,-1440,4046,-11298,-9972,8944
-7661,-1472,642,-6690,-444,17428
942,-1472,-2106,-3062,-12,20388
8666,-1456,-392,-4702,728,21176
10059,-1456,-3792,-5010,612,22092
8466,-1472,-2047,-3254,-712,21132
8031,-1440,2852,-4726,-4176,17992
12813,-1440,9537,-4386,-100,15656
15780,-1456,11861,-4530,1324,14940
15102,-1456,10422,-10170,-124,12876
10930,-1440,4101,-15878,-2872,11744
11777,-1472,7858,-10178,-1172,6032
14426,-1456,4110,-15914,2580,4380
15016,-1456,-2252,-16910,-1848,3756
13961,-1456,-974,-16822,-3948,1688
12774,-1472,735,-20650,-3200,-532
7892,-1472,664,-21014,-896,1236
2522,-1472,5759,-21570,-10936,-2240
14062,-1456,19815,-19598,-15928,-15908
31717,-1488,12478,-17006,-6996,-9512
20026,-1424,-1239,-23050,-6236,796
-14716,-1472,-9242,-20018,-2132,4452
-9742,-1456,-5157,-21398,1128,5268
-5312,-1456,-5724,-20034,2532,5168
2
-28135,-1424,-32599,31817,9488,20696
-32558,-1456,-28597,31817,32467,32767
-6528,-1424,-3137,14238,27388,-16524
30691,-1440,-32598,7354,10172,11656
-2647,-1472,-31705,-23546,-6848,12972
-29409,-1456,-32598,-16646,-7316,16356
-13960,-1456,-12521,54,6572,21640
902,-1408,-11675,-2654,10276,28840
8646,-1440,-7130,-1202,5240,26268
11592,-1424,-10528,-642,7508,23812
12512,-1488,-12762,898,2128,19944
13597,-1456,-3022,1522,-2568,17604
16062,-1440,1582,-3886,-768,14388
16366,-1440,-738,-6174,-500,11728
14598,-1488,-3680,-8686,-5312,9352
13833,-1456,2744,-10846,-7888,8996
10729,-1472,-1473,-13838,-5316,5580
10884,-1424,982,-15578,-5612,5512
8619,-1456,1021,-15598,-3336,6084
5818,-1456,-562,-17766,-3860,4052
8710,-1440,6761,-17126,-9092,308
11971,-1440,11729,-18246,-5788,-1140
12912,-1456,6109,-20434,-7224,-5016
12762,-1488,2642,-23250,-9680,-4016
1888,-1488,-5403,-30470,-2320,4328
-14549,-1440,-11591,-22302,96,4512
-14563,-1440,-10844,-18062,-1612,628
-6622,-1488,-4739,-16522,336,2624
-1277,-1456,-3113,-17770,-464,4036
107,-1456,-2850,-17858,512,5252
2
8625,-1472,-24611,-29530,20072,9644
-26263,-1456,-13507,-24862,-15468,11356
-16671,-1456,-9004,-6342,-6528,12964
-6283,-1456,-13989,-5066,6360,21240
8290,-1440,-16930,670,2444,16364
14632,-1488,-8006,-206,-1220,15180
16994,-1456,-4137,-2306,316,14972
17632,-1488,-6426,-2018,1084,11284
17229,-1472,-4257,-6322,-3596,8916
15407,-1472,-701,-7666,-5460,7652
16041,-1472,2384,-7966,-5116,4992
16450,-1456,-642,-11718,-3236,3956
13194,-1456,-3641,-10542,-7452,4512
10447,-1456,2593,-12694,-9692,3112
9107,-1488,6629,-16642,-7352,1828
6675,-1440,3447,-16478,-6248,3036
3813,-1440,2230,-19010,-8888,2528
3223,-1472,6207,-20334,-7584,1596
3750,-1488,8207,-20938,-7816,600
2264,-1456,10081,-23922,-10388,1624
710,-1456,9983,-22362,-9036,1460
1176,-1440,5222,-21798,-8800,1152
470,-1472,2873,-21702,-9580,2328
-4170,-1440,1384,-21774,-5476,5564
-8632,-1424,-3253,-19522,-3204,5544
-7575,-1456,-2341,-17790,-2248,5012
-5353,-1456,-1771,-17438,-24,6196
-3976,-1424,-2923,-16650,-544,6724
-2678,-1472,-2626,-16566,-1516,7320
-2564,-1440,-1980,-16358,-1952,7828
2
-32558,-1456,-32599,31817,10408,32767
-32558,-1440,-11699,31817,32467,32767
-23377,-1472,-32598,5638,32467,32767
29006,-1440,-32599,10802,-9816,23956
3319,-1424,-27767,-18514,11180,12560
-10409,-1488,-26602,-8206,-15784,10552
-8535,-1456,-2225,-1546,-10000,14764
1012,-1472,743,-2190,116,21688
4378,-1456,-3882,-4970,688,24952
4287,-1456,-5574,-2906,-1196,22748
5411,-1488,-5685,-726,-2164,20060
9266,-1440,-3566,1842,-3084,18092
12983,-1472,-1068,734,-2300,18364
14105,-1456,-2783,454,-1268,16376
15628,-1456,934,-866,-3856,13632
13772,-1456,4119,-6182,-2860,13340
13229,-1488,4755,-5566,-1220,12100
13290,-1440,-178,-7058,-932,11128
9851,-1472,-2922,-11362,-3176,10708
9555,-1456,-269,-11066,-4112,8964
14992,-1456,-201,-10346,-3832,6196
15132,-1456,-435,-14606,-4120,7396
9980,-1472,-973,-18050,-5848,7972
8472,-1440,-18,-18202,-5920,5252
9338,-1456,1504,-19258,-6260,4808
9233,-1456,4853,-21442,-7480,1040
13100,-1488,12719,-21894,-7560,-6368
18654,-1440,17656,-20286,-10800,-9916
16245,-1472,8330,-21922,-8668,-1308
-3543,-1472,1740,-23510,-9932,6572
-15922,-1488,-5751,-19190,-8584,3060
-9181,-1488,-4366,-17034,-1964,4096
2
-32558,-1408,2107,-32470,-29576,-32768
-32558,-1456,-4626,-17950,-14888,-32768
-32558,-1456,-32599,18734,-20816,-32768
-32558,-1472,5632,31817,13248,32767
-32558,-1440,14768,31817,25012,32767
-12426,-1472,13472,18410,32467,32767
9249,-1456,-15094,-1142,25372,22560
1098,-1488,-32598,8546,-19532,9868
-10562,-1456,-14944,-4810,-18692,9584
-4164,-1440,7570,2342,-6604,15760
1314,-1472,155,-2906,6352,23712
4305,-1456,-9068,82,-1092,24804
7226,-1424,-5682,2430,-3784,22416
10492,-1440,-1683,3158,-3604,20400
12231,-1472,-2814,2378,-2580,19528
13395,-1440,1660,1618,-4008,18632
15065,-1456,2115,-1446,-176,17384
14925,-1456,1069,-2238,-2480,17796
12031,-1488,3215,-6146,-6660,16796
13576,-1440,6874,-8486,-3348,13544
16108,-1440,3585,-9470,756,10864
14795,-1488,-2119,-13578,-1140,9712
12649,-1456,-1582,-14334,-3000,7924
14858,-1488,-1515,-17546,-2516,4292
13200,-1472,-2310,-21050,-616,4296
11394,-1472,-7230,-19814,-4028,1716
12123,-1456,-5316,-19378,-4508,68
11660,-1456,-1272,-21646,-3428,-2752
10770,-1456,2310,-23470,-13196,-8324
13089,-1472,-1846,-18170,-8640,-5240
1432,-1440,-828,-21754,-10728,-1600
-8946,-1456,-2996,-19110,-7724,-412
2
-32558,-1424,12775,-19986,-25712,-24924
-32558,-1488,22943,294,-26424,-32768
-32558,-1456,-1131,17174,9840,7576
-32558,-1440,3316,31817,32467,28820
-32558,-1440,-4055,31817,32467,32767
-11367,-1456,-28026,5686,-18928,7936
-4621,-1488,1466,926,-20896,8472
-2143,-1440,11508,-2306,-3644,19232
-7161,-1456,1528,-8318,3628,22860
-3121,-1456,-11924,-590,-1208,23144
3460,-1456,-5646,558,-4812,22388
6155,-1472,2508,-446,-2920,23504
8835,-1504,-5331,966,1144,22364
18172,-1456,-8446,6778,-356,18572
22768,-1456,-6160,1154,-360,20344
21096,-1472,-5497,-1578,-136,19356
21596,-1472,-1671,-1350,-2908,13988
21474,-1472,4368,-6062,-3880,11540
16680,-1520,2337,-10446,1240,10532
15819,-1456,-1647,-9166,-3208,7084
16631,-1488,-6068,-13734,-3608,3596
14024,-1456,-4370,-14842,-4988,4868
9131,-1472,-4584,-16662,-4044,2396
9964,-1440,-3552,-18390,-3896,-64
7851,-1472,-1971,-20882,-4528,208
7848,-1488,2846,-24898,-11596,-8120
14433,-1456,16350,-17726,-19820,-14968
11469,-1488,11115,-18950,-14956,-5920
-2695,-1472,-1804,-24146,-11664,-1452
-10090,-1472,-12314,-17890,-8748,-1380
2
-19698,-1472,-3531,-19714,-20884,-23876
-32558,-1440,-1949,-2718,-25504,-32768
-32558,-1488,2840,31817,-1276,-25072
-32558,-1456,2464,31817,17944,32767
-32558,-1472,-15809,10698,32467,32767
-32559,-1472,14192,31817,16792,13168
26688,-1440,-26556,-13266,18840,13420
9093,-1456,-24909,-11982,-19268,13648
-4867,-1456,-6541,-14478,-12784,14048
-6565,-1456,-9188,-8778,-7756,17512
197,-1472,-9259,-4454,-5652,19192
3240,-1472,-4303,-5882,-6144,19248
3048,-1472,212,-4494,-1636,19460
3667,-1488,-4597,-886,1352,17012
8521,-1456,-3117,-2410,-1500,13336
9869,-1456,1726,-2662,-4740,13700
11477,-1472,9689,-2890,-1164,9584
15051,-1472,3314,-9250,1072,8600
12399,-1456,-1041,-10574,-2576,10024
9096,-1456,4376,-13854,-6788,7032
10365,-1488,6088,-15942,-5224,4280
12201,-1440,2079,-16342,-4076,4408
10516,-1472,1391,-20286,-7008,3456
7633,-1472,6067,-21966,-6008,2660
5916,-1440,5680,-22930,-5496,2256
4613,-1488,4694,-22870,-7496,432
4969,-1488,11549,-21926,-9612,-1164
8859,-1488,15346,-21938,-8408,-3188
6061,-1456,7516,-22058,-8360,1152
-966,-1472,-1637,-23146,-10208,3428
-4475,-1472,-2184,-22142,-3940,5960
-7603,-1472,-8288,-20222,-1700,6344
2
-32558,-1456,20009,31817,11132,26804
-32558,-1456,-17020,31817,32467,32767
4431,-1456,-13252,13518,32467,-11484
22078,-1440,-11858,1954,5500,14124
3108,-1472,-32598,-14722,-16664,4964
-8043,-1440,-22563,-8714,-16144,8100
-7954,-1408,-5352,-6218,-12688,10292
-1335,-1424,-2185,-5870,-3096,17792
5229,-1424,-4510,-2622,356,20412
7824,-1408,-1523,-5114,588,20652
6854,-1440,-6813,-162,2780,20356
11377,-1440,-6004,5878,-1104,15416
15004,-1424,-2780,774,-2988,14384
18024,-1456,5671,5690,-1744,10816
25188,-1440,6555,-630,912,9084
25022,-1472,-2610,-6610,1272,8472
21955,-1440,-3809,-7958,-7032,5040
19519,-1424,3508,-12602,-2844,1996
20637,-1456,3172,-15822,-3116,-1128
17643,-1424,4613,-17806,-6160,524
8958,-1440,7260,-23746,-8252,-1844
8817,-1440,13029,-30446,-9268,-8504
25258,-1472,29929,-26954,32468,-21588
30153,-1424,21990,-16966,-27092,-11552
-7392,-1424,-9438,-32382,-29724,5716
-31627,-1456,-32598,-20926,-6152,5604
-16147,-1472,-9985,-16534,-448,2228
-4362,-1440,-7618,-17994,-1032,4424
-830,-1440,1012,-17218,-1784,5028
-1008,-1424,-1831,-14258,-1792,2292
423,-1456,-5191,-13022,-4204,1044
476,-1440,-3561,-13426,-6644,2428
2
-32558,-1440,21085,31817,18692,25680
-32558,-1440,-32598,31817,32467,32767
-32559,-1424,-12612,20018,4080,-22536
-32559,-1424,-14076,5062,17036,23904
-10889,-1456,-3381,-15658,-19536,9672
-15474,-1456,-7888,-9158,-17512,9212
-7549,-1440,3436,-162,-3936,18688
-784,-1440,-3793,-4970,-124,22796
5403,-1440,-4962,-274,-1096,20828
11812,-1456,-428,1178,-1400,19188
14966,-1456,-333,-3678,76,18912
13061,-1440,-4337,-3474,180,18976
12065,-1440,263,-1610,-1020,17468
15748,-1440,5214,-4326,-2976,13940
18405,-1456,8164,-3782,680,15140
19259,-1456,7467,-6118,1568,13640
17846,-1456,2690,-10850,1116,12000
16519,-1488,-87,-10430,-3496,9448
17434,-1472,-184,-13918,-12,7060
17315,-1408,-1328,-16758,-3068,6284
14491,-1424,-164,-15518,-4960,3520
14304,-1456,3589,-17174,-5616,-1456
13410,-1440,5217,-18198,-6360,-888
10090,-1440,4028,-19498,-3624,2672
5552,-1440,375,-22810,-7276,348
4590,-1456,5807,-21574,-8128,-944
4046,-1456,12191,-22802,-10132,-552
-518,-1456,5991,-23386,-9388,-124
-4409,-1456,-470,-20362,-9860,980
-5597,-1408,-2346,-18238,-7180,2176
-5130,-1408,-3925,-17526,-3636,3848
-6260,-1440,-5572,-17486,-1576,6916
2
-32558,-1440,-26227,15422,7624,-8084
-32558,-1456,630,31817,14260,1536
-32558,-1456,-9208,31817,32467,32767
-32558,-1424,-21870,-11958,32467,12648
29920,-1424,-5648,22246,-7772,18980
17773,-1440,-19737,-14250,-948,16064
-1534,-1440,-9733,-13042,-13988,13300
-4099,-1440,-134,-7810,-5596,10344
-1073,-1424,-1617,-8574,-3744,17496
2670,-1424,-2391,-7322,8,19908
5564,-1424,-6884,-5874,-840,18860
8675,-1408,-5116,-4046,268,18388
12671,-1440,-3013,-4186,664,17468
12003,-1472,-4687,-4606,-464,17740
11414,-1424,-95,-1322,-3040,14604
17404,-1424,4322,-4142,-3596,10916
17643,-1424,-523,-7938,24,12004
13592,-1440,3027,-9746,-2444,6676
14242,-1440,-552,-11226,-5232,4732
14011,-1424,-281,-14218,-6524,3824
13160,-1456,3826,-13238,-6668,3980
12210,-1456,5218,-16794,-6324,2184
11153,-1440,3990,-17854,-5552,296
8638,-1440,6779,-20126,-7036,1736
6175,-1440,6784,-23766,-5300,-868
5659,-1424,8126,-21938,-8268,-2668
4562,-1424,9439,-23874,-9828,-1692
4856,-1456,11268,-22030,-10692,-924
5225,-1424,8323,-21090,-10624,80
-225,-1440,1721,-20890,-9052,3564
2
-26439,-1424,14822,-10746,-24332,-32768
-32558,-1408,19274,2242,-30712,-19428
-32558,-1440,-32599,5202,640,-8600
-32558,-1472,-6948,31817,-3956,32767
-32558,-1424,-30768,31817,32467,32767
-32558,-1424,-20881,-3090,32467,-15104
-32559,-1440,-21448,11506,-31756,32767
4011,-1424,-14433,-9910,4188,3728
-1324,-1440,-32598,-2050,-19992,12600
-1285,-1440,8066,-7190,-10480,15980
-1532,-1424,5251,-6362,5124,23084
4296,-1424,-7366,-2538,5632,20544
9942,-1424,-7210,-3634,1888,20312
9716,-1440,-8476,-3042,620,19192
10965,-1440,-2617,-286,-276,18244
15112,-1472,-2118,-3486,628,15724
17799,-1456,-1491,-3758,1472,15184
17220,-1456,-650,-3458,-2472,11368
19325,-1456,5151,-9754,-1268,8712
18108,-1440,631,-8378,1564,9136
16481,-1440,-3842,-10222,-1768,6376
17794,-1424,-3697,-14434,-4116,2584
19744,-1424,1973,-14586,-3608,2252
16152,-1456,2081,-17730,-3128,1424
11556,-1456,-2561,-19698,-3364,-80
9192,-1440,-1196,-18706,-5768,-1428
10121,-1440,5169,-19770,-7176,-3228
12148,-1456,13253,-21738,-8212,-2600
10265,-1424,13557,-23630,-9300,-2120
8653,-1440,9157,-20258,-12932,-3168
8382,-1472,6855,-17330,-19560,-4200
-10322,-1440,-2680,-28426,-9052,9004
2
-32558,-1424,-32598,21490,4132,32767
-15426,-1424,7698,7242,32467,-9156
15834,-1456,29735,4166,8556,18456
6966,-1472,-32598,-7942,-9300,8652
3816,-1440,3703,-9142,-18784,9208
1654,-1440,10520,-6214,-5952,11892
-1801,-1456,-1403,-10638,484,18412
-1401,-1456,-4220,-6050,-496,19112
3680,-1424,215,-3970,-1588,18164
10135,-1440,1164,-4626,-1556,17544
11277,-1440,-836,-5794,-1560,18316
11475,-1440,1216,-5530,-504,16564
13612,-1456,1122,-7698,-3152,13236
14686,-1456,1024,-8338,-1116,14804
11816,-1456,564,-5982,-260,15748
11878,-1424,5130,-7430,1684,16056
12346,-1440,1367,-6242,196,15084
17878,-1440,2167,-5834,384,12580
21702,-1424,2190,-8626,1012,9356
20912,-1456,1855,-9514,-1648,7144
17687,-1456,3558,-12138,-2152,3324
17579,-1456,1099,-15070,-1732,448
16677,-1424,803,-14438,-2628,20
14497,-1440,3012,-15130,-4940,-2576
13176,-1440,7573,-18610,-6936,-4456
11431,-1472,9293,-20854,-9724,-4384
9331,-1456,13081,-23686,-12120,-4476
9526,-1424,13011,-20482,-13664,-5780
12132,-1456,12794,-19470,-10608,-3368
1046,-1424,4000,-21898,-10232,924
-8387,-1472,-1882,-18146,-11876,1028
-8820,-1440,-2631,-16378,-8712,2132
2
-32558,-1440,-4300,-20054,-26860,-25912
-32558,-1440,-142,-6466,-22100,-31444
-32558,-1456,3868,6782,-18572,-11388
-32558,-1456,-32598,31817,7976,32767
-32558,-1440,-11004,31817,17696,32767
-32558,-1424,-14130,638,32467,32767
-32559,-1472,-2293,28814,-6824,17836
31415,-1440,-19780,294,16824,20504
16177,-1424,-21698,-7182,-16568,9524
9589,-1424,2530,-7470,-5804,9964
3009,-1424,-4427,-9186,-1156,13744
2138,-1472,-10981,-6042,-792,15940
5863,-1440,-6732,1222,-3532,14444
13765,-1472,298,162,-2172,14204
14901,-1440,2102,-1022,652,16040
13622,-1456,4543,534,336,14492
13742,-1456,3704,-3806,-2424,9700
16810,-1424,7922,-4578,-3104,8168
18780,-1440,6946,-7462,-1936,9084
16449,-1440,2372,-12670,-3824,7588
15195,-1440,2617,-13950,-5780,5120
15047,-1456,4472,-18734,-2908,4016
12824,-1456,3291,-21722,-5188,3008
9318,-1456,2522,-23402,-6468,3020
7752,-1472,3828,-26238,-7460,692
8019,-1472,5100,-23490,-9380,904
8788,-1440,9333,-23350,-11588,-316
8918,-1440,13622,-21498,-10624,-2260
6760,-1456,13684,-20370,-11160,-1296
4402,-1424,5759,-18770,-9600,608
3160,-1472,-32598,15514,32467,-11616
24290,-1472,930,4038,2904,18796
7268,-1472,-29069,-15446,-3296,12724
9550,-1456,-10836,3242,1340,19256
12946,-1488,-843,302,5656,19960
16040,-1456,-3983,2,6412,19420
17386,-1440,203,-554,1416,14680
19020,-1456,6446,-7482,-4576,10484
18675,-1440,6366,-8758,-3368,8864
17114,-1440,5555,-8934,-3128,6492
13506,-1424,6023,-15542,-5424,4840
8145,-1456,4117,-15266,-6712,5300
7292,-1424,5862,-16526,-6136,2488
7794,-1440,4838,-20490,-5020,3724
5034,-1456,2746,-20642,-5968,5452
5867,-1440,3684,-22238,-6984,1720
8084,-1472,5787,-22966,-3848,1412
7107,-1424,4153,-25098,-4196,816
4394,-1424,643,-22830,-7100,1388
3930,-1456,-850,-19914,-8316,188
6088,-1456,62,-18610,-9108,-48
5868,-1456,765,-17234,-7964,-1060
3425,-1440,-1906,-17434,-6716,-496
-1690,-1472,-3753,-18310,-5032,1784
-5666,-1472,-6095,-17606,-3192,2076
-3333,-1456,-5147,-14874,-3912,620
510,-1456,-1934,-15674,-2740,3164
912,-1456,-2147,-16678,-1256,3740
1346,-1456,-3181,-15926,-2464,1936
2191,-1408,-1472,-16354,-2824,1848
2464,-1440,-36,-16754,-2880,2036
682,-1472,-1425,-17374,-1768,2724
2
-32558,-1456,7374,31817,-9384,-8196
-32558,-1472,-32599,31817,22568,16124
-32558,-1440,-18610,31817,32467,32767
4885,-1440,-32598,70,32467,-25348
18553,-1424,21195,-11622,-19596,8552
-15614,-1424,-29927,-19746,-9572,11820
-12159,-1456,15407,-390,-17428,15824
-8268,-1440,9147,-8110,14464,20916
-838,-1456,-13787,-5274,13076,24396
6770,-1456,-13285,-1838,3736,21928
11888,-1456,-8336,830,3260,20280
16280,-1408,-6280,374,4456,18288
18520,-1440,-7115,-3986,4020,16616
17647,-1440,-5540,-4646,-2284,14688
17748,-1456,1146,-7126,-6036,11464
19828,-1456,459,-9686,-2308,8844
18450,-1456,-2799,-9922,-2512,7684
13999,-1472,-3950,-12146,-4296,6932
12550,-1440,-2589,-13246,-4556,4836
13834,-1440,-2707,-13758,-2796,4184
15159,-1456,-3660,-15862,-4380,1536
12134,-1456,-3122,-16790,-4704,1812
8028,-1472,-244,-16438,-7144,228
7875,-1440,4056,-16986,-7700,-2580
8706,-1440,4714,-18678,-6308,-3260
8618,-1456,5494,-19446,-9640,-2660
8531,-1456,10938,-19842,-10348,-2904
8411,-1456,5722,-19750,-8044,-2136
9295,-1472,3567,-18438,-11860,-3920
8726,-1472,7854,-19070,-9948,-2096
-1354,-1424,3202,-21674,-5628,2860
-11016,-1424,-4809,-20158,-5272,2664
2
-32558,-1456,-5649,32138,32468,-32768
-32558,-1408,-3688,-22746,-16136,-27588
-32558,-1472,-1378,4734,-10908,-20296
-32558,-1456,-27166,31817,-1208,8116
-32558,-1456,-32598,31817,21628,32767
-32559,-1424,-9700,28090,32467,-18868
-32559,-1456,25782,19846,-25612,32767
-5143,-1472,-32598,-27594,-7560,-11892
-32558,-1440,-19765,-7258,-7520,1032
16404,-1472,-32599,9598,-4472,32767
14653,-1424,7602,-12662,9104,20352
14234,-1456,-883,-11222,-772,19588
8249,-1456,-1948,-9566,-5152,19064
8024,-1424,-3067,-2914,-1308,19272
12450,-1472,-603,358,-952,20240
14025,-1472,-479,-166,-900,21192
12170,-1472,1745,2578,-4148,19752
19403,-1440,4228,5954,28,13828
26197,-1456,3898,-1558,-1924,11424
23020,-1424,2383,-3930,-2104,9684
20840,-1440,6088,-5838,-3444,4428
20597,-1440,3963,-11046,-2900,2464
18011,-1472,-737,-12054,-6596,2472
11432,-1424,3605,-15266,-8260,1252
6368,-1424,-372,-22702,-8280,-3148
6711,-1424,4437,-23966,-11552,-5072
7530,-1456,8341,-25782,-14856,-6068
6553,-1440,11309,-24458,-16020,-8016
11057,-1440,2155,-21406,-11956,-9144
9268,-1456,-1445,-22762,-15392,-3008
-10092,-1488,-6009,-28282,-7752,5832
-17677,-1456,-15871,-20690,-4304,1264
2
-31563,-1456,-32598,18182,32467,32767
32425,-1424,104,-278,5532,5748
9588,-1488,681,-20926,20464,21884
-15825,-1504,-26856,-3598,4888,17984
-3989,-1440,-26614,2346,-4424,13712
2977,-1456,-6858,-8586,-6236,23108
4996,-1456,-5523,-6806,3084,25092
6639,-1472,-13031,-4486,3980,23084
10307,-1440,-11875,1982,2676,19788
16767,-1408,-9219,-4118,-2940,15384
16820,-1456,-10365,-6898,-3688,13624
13441,-1456,-8424,-3406,-6800,8644
17011,-1424,-2096,-3454,-7452,4340
20101,-1440,-299,-7530,-6016,3180
19905,-1472,329,-8666,-8636,-32
19215,-1424,7871,-8386,-12268,-2672
14451,-1456,9628,-14130,-7020,104
5195,-1472,3465,-19602,-3368,1292
5199,-1440,6431,-17250,-7540,-5080
14254,-1440,6767,-20998,-9028,-3180
11064,-1456,-1018,-29162,-12888,-2360
10412,-1456,3532,-28758,-16824,-7292
-19253,-1440,-18586,-18746,-2080,940
-6067,-1472,-5515,-16466,-4144,1720
1162,-1472,2482,-18414,-324,4072
1387,-1456,-1300,-19546,1676,4148
554,-1488,-5726,-17454,324,2664
934,-1456,-3043,-15458,-1068,2236
1809,-1440,511,-14466,-1516,2524
974,-1440,1160,-15298,-3164,3676
2
-32558,-1440,-32598,31817,3232,32767
-32558,-1440,-32598,31817,-5604,32767
-32558,-1456,-32598,31817,-2560,32767
806,-1456,31131,31817,-9176,-14228
-32559,-1456,-32599,13306,9868,32767
21483,-1424,-32598,-25094,2008,13020
-25503,-1472,266,-18574,-10268,14672
1249,-1456,7326,2794,-19048,15524
19282,-1488,3905,3338,-9332,22276
21781,-1472,10894,10478,-5068,13992
28228,-1440,8925,-1394,-5984,9504
27489,-1472,6647,-1618,-7956,9740
23821,-1424,11979,-3202,-8220,3796
24399,-1424,6855,-7282,-592,188
27207,-1424,737,-9310,-7192,-1856
22860,-1440,4263,-16490,-10160,-2804
16945,-1440,9187,-20338,-7112,-5816
13311,-1440,-350,-21994,-2996,-10660
16664,-1424,54,-22642,-4236,-13056
17863,-1456,6813,-25754,-10160,-9792
-3079,-1488,-4242,-28082,-10420,-8060
-13289,-1440,-16265,-19810,-8916,-9724
-15313,-1440,-7360,-23066,-9004,-5212
-18015,-1472,-7057,-22514,-264,-1644
-12900,-1456,-3199,-19978,1092,372
-5026,-1488,-824,-18994,3544,1392
-812,-1456,-2534,-19714,4292,1356
966,-1456,-1320,-18854,2252,1232
793,-1472,4001,-16978,-1624,2312
983,-1440,3334,-17086,884,1252
2
-30960,-1456,-16209,13966,-8432,-32768
-32558,-1424,-32598,8718,5268,32767
-32558,-1424,-14217,31817,-8096,20216
-32558,-1440,-24830,31817,15428,32767
13132,-1440,17929,10958,32467,11852
-1063,-1440,-32598,-17646,1804,-2680
-1200,-1456,-19305,10310,-26260,12476
6923,-1456,19963,-10978,-7724,18148
-6255,-1456,7991,-16202,2992,15332
-3675,-1440,-11771,-7058,1456,16556
4152,-1472,-4113,-7482,-5420,21188
9181,-1440,10002,-4834,-5488,19416
14652,-1456,-700,-1246,7044,19020
14637,-1456,-6334,-498,-988,22516
12939,-1456,2959,-1430,-1784,18872
15863,-1440,5552,-4518,-3244,12456
20763,-1440,5201,-62,-4880,12056
22809,-1440,9990,-3282,-1708,9116
18600,-1440,7320,-13910,-3200,6340
13124,-1440,1949,-14674,-4176,5460
9431,-1424,4323,-12470,-5600,2236
11265,-1456,4257,-16470,-3236,184
9913,-1456,1886,-19110,-4696,-56
3462,-1456,8291,-26250,-5896,-3712
2310,-1472,5669,-25518,-10900,-6364
4977,-1472,443,-26426,-15816,-936
-5505,-1424,1122,-27790,-16460,3144
-11404,-1456,-7876,-19562,-10372,-660
-1061,-1424,-7149,-17534,-2540,684
405,-1440,-8045,-18750,-1300,4252
2
-32558,-1472,-10375,31817,26772,32767
-32558,-1456,-32598,5998,22744,32767
19423,-1456,4642,27002,-11392,12752
11717,-1424,2258,-10234,17476,26008
-2269,-1456,-16023,-11294,-19292,18172
-977,-1440,-3284,-5198,-13244,15476
1005,-1440,-11,-6342,-6856,22460
5275,-1472,1841,-3422,-2292,24068
10324,-1488,550,-1238,-500,23256
14402,-1456,-7096,206,652,23484
15942,-1456,-6801,3166,-4,21552
17498,-1456,-848,5250,-3036,17324
24500,-1440,7122,3406,-3632,12700
24665,-1472,6539,-198,-480,14108
19121,-1472,4432,-5666,-1988,11148
16315,-1472,5973,-5294,-4948,6460
15020,-1456,6141,-8050,-2132,6228
14819,-1456,517,-13490,-4132,3504
14284,-1424,319,-15230,-7504,428
13950,-1440,3368,-23418,-1400,-1776
13303,-1440,2316,-26874,-6660,-4148
8684,-1440,5181,-28214,-10440,-5232
8859,-1456,4873,-24822,-20108,-12136
11666,-1488,-269,-23190,-22164,-7436
-8165,-1456,-7304,-30050,-10120,-1108
-16283,-1456,-17228,-22438,-3764,-2068
-5162,-1440,-6069,-19302,1212,-1676
-1084,-1440,-1991,-19194,-544,2188
-734,-1472,684,-17482,-980,3396
337,-1456,2282,-14526,-3164,2312
994,-1488,1847,-14818,-3392,4388
432,-1424,452,-14182,-3112,3436
2
-14257,-1472,-2485,-26394,-16872,-26476
-32558,-1440,-10866,-16710,-15356,-27768
-32558,-1440,-4843,-2878,-13620,-24856
-32558,-1424,2162,14606,-9808,-3592
-32558,-1456,8022,31817,14320,32767
-32558,-1456,-31911,31817,24668,32767
-30365,-1456,-9531,-318,20708,24000
26499,-1472,31368,18506,452,18060
3405,-1440,-24506,-17922,2620,10668
-2795,-1440,-21025,-3246,-8408,12492
-140,-1456,-4250,-6654,-3756,17884
9640,-1456,-3614,3046,-92,21976
20301,-1488,-5578,1158,1500,22244
19950,-1440,-9243,-2242,-56,23668
17882,-1472,-6343,2430,-2556,16680
18541,-1472,4817,-2246,-9700,8748
19290,-1440,9238,-8342,-5988,8304
15577,-1456,5490,-5618,-1744,8528
10989,-1456,4712,-12314,-4472,4340
12170,-1456,8382,-13406,-3956,576
3199,-1440,6045,-22198,-9100,-2000
1760,-1472,4496,-26690,-10404,-2236
6591,-1408,14359,-25810,-15892,-5544
11193,-1424,18292,-23230,-11868,-5788
4154,-1456,1771,-22502,-5864,-2172
-2227,-1456,-5574,-21130,-8952,1072
-12218,-1456,-10466,-23322,-5780,8328
-14965,-1472,-13577,-20130,-4120,5904
-7988,-1456,-6043,-17266,-4384,3620
-3171,-1472,-2071,-16654,-2276,4708
2
-32558,-1472,-17781,31817,2236,12056
-32558,-1472,-25516,31817,32467,32767
28198,-1456,-10124,31817,32467,-21660
-32559,-1456,-7098,-3858,15456,26012
-112,-1424,-23038,-20806,-27108,9288
-6931,-1456,-12756,-7746,-13636,13188
2577,-1440,-8785,-5342,-7144,17644
5202,-1440,-6385,-5002,-3644,22008
8371,-1440,-4905,-3374,-828,23504
13499,-1456,-8940,-430,-540,21960
18295,-1456,-3483,2558,-3548,20264
18140,-1488,5937,-1698,-2404,17312
19297,-1472,4648,-5954,788,12080
20435,-1440,1125,-6590,-2316,6628
19120,-1472,4822,-12354,-3208,4220
12192,-1456,4273,-16154,-492,1924
9650,-1456,-187,-14110,-1128,-724
7804,-1424,539,-18274,-4804,-624
5858,-1456,6272,-19938,-6752,-2656
5880,-1472,5886,-20850,-4288,-3124
4990,-1440,10791,-22686,-11108,-1372
9596,-1440,18598,-20886,-9628,-4248
19341,-1440,12721,-18466,-7720,-5208
13942,-1456,1738,-23834,-9688,304
-2652,-1456,-4558,-26538,-18716,-1360
-9607,-1456,-6653,-21226,-13076,472
-10688,-1456,-13847,-21750,-4952,3124
-7719,-1472,-14406,-20622,-2088,2904
-2286,-1440,-7847,-18390,-2140,2796
1859,-1472,-3596,-16790,24,1824
2726,-1472,-5834,-15826,-808,1248
2453,-1440,-4745,-15410,-2256,1368
2
-32558,-1440,7305,6118,-2284,-21848
-32558,-1472,-21356,29818,-20756,13312
-32558,-1472,-1125,31817,5944,14052
-32558,-1456,-151,31817,32467,32767
19273,-1456,6905,2234,30380,16108
9323,-1456,-23088,734,15180,13312
1062,-1456,-32598,4762,-23784,6360
6247,-1440,10184,-10478,-29668,11100
5168,-1472,8023,-4206,-5632,22368
6023,-1440,4663,3234,4780,23940
11945,-1472,-3742,-1146,3752,23296
20431,-1456,-7985,5402,-1544,22680
26706,-1456,3681,-2154,-4172,20100
26915,-1456,2102,-8162,-1880,17944
23587,-1456,-2697,-7182,-3764,13900
20877,-1440,995,-11018,-5212,7816
19442,-1472,2064,-10886,-3424,4356
16124,-1440,-4673,-9250,-1280,3952
11588,-1472,-10817,-11106,-3248,152
13996,-1456,-2870,-10510,-6572,-3920
11868,-1488,3250,-14874,-3444,-3168
315,-1456,1863,-20578,-1532,-1392
-11071,-1456,4228,-20834,-3828,-5884
-2806,-1472,12686,-19350,-7776,-11428
10565,-1472,17964,-21622,-9124,-4136
3063,-1472,6227,-26326,-12432,-5500
-12640,-1424,-381,-30194,-17488,-2332
-21319,-1456,-30609,-28138,2868,10684
-11979,-1456,-19294,-26542,3300,3348
-3959,-1488,-11274,-18578,-1812,3672
5124,-1440,6404,-15534,-4736,3420
5742,-1456,6188,-15982,104,3676
2
4832,-1456,-22661,-26190,16436,24180
3225,-1472,-21346,6378,-12432,16844
-2557,-1440,-1671,-18046,-7612,15656
7540,-1456,-2222,-2598,-2664,20932
11873,-1456,-5560,-5286,-3136,22372
9504,-1456,-4929,-4542,752,23264
11220,-1456,-10608,106,-2176,16728
19904,-1424,-559,1154,-4988,16424
22174,-1440,358,-3722,4032,13980
19538,-1472,-5731,-6918,3064,9996
13460,-1472,-9929,-5626,392,6936
11735,-1456,-5894,-6698,-4648,4236
12434,-1456,-1093,-9914,-4668,1368
9876,-1456,4224,-11086,-2428,16
3584,-1456,2692,-19322,-6816,-2632
-2696,-1456,7771,-23310,-11508,-3528
-1634,-1440,2637,-27918,-8204,-4096
2905,-1456,5790,-25162,-22712,-5892
15738,-1440,1756,-24362,-12812,-8392
2972,-1440,-11067,-24398,-10436,-10128
-17641,-1504,-3403,-31446,-11728,-1384
-25189,-1440,-16700,-24778,5068,5112
-18441,-1456,-29684,-20282,4532,2700
-5959,-1456,-7468,-17338,-1384,4212
-291,-1456,8406,-16734,720,6352
55,-1456,6144,-16218,3212,4960
910,-1472,-6406,-13766,1864,3684
3119,-1472,-3715,-14154,-1928,4300
4905,-1440,4007,-14686,-1348,5524
3841,-1472,4663,-16166,-344,6204
1963,-1472,1925,-16174,-364,6176
-127,-1472,2590,-15718,-1992,6180
2
-32558,-1440,-32598,31817,32467,32767
26376,-1440,1508,16094,27752,1508
16430,-1440,7778,-1402,12820,15016
1026,-1456,-19855,-17354,-22860,14536
-5152,-1456,-5835,-3146,-9384,15360
2156,-1456,6793,-4458,396,18288
8490,-1456,-2536,-5774,7540,25104
10345,-1472,-11880,-4694,3044,25908
12806,-1440,-6843,-2734,208,24312
16713,-1440,-4196,-1390,1888,22704
19190,-1440,-9864,-826,4172,20648
22594,-1456,-11976,2222,-552,16508
27960,-1424,5,-1982,-6916,11000
27571,-1456,4250,-6830,-2304,8804
22024,-1456,-2170,-6306,-1584,6756
17403,-1456,-5931,-6838,-4184,892
17641,-1424,-868,-8894,-4968,-332
13964,-1440,696,-9070,-3328,968
7037,-1440,-114,-11810,-4984,-152
3855,-1472,3425,-15202,-6376,-2620
4408,-1472,7815,-17190,-6356,-3328
3090,-1456,6386,-21390,-8488,-2008
1282,-1456,6387,-21162,-10008,-388
5967,-1456,12889,-24630,-7068,-3960
11087,-1440,11781,-23958,-8388,-4940
8427,-1472,7040,-25818,-12084,-1432
4908,-1472,2701,-23906,-13480,-3176
-2338,-1456,-1026,-24930,-9496,3084
-11486,-1456,-7041,-22334,-3196,5640
-8894,-1488,-9857,-19098,-2244,1724
-746,-1456,-8347,-16922,-3304,1868
-519,-1472,-8266,-17526,-2460,5240
2
-32558,-1472,-32599,31817,18876,24560
-32558,-1440,15522,31817,25168,32767
-32558,-1456,-8247,20962,26912,32767
13840,-1424,-10122,20986,15224,5308
2168,-1456,-20351,-5250,-2208,17032
-8247,-1488,-7327,-4914,-22124,12872
-5184,-1488,18753,-4498,-10784,17696
2352,-1472,6661,-4446,4360,22920
2259,-1472,-5203,-7778,-4452,24472
-832,-1472,-4942,-5990,-3456,22868
3083,-1440,-5620,-3178,-3072,20848
8883,-1424,-2279,-2182,-5352,22564
11708,-1456,-718,-2290,-940,24624
15720,-1488,-9087,2318,2432,22704
24278,-1472,-10606,6394,-4096,17672
27218,-1472,-4717,890,-668,18188
23742,-1472,-3095,1814,-604,14812
21759,-1440,-816,-130,-640,8472
21094,-1472,5157,-2574,-3380,6188
18160,-1456,5793,-3814,912,5116
13950,-1456,49,-6422,732,2416
13140,-1456,610,-9490,-6860,-872
12364,-1488,10333,-14394,-5036,120
7273,-1456,9469,-20690,-1776,-2328
2445,-1440,7006,-29278,-6972,-3392
-533,-1472,8528,-30514,-14016,-3260
11618,-1456,13636,-30706,-18224,-5980
15633,-1456,10824,-30530,-12948,-6620
870,-1488,3888,-29398,-12416,-108
-7823,-1472,-10816,-22830,-4556,1380
-6737,-1472,-13916,-18158,-1396,1048
-2608,-1440,-5561,-17250,-172,2312
2
-32558,-1440,3727,-28070,-27056,-32392
-32558,-1472,11185,5822,-8456,-32768
-32558,-1456,-32598,31817,3404,-884
-32558,-1456,-1107,31817,348,32767
-32558,-1456,16230,31817,32467,32767
32133,-1456,11098,5570,28752,18712
13051,-1456,-32598,-7238,596,7356
2476,-1440,-10682,-806,-25056,5160
-1784,-1472,-6041,-9970,-5012,7996
-3143,-1440,-9376,-5706,3564,18604
-2725,-1472,-8286,-6074,-1284,20872
1813,-1504,-4792,-4294,1760,21120
9293,-1456,-9988,58,2432,22692
15178,-1456,-5573,2134,-2356,23156
18919,-1456,-1815,2162,-468,21572
21883,-1456,-7483,2002,-548,21168
23089,-1440,-4300,1946,-6736,17260
23835,-1440,5545,-4314,-4720,13788
21152,-1472,4025,-3874,-324,10640
19753,-1456,-3211,-4614,-3080,6260
16669,-1456,-784,-10742,-4996,3740
17777,-1456,5341,-7466,-5020,-76
18087,-1456,8289,-9450,-4072,-2500
6757,-1440,7959,-19458,-3924,-16
-2336,-1472,2494,-16542,-3572,-720
2977,-1472,4756,-20466,-4692,-3308
6790,-1456,5066,-24142,-2128,-216
4986,-1456,4863,-29854,-5636,-844
4314,-1456,5876,-29078,-8180,-2160
2102,-1488,8901,-27394,-9584,-1816
-13,-1440,-2026,-22602,-9368,-1264
-5654,-1472,-3343,-21822,-9604,3812
2
-32558,-1424,-32598,31817,-1552,8348
-32558,-1472,-27838,31817,20868,32767
-32558,-1472,-32598,15310,32467,27076
-32559,-1472,-32599,31817,32468,-22364
-32559,-1456,3536,-21318,32467,30472
-5219,-1488,-23180,-31422,-29988,-5968
-32558,-1488,-21337,-4702,1652,-1816
-6004,-1456,18397,-9606,-7272,18400
-5815,-1440,-9444,-3990,-6548,22084
2448,-1472,665,-2762,-4028,23616
9712,-1472,-4628,1290,-360,24796
16612,-1472,-2581,2930,-4088,24748
21394,-1456,3801,4942,-4932,22772
24121,-1488,6789,4126,-3196,19080
27973,-1488,9432,2714,-1588,13880
26476,-1456,10766,-3086,-508,12200
19361,-1456,8185,-3774,-4476,7028
20189,-1472,11674,-6638,-3260,596
20128,-1456,6182,-10698,40,536
14609,-1440,2300,-13538,-1316,-80
10400,-1472,1373,-15438,-720,-3436
5473,-1456,-578,-20174,-904,-2668
-4970,-1456,-323,-25118,-3604,960
-8451,-1488,3586,-28518,-6824,-552
-2935,-1424,17283,-28062,-6344,-2648
299,-1456,17357,-26362,-3228,-472
883,-1472,5604,-25074,-3424,2072
-520,-1472,-3727,-24034,-4396,4652
-3084,-1440,-3000,-22994,-2512,7252
-4972,-1472,-2925,-20418,812,7320
-2639,-1488,-3884,-17634,1960,4900
1079,-1456,-2955,-16962,2164,5256
2
-32558,-1456,6923,-18318,-18868,9376
-32558,-1440,1659,31817,23636,26152
-32558,-1472,-15854,31817,20916,27852
-31597,-1472,-31369,12698,22120,32767
29315,-1488,-2671,12762,8168,16220
17951,-1456,-5224,-11278,728,12748
-5250,-1456,-15842,-12826,-8960,13608
-7831,-1456,-6726,-5826,-7108,12680
1895,-1472,-1812,-5638,-1356,19032
3066,-1456,-4527,-8242,1400,23944
4930,-1472,-8835,-2582,2600,22428
10337,-1472,-12785,-618,-932,21176
14018,-1440,-9437,770,-2260,21608
17228,-1456,-3549,4102,-608,19048
21867,-1488,-4772,2518,416,13900
22182,-1456,-5115,-1590,-6536,13128
16951,-1456,5605,-3794,-5000,11408
15268,-1456,1483,-7206,-316,7624
16589,-1456,-2676,-7762,-1840,4544
15134,-1440,-173,-11450,-6528,4228
12494,-1488,3371,-14982,-2924,2588
9507,-1440,3210,-16090,-3892,620
9414,-1440,5320,-19546,-5748,-888
6899,-1472,7940,-23262,-6092,180
3774,-1440,8779,-26362,-6828,-2200
4948,-1456,12538,-24646,-11140,-8736
9743,-1456,15393,-22394,-12568,-9072
10084,-1456,-1708,-21334,-10176,-4060
-3509,-1456,-5913,-25470,-12224,2816
-18236,-1488,-7433,-25446,-4616,6244
2
-32558,-1472,-32599,31817,-460,9192
-32558,-1472,7132,31817,32467,32767
-32558,-1488,15318,-23134,32467,9928
-32559,-1488,-26017,29402,11344,10824
15259,-1488,-32598,-8702,-3404,9728
-9862,-1456,-22738,-14970,-16148,13792
-15903,-1456,-1669,-6354,-10252,11016
307,-1456,-2856,-3954,552,21136
4217,-1472,-5334,-9886,532,25108
3607,-1424,-6833,-7110,1552,25992
8477,-1440,-8479,294,-176,23832
15472,-1440,-1688,514,-1420,22796
14815,-1472,-4290,-1854,1908,24528
11615,-1472,-6792,1942,120,18276
18560,-1456,-4452,-2918,-6028,11600
22198,-1488,-331,-6730,-7192,11844
17421,-1488,3711,-9550,-2404,11460
12222,-1424,5253,-12482,-1388,4448
12966,-1488,-51,-12578,-1888,3996
9974,-1472,-1763,-14234,-5740,2768
8296,-1456,2820,-16058,-4988,436
7770,-1472,5776,-18046,-2392,-2280
6097,-1472,6627,-19646,-5432,-1736
4103,-1472,6495,-22666,-2656,-2596
2816,-1472,363,-21358,-1300,-3252
3429,-1456,3463,-23458,-7280,-4864
2897,-1456,6947,-24530,-7980,-5060
881,-1456,-531,-26282,-8328,-3512
-6905,-1456,-9572,-24850,-5308,3980
-9867,-1472,-10779,-21394,-376,3100
-4046,-1472,-5710,-17158,1752,1972
960,-1472,-2412,-16778,2368,2868
2
-32558,-1472,1418,20302,-5480,7664
-32558,-1488,20977,31817,32467,31916
-32558,-1456,-10598,15150,31736,32767
-11403,-1488,-18639,4654,12452,21868
6315,-1456,-10648,3274,-6968,13936
-1424,-1504,-14683,-7190,-24208,10504
-5207,-1440,2290,-6426,-18852,9928
-1480,-1440,7849,-4006,-9796,16308
513,-1456,355,-5650,-2808,21308
2669,-1456,-2504,-5798,-1300,21212
6120,-1456,-9911,-4382,-1884,22784
9745,-1424,-2902,842,-4164,22540
11121,-1472,-1799,-326,56,23248
8632,-1472,-7425,-1430,24,20340
10331,-1472,-9949,2802,-8208,12444
15815,-1440,6038,-1658,-7296,10828
10124,-1472,3148,-13130,-1796,13216
4356,-1472,-2394,-5270,-3572,9252
5865,-1456,802,-5626,-7708,6784
10423,-1456,3017,-9678,-3296,8160
10879,-1488,3890,-7774,-1920,6240
7831,-1456,3776,-11210,-1944,3888
8054,-1456,5927,-14738,-56,4100
12061,-1440,7172,-17426,524,3224
9371,-1504,12576,-28410,344,2584
10010,-1440,16062,32450,-13468,-8512
26243,-1440,22181,-23570,-28940,-18888
21522,-1488,-1768,31818,-14420,-2004
-12614,-1488,-8168,-29030,-12956,-764
-15368,-1456,-32598,-18270,-180,6008
-9243,-1456,-19804,-24226,1200,2428
-1939,-1472,-6997,-20058,452,3052
2
-32558,-1456,17329,638,-16920,-31940
-32558,-1456,26410,-2134,6928,32767
-32558,-1440,-32599,31817,4144,17332
-32558,-1472,9602,31817,32467,32767
9801,-1472,-15824,-1142,22320,16852
22259,-1440,-13690,8514,-4784,15344
-15463,-1472,-10542,-20054,-23876,9756
-14119,-1472,-980,-1322,-15044,10112
2757,-1456,-3429,-686,10296,16468
1492,-1456,-10856,-10526,-7996,17888
-1560,-1456,-4771,-6986,-4832,20784
558,-1488,-2207,-7302,-4376,19272
3066,-1488,-6690,-8774,-5436,17816
3165,-1488,-6240,-8734,-4964,18368
3286,-1488,-849,-8242,-2984,18900
3769,-1472,-3519,-6662,804,20380
5869,-1456,-8228,-3926,-668,19724
7042,-1472,-4290,-4842,-3372,19516
9665,-1472,1075,-1870,-1708,16584
16301,-1440,-764,-150,2976,16344
18916,-1472,544,-3634,-1344,15436
15807,-1456,4699,-4278,-5556,12044
16066,-1456,8340,-6158,-1084,6444
16905,-1424,4012,-8470,-108,4840
14333,-1456,-570,-9646,-2276,2028
13136,-1472,2381,-10114,-4996,-160
12358,-1440,8786,-15190,-4640,-996
9017,-1472,7488,-20978,-5368,-2584
4690,-1472,7706,-24774,-10620,-4348
8565,-1472,19495,-22470,-25324,-20504
13909,-1472,28272,-15678,-13840,-14380
-2903,-1472,-14064,31818,-1868,6256
2
-32558,-1488,-5370,30214,-2184,7320
-32558,-1456,-5139,31817,9412,32767
14526,-1440,32033,-6718,32467,-17152
-1362,-1440,16542,-14966,18064,26604
-8562,-1472,-32598,6834,-3420,6824
-7826,-1440,-10810,1614,-22404,8572
3689,-1440,13689,362,-3272,15048
3388,-1456,5358,-8034,3096,15548
-2720,-1456,-2898,-7842,2856,15972
-4544,-1488,-10141,-4170,656,16804
972,-1488,-7986,-3254,412,19864
6125,-1456,-3198,-3582,-3000,21984
8102,-1408,4286,-1842,48,24224
11557,-1472,3567,582,2004,23092
16257,-1440,-2037,-3942,1036,20060
16422,-1472,-5107,-1594,-1388,20932
15184,-1472,1531,-3110,-3788,18088
14379,-1504,4101,-6502,-1260,15512
16330,-1456,590,-4098,-1024,13780
14387,-1488,397,-4514,-3752,10696
13074,-1488,7888,-8478,-1688,8140
12760,-1488,6650,-7686,-648,6560
12467,-1456,1640,-9102,-1272,4968
11325,-1488,2329,-14210,-5548,3512
11375,-1440,6812,-15790,-4148,3348
11217,-1456,5655,-17578,-3796,1704
16386,-1504,4667,-18958,-11172,-840
26704,-1472,10554,-22198,-9380,-1916
17235,-1440,-12393,-26778,-8752,-4316
-3171,-1472,-10333,-25098,-25852,-9936
-16670,-1456,-22647,-24830,404,688
-20451,-1456,-24523,-25326,9240,1916
2
-32558,-1504,-29721,31817,-11112,14000
-32558,-1456,-23343,31817,26632,32767
-32558,-1456,-32045,15882,17200,32767
-22413,-1472,11194,2494,22352,-18272
-32559,-1440,-2470,22278,9184,14612
20275,-1456,-32121,-12790,-5004,13616
-4415,-1456,-9076,-18606,-12484,13668
-9336,-1456,-2198,-5174,-5652,12088
-4313,-1488,-6423,-6258,4484,18304
-2035,-1456,-9666,-7842,-1232,22000
-2006,-1472,-415,-7574,-1660,19980
-1115,-1440,1518,-6430,-412,19928
1428,-1472,-1655,-6458,-200,19964
4406,-1456,-280,-5002,-988,20312
6872,-1456,1970,-4582,-168,21160
9396,-1488,-844,-2010,2812,20740
13326,-1488,-1813,-86,1668,20316
14342,-1440,-1669,2198,1772,18704
17248,-1472,2940,1826,512,14828
19285,-1472,3080,-1146,1772,12456
17570,-1472,372,-3002,-564,12200
12925,-1456,500,-6858,-2744,9392
12858,-1456,5327,-7586,-3312,6512
13271,-1456,2922,-8178,-648,7172
11057,-1488,-937,-11614,-2912,6396
9376,-1504,1660,-15066,-5116,4916
9158,-1440,7343,-17562,-2896,2848
9104,-1440,8403,-21218,-2568,3152
7317,-1488,8352,-23714,-1476,3020
5401,-1488,7922,-27826,-4012,856
3024,-1488,10108,-27394,-11304,-2180
7716,-1456,13994,-23538,-13040,-5800
2
-14814,-1456,-9077,10474,32467,-4484
-32559,-1456,-6920,13322,-13700,8788
23867,-1456,-12911,-21402,-7560,7788
-4191,-1456,-17076,-11030,-10920,11976
-11700,-1440,2770,-7778,-7824,12720
-2815,-1472,2124,-4582,2176,18368
2307,-1472,-5772,-9970,3056,20540
2323,-1456,-4892,-9438,76,19484
2773,-1440,-4658,-7970,-728,18720
5771,-1472,-4974,-6590,-772,19332
7289,-1440,-4405,-6206,-1008,20572
7241,-1472,-912,-4482,112,20488
5655,-1440,-3083,-4610,1952,20696
12042,-1440,-3736,2714,1244,17764
18355,-1456,162,-1886,-3380,16268
17497,-1488,6271,-6274,-3136,15440
12736,-1456,6795,-5826,-1160,13116
10907,-1424,3457,-7446,-144,9404
10904,-1456,2412,-7566,-4120,7016
11567,-1472,4499,-9034,-3520,5816
12220,-1440,2965,-12646,-4516,2896
12572,-1440,2939,-14318,-2544,1388
13488,-1472,4945,-15686,-4456,-476
12578,-1472,8048,-20482,-6772,-780
7966,-1440,9407,-25210,-9376,-288
4811,-1488,15238,-23946,-12768,-4136
9194,-1456,9820,-20382,-7460,-7668
13610,-1488,10805,-23254,-8664,-6264
1539,-1488,3069,-25574,-11448,-3504
-14395,-1456,-8971,-25406,-2948,1464
-11545,-1488,-10243,-21550,-3320,2072
-5800,-1456,-8580,-19166,-4720,1436
2
-32558,-1440,21838,31817,4220,-11368
-32558,-1440,-20293,31817,32467,32767
-32558,-1440,-32598,2882,32467,32767
25077,-1440,10058,27558,-8260,-3776
20552,-1456,-14037,638,6188,14744
4631,-1456,-5662,-13842,-11532,12168
31,-1456,13886,-3226,-13324,8308
-1550,-1456,620,-8202,-1016,18852
-1126,-1456,-6082,-6986,-2880,20984
1375,-1488,1917,-4878,-2036,22328
5606,-1456,3089,-2990,1332,22124
10684,-1456,-5743,-1750,3876,21600
13579,-1456,-6580,-2070,2060,19508
9911,-1456,-3603,-3046,-436,20744
7712,-1456,-2971,-482,2636,19108
13337,-1488,-5990,414,3192,14424
12228,-1456,-7156,-4374,-5188,13264
12192,-1408,6107,-3142,-1740,12816
13549,-1472,3143,-5438,1172,7756
13355,-1440,-5182,-9730,592,8388
9998,-1456,-2610,-8446,-7396,7212
10775,-1472,4307,-13434,-5032,3360
12095,-1472,4940,-15754,-4496,3464
12264,-1472,3412,-16798,-756,2056
5339,-1472,-333,-24754,-7100,5192
-4288,-1472,6916,-23218,-11268,1564
4377,-1456,13471,-22586,-10540,-6608
6122,-1488,15675,-26214,-7648,-1276
-8810,-1488,2547,-28430,-5696,4560
-15436,-1488,-8992,-21674,-3388,5908
-10436,-1456,-10546,-20634,288,7660
-3358,-1456,-7686,-20198,1472,10040
2
-27342,-1472,-7883,31817,17324,29704
-32558,-1456,-18598,31817,19124,32767
-32558,-1456,-20395,11230,23420,32767
9995,-1488,9337,25858,21572,-12472
32411,-1424,-5604,1278,7952,16776
18005,-1456,-25191,-14298,-5324,16124
3525,-1456,4404,-12618,-4708,14328
636,-1488,-408,-6322,3720,17112
3910,-1488,-10412,-5706,3612,18072
6225,-1456,-5251,-6118,-540,19988
7050,-1424,-818,-6106,1356,19072
6016,-1488,-2854,-6954,1912,18352
5205,-1456,-6479,-5394,1924,18240
6843,-1440,-6580,-2890,1420,16768
10098,-1472,-2799,-1762,-764,16216
14092,-1440,2845,-2330,-848,14632
14429,-1472,-129,-4598,3228,12252
16749,-1472,-2523,-7462,-760,9112
14790,-1440,865,-8578,-2888,8368
10719,-1456,5713,-10350,-1272,7300
9206,-1424,882,-11410,236,4292
8945,-1488,-3146,-10286,-2872,2948
8142,-1456,2836,-14270,-5196,2268
6862,-1456,7355,-17290,-1952,1156
4249,-1488,5999,-17750,1136,-496
11118,-1456,8969,-18526,1524,-2400
11432,-1488,25621,-25134,-4508,-3488
11296,-1488,21134,-26342,-10972,-5552
13044,-1456,2653,-25210,-15028,-3576
-18655,-1472,-12984,31818,-5096,14260
-29175,-1456,-21686,-27334,2312,9952
-5804,-1472,-13596,-16194,9160,4708
2
-32558,-1440,-6538,31817,32467,32767
-16875,-1456,-32598,-5230,32467,32767
29362,-1488,-911,11110,740,13676
-4182,-1456,-32598,-12982,-12464,3208
-18486,-1456,-1969,-10558,-9608,10280
3543,-1424,6532,7534,-1720,20940
6313,-1424,-5190,-13946,-3984,18712
-881,-1472,996,-10346,-4188,19980
-5907,-1472,-1004,-8806,-2536,14236
3193,-1456,-3463,-3078,-5572,16340
4121,-1472,465,-7466,-2908,20128
2443,-1472,6333,-6662,-1444,20660
6230,-1472,-4626,-886,2212,17832
13393,-1472,1210,1374,-5088,18900
10659,-1440,8071,-5758,-100,20260
4447,-1440,3440,-5166,16,16716
16528,-1456,10295,1558,-8836,11020
16450,-1456,15370,-9778,3844,12980
9293,-1456,10334,-14466,-2752,11840
5524,-1424,2532,-11318,-1260,4964
8150,-1456,385,-12838,-1692,1104
14405,-1488,10324,-15402,-10008,-2912
8390,-1488,17630,-23730,-5680,-152
390,-1472,16436,-22346,-2100,-3796
-3888,-1456,11267,-21442,-4544,-2452
-2595,-1440,8861,-31202,-1580,2808
-11652,-1472,-993,32690,-6932,6380
-11083,-1472,-5551,-24298,-4768,4792
-3297,-1456,-9069,-22630,1236,9436
-518,-1456,-10409,-22462,2896,10832
218,-1456,-12040,-19478,1872,8124
4496,-1424,-9158,-15014,672,5432
2
-28544,-1424,-26571,29958,-5400,-17336
-32558,-1456,-1049,31817,21176,32767
-32558,-1456,-24042,31817,32467,32767
21797,-1456,-15343,19718,31068,-1652
-32559,-1488,13680,3782,-5360,10948
8851,-1456,-15088,-17454,284,17212
-31410,-1456,-16146,-15282,-9900,9256
-16898,-1440,775,-598,-10412,16544
-4351,-1440,647,-1370,-424,19808
5563,-1408,5797,-2850,2500,19252
8121,-1440,3099,-4162,4252,21220
6273,-1472,-4663,-3746,4528,20892
8361,-1440,-4198,-2486,2120,20244
12703,-1472,-797,394,2660,21084
15680,-1440,-2862,982,4620,19568
19060,-1456,-2402,262,4848,18644
16993,-1488,-4531,-1986,2180,19880
14868,-1456,1930,-434,-1512,16336
19628,-1456,8038,-3290,1144,11380
20592,-1456,2421,-9410,960,11556
16977,-1456,3971,-7302,-4044,8876
16225,-1440,3827,-12846,-1660,5392
14411,-1408,3043,-14570,-1616,5216
11503,-1440,1432,-18174,-4016,2940
9425,-1440,3852,-19386,-3272,3796
6402,-1472,2243,-21114,-5688,2680
4832,-1472,3145,-21922,-8780,348
6395,-1440,10569,-22550,-10076,-1912
5339,-1440,13709,-24406,-10796,-1588
1388,-1488,6582,-23274,-10032,-136
2688,-1488,48,-19966,-10928,-100
5217,-1456,3502,-19550,-7408,1760
2
-20713,-1440,-26427,-19518,-20384,-32768
-32558,-1472,-13638,-5990,-17840,-32768
-32558,-1440,-17216,13962,-8388,-16820
-32558,-1424,11593,31817,-9720,7732
-32558,-1456,-21687,31817,4744,32767
-32558,-1456,-32598,17350,18456,32767
-32559,-1456,-32599,31817,-6176,12080
-32559,-1424,-15503,-13326,10060,8088
-1323,-1424,1239,-15338,-27308,7640
-21431,-1456,-3550,-14394,-12464,7584
-3746,-1456,16245,1458,6996,18600
1567,-1472,-9110,-2658,5072,24072
2914,-1440,-4377,-2578,-4172,25376
8561,-1472,-341,3502,-2912,21376
17739,-1472,-180,5134,-2784,23136
21224,-1472,3311,6610,-1196,22080
20818,-1472,2687,5114,1328,20496
21767,-1472,1789,3898,-3064,16948
22929,-1472,10646,-2182,-8124,13384
18896,-1488,14063,-7638,-3416,11160
17542,-1488,9350,-5186,-240,7164
16210,-1488,5106,-10378,-1180,5664
12791,-1424,6590,-15378,-3548,3196
11523,-1456,8181,-16242,-1688,1476
9554,-1456,2715,-21226,2644,-280
11117,-1456,7131,-27310,-7952,-6028
20511,-1456,-32599,-25190,-16280,-15576
16827,-1456,17591,-27922,-3380,-7648
-11402,-1472,2466,-30050,-18096,440
-18350,-1488,1760,-22318,-8208,4704
-15702,-1472,-8060,-20114,5152,9820
-7409,-1440,-16710,-16250,7952,8300
2
-32558,-1424,-28927,-11994,-14520,-21104
-32558,-1456,9924,6950,-12232,-728
-32558,-1488,-32599,31817,24980,32767
-32558,-1440,-2655,31817,32467,32767
-28988,-1472,-7898,4254,32467,32767
25677,-1440,-3583,12294,5488,18644
17931,-1440,-19234,-5314,-1452,11668
-3944,-1472,-17091,-17822,-12500,10336
-15361,-1472,-10764,-7514,-6424,14764
-5100,-1456,-8861,-150,1592,18060
2293,-1488,-8741,-3582,-1184,21616
4099,-1424,-8556,-3290,-124,22828
5090,-1456,-7057,-1066,472,21736
9311,-1424,-7934,950,1744,19516
13689,-1456,-7793,1642,-468,19856
14733,-1456,-2255,-290,-1460,19544
13175,-1424,2019,126,456,16464
14238,-1456,1928,-1722,1976,14228
14839,-1488,1410,-3382,-1876,14964
12521,-1456,5683,-5962,-3404,13192
6783,-1456,7962,-10730,-816,12052
8884,-1456,3230,-8610,740,7472
13731,-1424,1301,-12838,-3320,6736
12114,-1440,5786,-16586,-5712,8368
8939,-1440,12218,-20090,-7716,5736
10533,-1456,20470,-23294,-11960,-968
20310,-1440,28055,-22990,-6592,-5320
27353,-1472,21131,-22942,-5516,-6456
16939,-1472,3766,-25466,-15824,-3236
-13120,-1440,-12278,32682,-6060,4984
-19506,-1472,-32598,-16162,6300,1936
-8695,-1440,-13968,-20898,5816,2880
2
-32558,-1472,4771,31817,-8464,17100
-32558,-1472,-15768,31817,3716,32767
-32558,-1504,-5733,31817,-3856,32767
-32559,-1472,15394,31817,32467,-8132
22416,-1440,-32598,-22702,-3620,17988
-25573,-1472,317,-6626,32468,6196
-32558,-1456,-32598,-5566,-27564,2484
2563,-1424,21859,8258,596,15024
10235,-1456,3945,-11598,14684,24716
-1370,-1456,-14387,-9042,-2900,23108
-2013,-1456,-11256,-2778,-3740,20252
6072,-1456,-5117,-790,-5504,21704
11030,-1424,-1659,-3398,-3160,22508
9744,-1456,-1296,-3482,-568,23240
9849,-1456,-4137,1626,2536,21804
14982,-1456,-5470,1622,-516,18772
21193,-1456,7827,-1654,-1828,18532
16914,-1440,10743,-2870,2352,17292
13699,-1472,4142,-5398,4488,11480
15532,-1472,-2355,-8662,-1544,7812
13642,-1440,3620,-9190,-1276,7204
12308,-1472,2617,-12770,-1188,4660
11674,-1472,600,-12210,-2556,1100
12227,-1472,2989,-13986,-3144,-900
12352,-1440,8102,-18494,-3796,-1812
8863,-1472,10200,-20486,-2188,-3784
5845,-1440,13031,-20834,-8156,-4540
10466,-1472,11949,-22706,-8336,-3452
15588,-1440,7695,-24290,-7036,-6096
10766,-1472,-3540,-28154,-12008,-528
-10397,-1440,-4550,32214,-7740,7088
-18902,-1472,-10472,-24266,-1352,4636
2
-31361,-1456,-19262,31817,1248,32767
-32558,-1456,-1662,31026,-3804,27916
-32558,-1456,-4856,31817,10248,32767
-32558,-1456,-429,24802,13108,32767
2756,-1424,-2129,11362,32467,19960
13088,-1456,-22692,3238,-4836,16792
4467,-1456,-1783,-9802,-23812,16952
-5685,-1456,6650,-10110,-10364,17264
-50,-1456,237,-1054,5656,21352
7349,-1424,-9732,-2674,712,24196
9071,-1472,-3105,-4838,-2952,24092
6715,-1424,-956,-3782,-972,23776
11916,-1456,-2694,254,3396,20208
17612,-1456,-7669,-2670,624,21428
17368,-1424,-4117,-2646,-1740,21204
17458,-1456,2218,-5962,112,17168
16050,-1424,-1402,-8506,948,16972
12256,-1456,-2195,-4766,-5232,15160
13734,-1456,6251,-9566,-108,11364
12272,-1456,815,-9382,832,10076
11957,-1488,-4190,-6550,544,8048
11209,-1456,-4028,-11170,-1424,6428
11005,-1472,-1594,-10074,716,7476
8602,-1456,-3030,-10282,2904,4860
7150,-1456,-2266,-15178,1136,280
8113,-1472,2813,-19614,-1388,-3420
19528,-1472,22707,-22202,-11660,-19436
-32559,-1472,-32599,-17550,32468,-26624
4020,-1456,369,-32182,19036,-2696
-6474,-1472,-5465,-22482,-24464,1316
-24226,-1440,5925,-27946,-10516,268
-21555,-1472,-4246,-25314,6560,8960
2
-32559,-1488,-2202,15450,-24276,2516
15011,-1456,-4372,-24106,2644,16352
-26159,-1456,-16688,-17530,-7472,20784
-20913,-1456,-3151,-4614,-5808,15280
1264,-1456,-4100,-1902,5488,28920
8684,-1472,4492,-9358,-1392,26508
4192,-1440,5071,-11366,4428,26096
4965,-1440,-7986,-5430,3940,23556
11755,-1472,-10314,-2542,-1876,22728
15399,-1472,-1868,-2006,-744,21908
16765,-1440,-1674,1442,2412,19596
19340,-1472,-2416,4654,-2048,14472
23307,-1440,-132,442,-448,12040
21921,-1440,459,-2790,-1372,11488
14876,-1472,1062,-3446,-6372,9320
15719,-1472,7582,-4910,-1240,5580
16630,-1488,2317,-8206,188,4624
11734,-1456,-617,-12818,-1244,5348
8636,-1488,-1193,-14654,-5340,1664
7571,-1456,1774,-15246,-788,3092
5730,-1456,-1380,-19674,628,1600
2864,-1472,-851,-27794,-6136,-1060
3366,-1472,14740,-28610,-17052,-10836
16893,-1440,-32599,-22714,-29876,-17520
9567,-1472,8827,-23858,-11920,-5180
-174,-1440,-28621,-23186,-3516,6240
-12031,-1472,-7886,-24798,-9028,2100
-10723,-1440,1994,-20830,-904,3848
-7047,-1472,-11886,-20742,4476,3284
-3492,-1440,-17303,-19606,252,3552
-1170,-1472,-7951,-18210,-2360,3872
2
-24501,-1472,11799,31817,-8780,-2448
-32558,-1472,-3356,31817,32160,32767
-32558,-1456,-13596,31817,32467,32767
-19959,-1440,26656,19846,32467,-22312
-32559,-1472,3572,42,11776,19524
30207,-1440,-32598,-16606,1560,15608
4585,-1424,-10053,-11034,-9188,20132
-14224,-1472,-5770,-11678,-980,14440
-12732,-1472,-18191,-5710,-2036,18772
435,-1472,-8546,1046,-4368,22444
8069,-1456,-5377,5966,5632,23148
19240,-1472,-7471,9926,2872,13864
28903,-1440,2434,4510,-6612,14152
26448,-1472,5233,-1670,-1988,13052
20625,-1424,-950,-5630,104,8064
16343,-1440,-4909,-5806,-8112,4296
14355,-1440,2559,-11578,-6872,2908
12446,-1440,2735,-13970,-6084,1528
8356,-1488,1657,-18550,-8612,-300
1891,-1504,3950,-25506,-7860,-1080
-4994,-1472,3128,-29506,-8720,-2276
-4894,-1472,13024,-26390,-16116,-8392
3734,-1488,11671,-23994,-17556,-8180
-1321,-1488,1747,-27362,-8968,-360
-10716,-1456,-5208,-23578,-9240,880
-8823,-1456,-4477,-20822,-2160,3300
-7235,-1456,-11216,-21382,2580,5732
-3606,-1456,-11646,-18606,-2052,5176
592,-1456,-2395,-17966,-3284,5976
1831,-1456,-3244,-17738,560,5612
2462,-1488,-6456,-16594,-608,5568
2736,-1456,-3949,-15158,-3128,5012
2
