-20523,-1360,1545,-29162,-6236,-23416
-32558,-1376,10196,-17230,-3280,-19820
-32558,-1376,14042,-6934,-1380,-10844
-32558,-1328,28405,6706,-9388,-5728
-32558,-1344,-6732,31817,-12328,2928
-29711,-1376,-32598,31817,1880,8916
-1133,-1328,26451,-7210,-5316,22116
13277,-1376,-32599,-1846,-6920,15560
3050,-1376,-11123,-9170,10024,19240
7451,-1392,-6098,-15766,2532,20412
12432,-1344,8130,4326,-4204,19280
16551,-1392,6911,2158,3804,15824
14722,-1360,-700,1430,-212,11548
16281,-1376,4196,-4466,-1688,7976
11641,-1392,3064,-7534,-1344,7172
7812,-1360,-2239,-6734,-692,3340
9135,-1376,-5397,-7286,-780,2352
13162,-1344,-9120,-19466,-1940,-1932
22283,-1376,-32598,31818,-5136,1312
14047,-1376,6520,-26910,-5060,-108
321,-1360,3214,-24754,-8724,-1824
-6588,-1344,3340,-26274,-5404,-2944
-4311,-1344,-3865,-25010,-5540,-368
-2210,-1392,-6848,-26330,-5924,8
4019,-1376,-3334,-21298,-5148,-1544
6048,-1360,-8028,-18930,-3436,-1040
6207,-1360,-9334,-19122,-4424,-2284
4869,-1344,-3274,-16942,-2852,-1892
2066,-1360,-3234,-16054,-1544,-1768
79,-1360,-3608,-15842,-1588,-804
-1313,-1376,-2390,-15762,-1136,-240
-1102,-1360,-2131,-16106,-1376,368
2
-32559,-1344,-32598,-26790,-7340,-31784
9743,-1376,-8572,-28898,-5004,-32768
-10950,-1360,9017,-29530,-2920,-31620
-32558,-1392,10182,-21130,-3228,-24888
-32558,-1376,14315,-13510,-3356,-15124
-32558,-1360,32494,1370,-7568,-6816
-32558,-1376,19146,19554,-4,4744
-32558,-1392,-32598,31817,-18688,15036
-26530,-1360,-32598,5390,1700,32767
22604,-1344,-32599,-13746,-9288,18236
23448,-1328,-32599,1734,-1404,20324
19565,-1344,-7277,-4794,14908,16760
24413,-1344,-5255,-1346,-1296,15244
22634,-1392,1215,-5746,-2016,15900
20944,-1376,-3648,-5682,-2592,11456
19588,-1360,-3059,-7510,-3668,7308
16399,-1360,-5419,-10430,-4716,2752
21032,-1344,-3560,-12538,-5840,-964
25815,-1360,-6542,-12338,-4564,-2060
27494,-1344,-5957,-14326,-6336,-3300
25228,-1376,-13848,-20362,-3964,-8436
14597,-1360,-13371,-24142,-5788,-13600
2595,-1376,7042,-22698,-9852,-12960
-3072,-1344,7391,-20514,-7724,-11928
117,-1376,-2274,-19962,-6888,-12508
-6502,-1344,-9816,-18298,-10088,-11388
-9334,-1392,-3854,-17466,-8072,-9604
-10918,-1376,-2120,-18430,-4456,-5140
-9048,-1376,-1773,-16638,-4492,-4600
-4952,-1360,1978,-16046,-4064,-3308
-1011,-1376,-2113,-16278,-2896,-2556
1760,-1392,-2523,-16074,-3832,-2844
2
-7710,-1360,6330,-29214,-3268,-32768
-32558,-1360,8605,-17810,800,-24828
-32558,-1344,8949,-10426,-612,-13664
-32558,-1360,27762,1470,-4244,-10292
-32558,-1360,23610,22506,4064,7184
-32558,-1344,-32598,31817,-224,19800
-32558,-1360,-32598,17370,-4996,29036
-6601,-1360,21594,-10082,-17716,14948
20307,-1344,-32599,1090,-9424,15908
9976,-1376,15156,-2754,2500,17620
17796,-1392,-4122,-13970,5676,16752
22319,-1376,-4522,1734,-2524,19232
24374,-1360,6196,-2634,-2460,17168
23289,-1360,9151,-5122,-1444,12944
21472,-1376,8364,-8250,-1000,9672
15732,-1360,-2980,-8714,-1064,5944
21159,-1392,-2517,-10614,-2592,-356
29687,-1392,4878,-13150,-2856,-880
-32559,-1360,1740,-15138,-4920,-3320
-32559,-1376,-22406,-24770,704,-12356
4690,-1344,-2457,-30250,-5296,-16808
-7391,-1360,6293,-20346,-2940,-8144
-3116,-1408,-497,-21850,-3700,-11276
2202,-1344,-4637,-21278,-4404,-10816
487,-1360,-6864,-20134,-5680,-8936
-204,-1376,-14238,-20738,-2628,-7264
-1596,-1344,-6715,-19482,-2696,-6764
-2324,-1360,-1705,-16530,-2652,-6756
-1816,-1376,-4048,-15566,-2520,-4980
-1775,-1376,-4747,-15694,-1704,-4088
-1591,-1360,-1493,-15414,-1416,-3472
-670,-1376,524,-15410,-1404,-3060
2
-22352,-1360,-26248,-3726,6864,32767
19996,-1328,-32599,30,-12312,21316
19431,-1376,-32599,3530,-3144,17532
14769,-1376,5033,-8926,10544,15948
23930,-1360,-5135,66,1860,17320
16212,-1376,-8020,-6122,-1848,17584
12554,-1360,-8097,-4670,-3320,12976
18169,-1360,435,-6530,-2580,5572
23941,-1376,9223,-10326,-4188,3688
27696,-1376,3991,-12970,-4404,76
32497,-1376,-1503,-14738,-3716,-3124
-32559,-1376,2864,-23238,-5432,-9564
22092,-1360,-25492,-31914,-3796,-10420
-280,-1344,8812,-19526,-6600,-8868
-797,-1344,-403,-19130,-5324,-9068
-1449,-1360,2460,-20326,-10852,-9072
-6542,-1376,-4988,-15682,-9212,-10356
-7503,-1360,-10817,-17406,-9628,-7324
-7984,-1360,-8054,-18794,-7208,-6776
-8958,-1376,-4307,-17638,-6484,-4892
-8524,-1360,-1114,-16058,-4684,-3752
-6350,-1360,-1897,-16234,-3520,-2388
-4790,-1344,-3131,-16546,-2736,-1628
-3460,-1360,-3942,-16434,-2744,-1808
-1693,-1360,-2385,-16854,-2888,-1468
-1478,-1376,-3099,-16554,-3532,-752
-1839,-1376,-4235,-16418,-3892,-644
-1277,-1376,-2523,-16262,-4076,-356
462,-1376,-65,-16022,-4308,-436
1092,-1360,-220,-16150,-3968,-636
116,-1344,-934,-16234,-4088,-808
-649,-1376,-607,-15990,-4112,-576
2
-32559,-1344,-9758,-27478,-6484,-28664
28867,-1360,-9974,-25482,-4504,-29028
3774,-1360,6547,-25950,-5844,-27856
-20212,-1344,692,-15166,-5248,-24668
-32558,-1344,-1074,-8706,-5260,-16088
-32558,-1328,18104,2154,-9316,-3156
-32558,-1344,20508,11854,4948,-1332
-32558,-1360,-32598,31817,-4776,17572
-32558,-1360,-32598,20814,-15364,22236
10728,-1344,15449,-2298,-1428,14228
17574,-1344,1551,-11574,8448,15572
23939,-1328,-3749,806,-5972,19988
22510,-1376,1664,-3234,-2372,18204
24330,-1408,11083,-7514,-1212,11488
20664,-1360,6110,-9390,-1556,8788
17972,-1344,-2950,-10722,-2120,3572
24424,-1376,395,-13998,-1112,-1712
30949,-1360,8170,-17066,-3140,-2336
30789,-1392,-3851,-21798,-1032,-7244
7573,-1344,-21878,-25726,-1008,-10332
-5869,-1360,6704,-21034,-5376,-7500
-8858,-1344,-302,-20198,-5464,-4736
-6356,-1344,-2297,-23078,-4276,-4900
-3628,-1360,-3731,-21174,-7124,-3720
-2255,-1376,-8162,-21362,-6156,-3120
-1477,-1360,-8085,-20658,-6512,-3556
-2619,-1360,-4077,-18390,-7492,-3720
-630,-1376,-3918,-17266,-6100,-3868
840,-1360,-4645,-16754,-4412,-2284
11,-1360,-4085,-15970,-3672,-1928
2
-2509,-1328,14959,-26690,-4300,-32768
-32558,-1344,7754,-15410,-280,-26620
-32558,-1344,4150,-9398,-2616,-16092
-32558,-1392,21927,2602,-4372,-9176
-32558,-1344,11123,15562,7408,4516
-32558,-1328,-32598,31817,-10456,-15480
-32558,-1328,-32598,28034,32468,32767
-8836,-1376,-32599,-10882,-7300,19948
22540,-1344,-32599,7134,-11808,15616
7068,-1376,6313,-3442,368,15288
8701,-1376,5272,-19826,6088,18804
19000,-1360,2694,2890,-3672,20348
22229,-1376,15530,-826,-2140,18040
22286,-1376,11148,-878,-920,15784
24270,-1360,10778,-6458,524,10376
23698,-1376,-162,-10238,-1748,7676
24900,-1360,-8043,-9914,-1448,2384
28546,-1344,-4774,-14106,-3424,544
30421,-1376,-211,-16778,-5884,-4168
27789,-1360,-9626,-22138,-1744,-9812
6635,-1376,-12700,-28698,-3824,-11940
-3309,-1392,-3751,-22670,-4992,-6788
-5805,-1344,-7442,-21278,-6068,-7380
-4085,-1376,-9290,-22410,-5828,-8036
-6831,-1360,-8920,-19314,-6992,-6796
-5966,-1376,-9516,-18246,-5100,-6696
-1962,-1376,-8913,-18074,-3140,-4388
-2045,-1360,-9031,-17614,-3976,-5040
-1911,-1376,-6558,-16606,-3068,-5204
-2351,-1408,-5092,-16846,-2176,-3600
-3874,-1360,-4140,-17046,-1380,-2440
-3553,-1344,-2219,-17302,-1168,-1996
2
-32559,-1328,-16999,-23406,1256,-29744
8003,-1376,10276,-27622,-6448,-32768
-15062,-1344,2337,-20590,-2216,-28212
-32558,-1360,1977,-14690,-4784,-20124
-32558,-1376,18880,-3570,-7656,-13320
-32558,-1360,24558,6618,-3880,-152
-32558,-1360,-24769,19418,5448,9176
-32558,-1344,-32598,31817,-876,3976
-32558,-1360,-32598,-202,-12104,32767
23021,-1328,-32599,4598,-15888,22116
18321,-1376,-32599,2102,-4380,16500
3295,-1360,-2065,-13942,9552,14220
20278,-1376,-2985,-8346,2796,20492
18310,-1376,-2606,1706,-940,18972
19124,-1360,3411,154,-2456,12816
21409,-1344,5825,-7854,-1576,8584
16655,-1376,-648,-9710,-3696,7456
16905,-1360,-5797,-9630,-4372,1692
22525,-1376,-805,-11542,-3552,1756
26182,-1376,-4205,-12674,-6540,-296
28735,-1376,-15072,-16742,-5844,-3888
20897,-1344,-30385,-28282,-580,-5784
2674,-1376,6564,-23046,-8688,-6332
-5289,-1360,-2406,-20018,-2244,-6816
-3964,-1376,-1080,-23082,-6144,-8120
-3578,-1408,-5873,-23018,-5644,-7004
-4404,-1360,-7922,-21610,-5748,-6588
-5557,-1344,-7920,-20910,-5880,-6948
-4094,-1344,-3770,-18030,-6116,-7004
-3349,-1360,-7358,-17162,-4904,-4924
-2935,-1376,-5667,-17070,-3488,-3564
-2624,-1344,-626,-16506,-2984,-2232
2
10532,-1376,10166,-28666,-9060,-32768
-8337,-1344,2625,-20222,-5128,-30024
-32558,-1360,1878,-14482,-5656,-22924
-32558,-1344,12311,-6310,-6024,-12512
-32558,-1376,26443,4522,-3948,-6560
-32558,-1360,-537,19662,11920,9388
-32558,-1376,-32598,31817,-15240,11440
-32558,-1328,-32598,7026,2060,32767
18826,-1360,-32599,-2294,-11908,20092
17590,-1344,-32599,2922,-1600,19756
11587,-1328,-11455,-9306,10844,15392
25206,-1360,-2952,686,400,18252
18600,-1312,-6516,-2494,-2852,17324
15996,-1344,-4758,-4966,-4312,12332
17206,-1328,9220,-9898,-4116,9236
15359,-1376,7360,-10430,-4048,5948
16992,-1328,1800,-11778,-4384,2716
20712,-1360,1887,-13286,-5376,956
25705,-1408,-5803,-18590,-11332,-3000
21497,-1392,-32598,31818,-4044,-4540
4323,-1376,16250,-21142,-12452,-4988
-3028,-1376,4436,-19274,-8188,-2420
-5649,-1360,-2108,-19954,-9200,-2980
-8610,-1376,-20,-19654,-9040,-2024
-10965,-1360,-2832,-18018,-10172,-1128
2539,-1392,-11466,-16682,-10552,-3128
5429,-1376,2229,-17650,-9860,-1268
4789,-1376,2559,-17494,-7764,-3712
-1032,-1376,-7647,-16246,-5176,-1924
-618,-1360,-3947,-16382,-5528,-1644
2
-32558,-1344,10981,16530,6484,3308
-32558,-1360,-16642,31817,2664,8208
-32558,-1360,-32598,31817,668,17184
-10703,-1376,24624,-2998,-3572,30072
19082,-1360,-32599,6414,-6196,17836
9710,-1344,6045,-5170,2220,14180
21474,-1344,2136,-11286,15196,15752
24559,-1328,-4125,3586,1644,19304
23674,-1344,-2370,-1426,-3184,12068
25041,-1344,3678,-8382,-820,10368
23040,-1392,-807,-9302,-1452,6760
26119,-1344,-1382,-11818,-4524,1160
27226,-1344,-2129,-14638,-3768,-1176
28525,-1392,-11622,-15446,-4540,-4748
26729,-1360,-17765,-22290,-6196,-9400
9789,-1344,-10231,-25114,-7136,-13784
-3571,-1392,6243,-21102,-7452,-9124
-5246,-1392,273,-20774,-7448,-10156
-6411,-1376,-1048,-20818,-10296,-10540
-5344,-1408,-201,-18922,-10812,-10876
-6348,-1328,-8219,-19202,-8792,-7128
-9254,-1376,-11475,-17134,-8408,-6068
-10195,-1344,-5345,-16694,-6264,-4972
-8643,-1360,1375,-16762,-4772,-2624
-5819,-1376,1034,-15818,-3816,-1568
-2442,-1344,-1817,-15462,-2668,-1556
355,-1360,-1387,-15822,-3224,-1808
1399,-1344,-1562,-16294,-3112,-1640
-556,-1376,-3286,-16106,-3724,-836
-1732,-1360,-2209,-15958,-4604,-1600
-1631,-1344,-428,-15982,-4212,-872
-286,-1376,-844,-15762,-4572,-832
2
7259,-1344,10247,-23214,-12436,-32768
-19925,-1344,1486,-16530,-8208,-31012
-32558,-1360,4951,-9414,-7032,-24052
-32558,-1376,16699,-362,-7200,-11084
-32558,-1360,26294,7494,3984,-3916
-32558,-1328,-32598,31817,6524,-7876
-32558,-1376,-32598,31817,-1312,27924
-16577,-1344,-6897,-10294,-8812,32767
23389,-1328,-32599,2870,-9192,21976
12292,-1344,9176,354,-1024,13728
11480,-1360,-1750,-16174,9004,18764
19435,-1344,-1942,-294,-3076,22976
22832,-1344,6910,2370,-2588,17024
27552,-1328,6864,-4502,-1368,12900
24468,-1376,3496,-8110,-20,9904
18554,-1360,-1673,-7938,-1492,6288
20174,-1360,1915,-10810,-1828,140
28006,-1344,6444,-13678,-2908,-2036
31561,-1360,259,-16086,-4812,-4064
28744,-1376,-18217,-27322,1116,-10128
7631,-1376,11748,-24214,-7852,-8248
-5549,-1392,1123,-19266,-4592,-2460
-6123,-1376,312,-22542,-5872,-7708
-2799,-1408,2832,-21602,-9236,-7536
-2955,-1360,-861,-19974,-10916,-6512
-1544,-1376,-7265,-18894,-10784,-7452
-2266,-1344,-3963,-16634,-10728,-7320
-4486,-1360,-3529,-17250,-7852,-4832
-6167,-1344,-2698,-15850,-6232,-2892
-6122,-1376,-11,-15470,-4696,-2292
-5270,-1360,1023,-16066,-3688,-928
-4955,-1376,-886,-16522,-2964,172
2
15473,-1376,8626,-27238,-5776,-32768
-3015,-1376,1313,-24042,-8180,-31384
-32125,-1360,-5436,-16370,-4280,-25972
-32558,-1360,2928,-7546,-8064,-12860
-32558,-1344,31620,3994,-2044,-8276
-32558,-1344,-10765,22494,12592,9440
-32558,-1392,-32598,31817,32468,22752
-32558,-1376,-32598,-1230,-2396,32767
15861,-1376,-32599,3058,-14632,23352
20170,-1392,-32599,4302,-7620,17896
16532,-1376,4913,-5186,8804,14408
27690,-1344,-3718,-3138,6852,16936
21348,-1360,-2577,-2886,-6748,17360
21538,-1360,11749,-4794,-2308,10504
20619,-1376,10799,-7834,-2752,7908
15983,-1344,-818,-10494,-2676,5072
21061,-1360,3829,-14530,-3272,-1320
28481,-1376,14445,-17422,-4004,-2196
25988,-1360,-14905,-28178,2384,-4296
1764,-1360,-4854,-25034,-3936,-5680
-7500,-1376,9435,-20226,-1936,-3796
-6364,-1360,1861,-19174,-2152,-2876
-1720,-1360,-7009,-22194,-2304,-3788
-1344,-1376,-6552,-22822,-2964,-1544
-3294,-1328,-5071,-24014,-4208,-1540
-2888,-1328,-3159,-22722,-2920,-1280
-2378,-1344,-4397,-20870,-4448,-1420
-241,-1344,-3695,-19314,-4804,-1620
1110,-1360,-5090,-18298,-5116,-1784
2681,-1344,-6333,-16338,-5100,-2568
1837,-1392,-4171,-16126,-5596,-1720
-115,-1392,-2699,-16130,-4168,-456
2
-31442,-1376,-3625,-20302,-5092,-22372
-32558,-1344,1895,-8866,-6208,-16024
-32558,-1344,-32599,4130,-4280,-5272
-32558,-1328,968,17902,5036,5368
-32558,-1376,-32598,31817,-23124,4980
-26631,-1360,-20217,15354,-14048,14016
21515,-1360,-32599,6318,-10712,18916
19968,-1376,19372,2966,-5652,11792
17279,-1360,-5623,-8806,7652,13432
31960,-1392,-1717,6558,-1464,14552
28097,-1312,670,-1442,-4380,14888
25582,-1360,-2188,-6378,-2784,11596
24051,-1360,3346,-8778,-1340,5160
26757,-1376,-590,-12362,-4656,-292
-32559,-1392,-156,-15870,-5568,-4304
32390,-1376,720,-22802,-6908,-6832
15350,-1376,-28153,-32262,1388,-13852
-3606,-1328,18693,-23554,-12256,-10704
-5754,-1408,4940,-21666,-6300,-9032
-10820,-1376,-1677,-22218,-12648,-8140
-14407,-1392,3625,-20326,-11924,-8472
-12178,-1376,5196,-20254,-10128,-5440
-7190,-1376,-5046,-19286,-8732,-4448
-1002,-1360,-7627,-17454,-7788,-3740
-538,-1344,-4460,-17198,-5112,-1436
-625,-1376,-3147,-16374,-4788,-2000
-145,-1360,-2322,-15466,-3928,-1668
-1481,-1376,-3376,-15614,-4072,-644
-2489,-1376,-2604,-15790,-4404,-428
-3102,-1360,-2721,-15414,-5792,-104
-1520,-1376,-766,-15206,-5688,-356
-88,-1344,-658,-15930,-5896,352
2
-20003,-1360,3829,-21874,-4632,-29824
-32558,-1376,20391,5170,-584,-8624
-32558,-1392,-32598,31817,-14892,32252
-32558,-1360,-32598,27246,-29128,25788
-19832,-1344,30716,-22554,-15496,16232
24721,-1392,-32599,9886,-11132,10952
13982,-1392,15704,-1730,-2764,10992
7377,-1344,5417,-11950,1944,11420
25012,-1376,-3872,1106,-1864,15312
22105,-1360,2701,-526,-4404,16620
23700,-1376,8395,-6346,-1448,11276
23909,-1344,11186,-9626,-3024,10432
20846,-1360,6721,-9106,-1172,7188
23489,-1376,5569,-12226,-2924,2188
25392,-1376,7686,-17758,-4540,1060
23447,-1376,434,-19694,-2720,-1960
20707,-1360,-4654,-25014,-2592,-6364
15250,-1376,-4211,-31246,-3560,-9004
-49,-1328,-12915,-20078,-5144,-4500
-5609,-1392,-9090,-21786,-7712,-7600
-4412,-1376,1265,-19374,-6888,-7364
-3045,-1376,-6424,-19526,-6400,-7316
580,-1392,-11715,-18486,-6136,-7240
-428,-1376,-8028,-17710,-6064,-6420
-1448,-1376,-3755,-16930,-5236,-7160
-2565,-1360,-6482,-16826,-4568,-5436
-4000,-1344,-5122,-15970,-3988,-4180
-2703,-1376,-2453,-15698,-3724,-3460
-1004,-1360,-1669,-16058,-3668,-2940
-726,-1344,-453,-15734,-3568,-2368
2
-32558,-1392,-32598,23302,32468,32767
-32558,-1360,-31557,-10630,-22392,32767
21814,-1344,-32599,5834,-20220,16088
20573,-1360,-32599,902,-3480,10564
18505,-1360,-6485,-11838,7552,14544
25613,-1344,-6557,1910,-8256,19056
23018,-1376,10114,-142,-9160,18300
24818,-1392,14119,-1710,-1800,14368
27157,-1360,10134,-6178,-1632,9956
24995,-1376,2108,-8102,-3664,6692
26569,-1344,5523,-9722,-4028,-1048
-32559,-1360,7262,-15638,-5616,-2888
-32559,-1376,2320,-20402,-5476,-9516
-32691,-1376,-6448,-24270,-6212,-15140
9545,-1360,-9186,31818,-5516,-13904
-14612,-1360,456,-23078,-8256,-8988
-18886,-1344,9405,-18662,-8552,-10848
-12489,-1392,1093,-16438,-7200,-7560
-6516,-1360,-13654,-17762,-9120,-6632
-1031,-1376,-13548,-17694,-7060,-6336
-1351,-1376,-8628,-17702,-6772,-6148
67,-1360,-3858,-16218,-6588,-6788
2158,-1392,-4510,-16414,-5896,-5064
-103,-1376,-5676,-16630,-4668,-3532
-1608,-1360,-2824,-16090,-4196,-2800
437,-1360,-3175,-14822,-4252,-2136
1519,-1376,-2912,-15090,-4204,-2056
969,-1376,-3310,-14922,-4728,-2512
-86,-1360,-2881,-14958,-5388,-3008
-554,-1376,-1296,-15126,-5208,-2764
-777,-1392,-150,-15162,-5016,-2584
-647,-1328,-563,-15550,-4708,-2236
2
-32558,-1360,-32598,31817,-11660,15204
-32558,-1360,-32598,5530,-5408,32767
29223,-1376,-32599,8138,-9996,19356
30789,-1376,-32599,4766,-4344,28596
-1206,-1392,17892,-7794,3636,16108
10936,-1344,25079,-18234,8376,16472
18149,-1360,7869,-2018,8672,23568
20430,-1360,10818,-542,5508,18956
23510,-1376,5796,-7802,5192,16296
18006,-1376,36,-6250,4248,14172
21407,-1392,-2854,-6050,180,3644
25883,-1376,-2136,-9950,-676,2628
24320,-1360,-7607,-10534,-1472,2356
25375,-1392,-12820,-11610,-3284,-2404
30013,-1392,-9841,-13122,-4764,-6368
-32559,-1376,-15674,-19290,-8660,-11268
7212,-1376,-29164,-22342,-4984,-16008
-623,-1360,-2068,-19114,-7968,-11416
2016,-1376,-3110,-17126,-6312,-10884
2670,-1376,-8419,-18846,-6128,-12388
3774,-1392,-8369,-17430,-6204,-12704
929,-1360,-8325,-17202,-5504,-9888
-2334,-1376,-6531,-16670,-3976,-10488
-4800,-1408,-3502,-15570,-3308,-8436
-6279,-1360,731,-14754,-3704,-7180
-5888,-1376,-813,-14594,-3420,-5564
-4776,-1376,-497,-15070,-3088,-4840
-3221,-1360,1290,-15362,-2660,-4168
-1418,-1344,1329,-15690,-2456,-4036
-308,-1376,-979,-15638,-2892,-3900
-336,-1376,-1269,-15846,-2992,-3828
-457,-1360,-399,-15618,-3240,-3692
2
7280,-1376,-3066,-4554,3948,10452
16229,-1344,-3831,-7874,15828,13988
10193,-1392,-6417,-3098,-3820,18580
9310,-1376,4125,-2930,496,15088
11781,-1344,7972,-7070,2080,11932
13380,-1328,6637,-10018,-228,8924
16573,-1360,5216,-12258,-1440,5384
17368,-1344,10648,-14010,-2116,3692
22664,-1360,4337,-22006,-2216,-1692
25797,-1360,-32598,31818,6128,-6096
10444,-1376,10124,-22438,-5284,-1912
-3658,-1376,-711,-21938,-2324,-1840
-4734,-1392,-6339,-23950,-2420,-1164
-853,-1344,-4886,-22082,-3420,-1596
10212,-1376,-6158,-22622,-4932,-6960
4709,-1360,-5590,-22006,-2872,-6104
1105,-1376,-4630,-19402,-4940,-5400
-684,-1376,-5830,-17254,-3536,-3772
-210,-1392,-5586,-16834,-2960,-2924
-1358,-1360,-3570,-16794,-1736,-2004
-1733,-1344,-1491,-15898,-1372,-1096
-1458,-1376,-980,-15638,-1244,-284
-880,-1392,-689,-15874,-1608,340
-827,-1344,-1204,-16702,-1724,600
-133,-1376,-945,-16302,-2632,980
-286,-1424,-1186,-17018,-2316,828
52,-1344,-1132,-16658,-2128,1088
203,-1376,-1022,-16602,-2012,764
382,-1376,-1333,-16662,-1916,876
0,-1344,-2235,-16646,-2104,676
-344,-1376,-3020,-16558,-2128,672
-162,-1360,-2234,-16530,-2356,740
2
-32558,-1376,-32598,31817,6888,32767
-32558,-1360,-32598,31817,32468,-8144
-8552,-1376,-32598,13946,-5320,32767
16496,-1376,-32599,-10594,-18072,12712
19008,-1360,-32664,-2902,-11788,14164
12112,-1376,-12985,-12226,4756,15600
20565,-1376,-5350,-7426,-10136,19972
18710,-1392,3925,-7058,-5420,21352
22169,-1360,6639,-4618,-5564,16404
25341,-1344,19532,-8910,-4296,11276
24397,-1376,13159,-10370,-3156,6536
26658,-1360,5987,-9322,-324,448
-32559,-1376,6906,-12938,-1772,-3000
-32559,-1360,1686,-14898,-1008,-6276
-32559,-1360,-4625,-17130,3104,-9508
19058,-1408,-6884,-21958,8,-16500
-842,-1392,-1279,-20910,-2020,-13864
-8914,-1360,-9487,-18110,-2008,-9980
-8001,-1344,-12591,-20818,-2180,-10244
-8805,-1360,-6440,-20702,-6328,-11212
-8059,-1360,-6863,-19034,-5188,-11760
-7800,-1344,-11135,-19642,-4736,-9684
-8203,-1344,-5136,-17686,-4760,-8096
-4980,-1360,-1483,-16870,-2916,-6980
-2343,-1360,-1669,-16894,-1376,-4000
-1456,-1376,-4279,-16398,-712,-3092
-389,-1392,-5388,-15518,-852,-3528
1182,-1392,-3217,-15646,-848,-2804
1943,-1376,-5120,-15466,-1396,-2464
806,-1408,-5381,-15442,-2316,-3140
-541,-1328,-3237,-15578,-2924,-3008
-1445,-1376,-1651,-15562,-3412,-2620
2
-30583,-1360,2860,-9526,-1052,-29160
-32558,-1360,-4177,-910,-3536,-18652
-32558,-1344,13280,5406,-6544,-9892
-32558,-1392,391,18898,5656,5864
-32558,-1360,-32598,31817,-30448,10808
-32558,-1344,-32598,31817,-17956,32767
4918,-1360,-32599,-8078,-14848,22624
-32559,-1360,-32599,7550,-7368,22580
-1744,-1344,10198,-10538,-1308,17684
-27821,-1360,21800,-18046,3376,9960
12877,-1360,-32599,-3730,1492,14356
20689,-1376,3675,4802,10260,19568
18732,-1376,5326,-3266,7132,13552
17028,-1376,339,-4862,2108,11008
19411,-1344,1699,-6562,2668,3692
22666,-1392,509,-12246,-884,3076
22482,-1360,-6752,-13938,572,560
25595,-1376,-19107,-22270,-168,-3352
29990,-1376,-12477,-30362,-3424,-9576
20695,-1360,-8420,-19650,-8784,-8088
-1974,-1376,-5646,-24450,-8308,-8556
-13395,-1360,-1785,-20666,-12560,-8216
-15421,-1360,-8763,-18998,-14148,-6788
-705,-1376,-24985,-20734,-13660,-3088
2914,-1376,2247,-20026,-9724,-6308
-1388,-1360,1197,-16710,-7032,-7176
-9576,-1360,-1699,-16726,788,-2560
-42,-1408,1684,-15810,4084,-2836
-500,-1360,-7751,-15710,-724,-1184
-530,-1360,-6629,-16554,-692,-636
2
-357,-1376,5100,-24910,-12800,-32768
-14863,-1344,9968,-11034,-3980,-26872
-32558,-1360,3237,-9242,-7312,-21156
-32558,-1360,11467,-206,-7580,-7940
-32558,-1344,22088,4302,1996,-3580
-32558,-1392,-30425,31817,-7592,4160
-32558,-1360,-32598,31817,-7152,26200
-29074,-1376,-28245,-14606,-6912,11904
17935,-1392,-32599,4774,-24896,17840
2666,-1360,3936,-2682,-3884,4140
-24558,-1344,-14004,-17810,8924,16132
7234,-1376,19615,-8622,-5860,3556
15749,-1360,14227,38,5940,19120
17787,-1376,5671,-5002,4028,18756
18083,-1376,-93,-3518,2492,16420
19709,-1360,1547,-8030,3372,16940
18275,-1360,2212,-7162,588,14796
22921,-1376,624,-9766,652,7508
27336,-1408,4957,-13074,-2840,5328
25567,-1360,2374,-13394,-2016,3568
25957,-1360,-6444,-15038,-2184,-1424
31064,-1376,-7503,-22390,-5576,-7184
31145,-1360,-2428,-25382,-4200,-8904
7401,-1360,-14793,-18494,-5888,-5536
-7090,-1408,5244,-21810,-10436,-8764
-6807,-1408,11654,-18818,-9780,-9232
3156,-1360,2217,-17062,-9076,-10244
6853,-1360,-15442,-18866,-9256,-8124
-1558,-1376,-12524,-17358,-6940,-7248
-8888,-1376,-2747,-18122,-4424,-7440
-10297,-1392,-3307,-16102,-3268,-4392
-6006,-1376,-10321,-15602,-1348,-2588
2
-21043,-1360,1465,-13498,-3220,-26372
-32558,-1360,176,-7466,-5540,-15640
-32558,-1344,16884,6418,-6792,-6168
-32558,-1344,-1298,14678,16544,8268
-32558,-1376,-32598,31817,-15964,-648
-32558,-1392,-32598,25590,-22084,32767
-1344,-1376,-7434,-9962,-10960,21532
21560,-1408,-32599,4390,-16636,11128
-3600,-1360,14323,-5894,-5548,13840
7504,-1392,3944,-19306,12252,19632
17190,-1376,4165,3414,-7860,20164
19083,-1344,12936,-1502,-400,16972
16484,-1392,4511,-7126,-2456,14080
13852,-1376,77,-8654,-1584,10824
18299,-1376,1724,-10338,-1652,6592
21563,-1360,7211,-13138,-4076,4756
23501,-1392,2762,-14066,-2152,2148
25445,-1408,1729,-15346,-1168,-792
29084,-1376,6654,-23746,-3096,-4720
24430,-1392,-13300,-31690,2940,-7556
3691,-1376,-1395,-20318,-3984,-5160
-3752,-1376,-1906,-21770,-2372,-5572
-4286,-1360,-4234,-22934,-4276,-5372
-1211,-1360,-7582,-20570,-5464,-6980
-528,-1376,-9235,-20582,-6536,-6004
-2357,-1360,-7467,-19410,-6876,-6184
-2198,-1360,-7517,-17534,-7476,-6420
-898,-1376,-6865,-16174,-6004,-5472
-2197,-1376,-4463,-16502,-4240,-4296
-3137,-1392,-2169,-16490,-2644,-2740
-3077,-1424,-447,-16150,-1868,-2416
-129,-1376,-2139,-15138,-1636,-2044
2
-27896,-1408,-2181,-13778,-5116,-25164
-32558,-1408,521,-6654,-5912,-10948
-32558,-1392,28560,2446,-3112,-8804
-32558,-1392,-9731,31817,31904,-292
-32558,-1376,-32598,31817,32468,31604
-32558,-1376,-32598,6426,6980,30644
12449,-1424,-32599,-4694,-20128,21576
14464,-1360,-32599,2778,-9244,15908
13554,-1376,-8121,-7930,8024,14232
20765,-1360,-6857,-6270,1396,17152
18729,-1376,4643,-4438,-6216,15852
15461,-1376,2510,-6370,-2900,15608
14478,-1376,8749,-8390,-2592,8988
16686,-1360,7798,-10034,-2888,5404
19912,-1408,5146,-13038,-3208,3400
21960,-1408,6177,-16898,-3712,1356
22254,-1392,10606,-19558,-4492,-1156
18091,-1360,-11333,-31754,1356,-5876
5992,-1344,548,-28642,-9460,-5340
-4720,-1360,-3833,-21030,-4416,-2660
-8880,-1360,-8608,-22562,-6432,-3376
-11740,-1376,-6451,-21294,-7188,-2476
-13912,-1376,-4737,-20726,-5516,-760
-9910,-1392,-3923,-20194,-5000,-212
653,-1376,-4982,-19606,-5452,-2156
577,-1376,-5425,-19662,-3856,-836
819,-1392,-4043,-18190,-3740,288
1390,-1376,-2751,-17798,-3700,204
298,-1376,-5243,-16890,-2864,468
208,-1376,-5580,-16086,-2580,960
220,-1392,-3788,-15986,-2856,752
23,-1376,-1357,-16158,-2764,1192
2
-9772,-1344,14574,-19170,-3316,-30324
-32558,-1376,-2767,-10666,-4244,-21316
-32558,-1376,-2740,-4214,-6664,-11304
-32558,-1392,20796,1746,-3528,-4056
-32558,-1344,-5731,19942,9488,7784
-32558,-1376,-32598,31817,-28324,7520
-26720,-1360,-32598,6170,-25600,32767
18428,-1376,-32599,-4950,-6872,2920
6871,-1408,-32599,2634,-12696,14744
9894,-1360,5376,-7878,11836,15616
19138,-1392,4727,-4830,-1152,17404
17518,-1344,1650,-2162,-652,16248
21178,-1360,3421,-6898,-2952,13396
20877,-1360,9018,-9382,-1500,10320
16496,-1376,5036,-9234,-1660,8624
17161,-1376,9365,-11630,-1964,2156
25622,-1408,16426,-12826,-1048,1448
30625,-1360,13546,-13878,-2224,-588
-32559,-1376,-6190,-25342,3192,-8080
12185,-1376,-24296,31818,3704,-10544
-5701,-1392,18047,-20390,-460,-4400
-5954,-1376,-17595,-22682,3820,-3536
1135,-1376,-9766,-24406,-472,-5480
4399,-1376,-9272,-21742,-3284,-4760
-3949,-1376,-6823,-18530,-5696,-5904
-6538,-1392,-2287,-17278,-4508,-4380
-7585,-1392,-2101,-16390,-3320,-2324
-7057,-1376,-205,-15850,-2176,-384
-5230,-1376,2446,-16038,-1432,-220
-2529,-1392,2214,-16238,-1252,360
2
4797,-1376,10404,-26902,-7968,-32768
-18003,-1392,7819,-14186,-3144,-29988
-32558,-1360,5440,-9578,-6044,-20072
-32558,-1328,-32598,31817,5340,-32768
-32558,-1376,-32598,31817,-9068,5120
-20107,-1376,12005,-9682,-12116,28680
29786,-1360,-32599,7394,-9712,12016
3417,-1328,21192,-1426,-2220,13092
11943,-1376,7775,-10362,10436,13408
17742,-1392,-583,-3730,-536,20420
18628,-1360,3531,-4374,-1844,14100
20931,-1376,3530,-8950,-1996,11652
17834,-1344,6942,-9558,-2436,8956
15547,-1360,7051,-10450,-1344,6076
18264,-1392,11128,-11654,-880,3120
21272,-1344,13943,-12446,-1760,3048
22638,-1344,9582,-14430,-2924,892
25459,-1344,-12873,-31398,4752,-5332
6601,-1392,-3158,-30274,-4884,-4748
-6946,-1376,3268,-20438,-172,-1756
-3724,-1376,-10140,-23482,-1060,-1532
-695,-1376,-7062,-19598,-2736,-100
-434,-1376,-6203,-20010,-3708,-284
1020,-1328,-2720,-19602,-2504,148
2003,-1344,-6207,-18466,-3344,-368
3957,-1376,-6197,-16894,-4240,-1456
3944,-1360,-6343,-16654,-3660,-844
1397,-1360,-4279,-17130,-3112,-828
2
-28703,-1328,-2860,-14558,-5644,-22120
-32558,-1360,10493,-1046,-9600,-11832
-32558,-1376,-32599,7414,-3212,-5156
-32558,-1360,-21441,21830,7192,6260
-32558,-1360,-32598,31817,-30372,21904
-18426,-1376,-32598,3442,-7076,32767
24866,-1376,-32599,-2890,-9224,15020
8501,-1360,-32599,546,-8080,15780
12110,-1376,-2746,-12142,13464,18056
19628,-1376,-1322,-8458,5144,19620
15863,-1360,-4439,-3778,-2556,16308
15296,-1392,1379,-5158,-2744,12188
17159,-1376,8194,-8170,760,8800
15594,-1408,3568,-8822,-1032,6448
14847,-1360,2373,-10242,-1708,3780
18732,-1376,6785,-11710,-1148,104
24131,-1392,9105,-15210,-4044,-1284
25951,-1360,-11010,-32526,1704,-3940
7969,-1376,-8800,-32026,-5548,-7548
-4479,-1376,14686,-22410,-7744,-4852
-12675,-1392,-1049,-26314,-4248,212
-18817,-1376,-4517,-24386,-7164,-2052
-15258,-1376,2003,-17046,-8948,-628
3202,-1360,1801,-18970,-6092,-6360
5928,-1376,-3284,-21010,-4104,824
4070,-1376,-6722,-20486,-4544,984
2474,-1360,-5168,-17610,-2872,-520
2302,-1360,-8968,-17726,-2220,-140
360,-1376,-8986,-17182,-1592,68
-726,-1360,-5319,-16398,-1648,-108
363,-1360,-4099,-15906,-2040,448
-395,-1376,-3213,-16722,-2036,804
2
9394,-1360,13557,-30238,-8852,-29592
-6636,-1360,1587,-20126,-4204,-25816
-32558,-1360,-2359,-14306,-4272,-19208
-32558,-1344,4142,-4862,-7100,-6364
-32558,-1376,31029,4922,-2100,-3764
-32558,-1360,-32598,31817,32467,-17452
-32558,-1328,-32598,31817,32468,30260
-20953,-1376,-20692,-286,5016,30668
26860,-1360,-32599,4742,-10352,14520
7476,-1360,-32599,5422,-8172,12848
15436,-1408,2415,-6598,13280,13832
20060,-1344,951,-8078,12036,17504
12027,-1360,-6340,-2626,-3832,14364
10972,-1344,-7026,-7222,-1240,11148
14617,-1344,2415,-10582,-2388,7888
14048,-1392,6906,-12082,-2876,6612
13513,-1360,5532,-12362,-1372,4100
18802,-1376,8026,-15602,-4100,716
24863,-1376,-30761,31818,2584,-1716
18145,-1360,-11964,-31930,-4888,-5488
-2732,-1392,1617,-23134,-1888,-1520
-10778,-1344,-3485,-27078,-3468,-2048
-8236,-1344,-3485,-23918,-4000,-2888
-3704,-1392,-4334,-21026,-3440,-1460
-3775,-1344,-7756,-20370,-4008,128
-2605,-1376,-10556,-18518,-5304,-1772
-182,-1360,-9044,-17722,-5752,-1188
303,-1376,-3737,-17538,-3848,-1024
583,-1376,-3523,-17406,-3048,-948
-304,-1360,-4758,-16826,-1876,-208
-1100,-1360,-4462,-16698,-1832,268
-682,-1376,-3948,-16206,-2344,876
2
20990,-1392,6437,-26562,-9976,-32768
-6246,-1328,1484,-17726,-3160,-29460
-32558,-1376,6430,-11450,-4984,-23720
-32558,-1344,11034,-1810,-6524,-10568
-32558,-1376,27539,5830,-156,-3524
-32558,-1328,-20851,23806,-3792,4052
-32558,-1376,-32598,31817,-21324,32767
-13814,-1344,-27537,-634,-11692,32767
23009,-1360,-32599,2186,-12804,8688
2789,-1376,-32599,1678,-8288,12272
13439,-1344,946,-8834,13540,17472
21815,-1392,-507,-274,1752,19000
18868,-1376,-3890,-4766,-840,15672
17160,-1376,-679,-4914,-4856,13628
22191,-1360,10025,-8042,-320,7236
24352,-1344,4451,-10890,-1688,5272
21511,-1344,-285,-14178,-2816,4920
20583,-1360,-1710,-14346,-1728,1316
26187,-1376,-7031,-25078,-3484,-6160
23549,-1376,-31559,31818,-144,-6576
-4616,-1360,481,-20638,-4596,-3384
-9215,-1376,1218,-26270,-6352,-5576
-4344,-1376,4597,-22510,-6348,-5172
2445,-1360,-5482,-20250,-5144,-5056
4504,-1376,-7185,-20330,-7648,-4392
4747,-1376,-6219,-19334,-4432,-4800
1653,-1392,-5356,-17266,-5220,-4104
-2766,-1376,-4263,-15506,-4428,-3608
-4136,-1344,-4191,-15782,-3272,-3020
-5079,-1392,-1058,-16050,-2480,-1728
-5417,-1360,776,-16274,-2128,-1424
-5001,-1408,-174,-16490,-2036,-428
2
-32558,-1360,-1009,-15234,-2948,-26288
-32558,-1360,-21,-3106,-8260,-17948
-32558,-1344,26509,6482,-3988,-8876
-32558,-1376,-14425,25818,11584,16444
-32558,-1360,-32598,31817,-23740,24016
-13321,-1376,-19447,-8006,-14504,32767
-32559,-1376,-32599,3282,-17136,7992
8884,-1392,27633,-498,-6156,12188
11905,-1344,-1129,-16178,11580,17076
19740,-1344,172,-2510,-3972,18896
22433,-1360,2426,-3914,-3260,16588
24620,-1344,4852,-6698,-4596,13472
23394,-1344,7218,-8830,-3432,8588
22745,-1360,5128,-10750,-3368,4520
22616,-1376,5417,-12254,-2356,852
25114,-1344,5940,-14538,-2000,-556
25315,-1392,6304,-15622,-1612,-2556
20996,-1376,6736,-19322,-1160,-4156
10666,-1376,-5686,-24994,1772,-8888
-7177,-1360,-587,-24810,-2628,-7284
-12791,-1392,-3308,-21926,-2204,-4416
-9694,-1408,-1396,-25110,-2476,-4360
-6129,-1376,-6203,-24690,-4748,-3592
-2754,-1392,-9616,-21126,-6168,-4520
-3569,-1376,-10696,-19798,-6456,-2944
-3261,-1376,-7610,-19546,-5384,-3212
-1120,-1360,-6716,-17950,-4580,-2424
267,-1392,-3850,-16258,-4108,-1896
1697,-1376,-3643,-15978,-2944,-1964
1163,-1344,-4497,-16154,-2500,-1192
-257,-1360,-3202,-16370,-2228,-964
-1116,-1376,-1882,-16306,-2480,-592
2
-22386,-1360,2626,-14418,-2068,-29888
-32558,-1360,-79,-6818,-2820,-22392
-32558,-1376,14766,-126,-5656,-11148
-32558,-1376,18519,10882,-120,-4060
-32558,-1360,-32598,31817,-21860,-7516
-32558,-1360,-32598,31817,-2144,1024
8371,-1344,-32599,-7182,-14368,18596
-32559,-1376,-32599,5026,-9656,32767
3854,-1360,13953,-186,-1688,6944
22121,-1392,9398,-9718,15112,11884
20601,-1376,-6615,-7674,3360,18296
15503,-1344,-9778,-6262,-1884,12368
19140,-1376,6741,-10526,-2304,8980
18746,-1360,8918,-11426,-1448,8020
17564,-1376,493,-11006,652,4532
17556,-1344,4572,-12054,-488,3508
19728,-1392,9519,-13398,-3036,1192
24709,-1344,-5834,-24334,-2216,-4956
26903,-1376,-32598,31818,2556,-8964
3317,-1344,12104,-16962,-4992,-2176
-8089,-1360,-4062,-23810,-1464,-4364
-5007,-1344,-3819,-21718,-3696,-4420
-2474,-1344,-1806,-20330,-4004,-3172
159,-1392,-2726,-21074,-3536,-4412
1657,-1360,-2561,-19594,-4196,-4260
-364,-1376,-2616,-17138,-3444,-3308
-2204,-1392,-1870,-16046,-3948,-2472
-2128,-1360,-3616,-15626,-4456,-2244
-1606,-1376,-2254,-16106,-3480,-1212
-598,-1344,-850,-15806,-3668,-948
2
-16738,-1360,-476,-17606,-4844,-20560
-32558,-1424,7579,-5938,-12304,-14272
-32558,-1344,27930,5330,-6816,-4340
-32558,-1344,-32598,31817,32467,-32768
-32558,-1360,-32598,31817,32468,32767
-32558,-1376,-32598,3870,4984,32767
13283,-1376,-32599,-3330,-17364,16652
15961,-1360,-32599,2154,-9052,11388
498,-1376,1226,-5174,3728,10180
16019,-1376,11885,-10082,10940,10532
17758,-1392,-281,878,-4036,14352
17312,-1392,2769,-7074,-1708,15124
15326,-1376,5364,-9662,-3172,10204
13719,-1376,-37,-12634,-1548,8412
15463,-1392,5770,-14902,-3392,5320
17157,-1408,5628,-15778,-2928,3076
20394,-1344,3420,-17718,-4272,468
24623,-1360,-1170,-27082,-2072,-1340
20325,-1376,-19207,31818,808,-6236
6373,-1408,2850,-21458,-5616,-6716
-4390,-1344,-2810,-23262,-5428,-5232
-6070,-1360,-9002,-22714,-5756,-4548
-3198,-1344,-8974,-20410,-5188,-5196
-1035,-1376,-5078,-18586,-5984,-4652
-328,-1360,-7265,-19290,-5532,-5748
-1963,-1392,-5082,-17774,-3996,-5636
-3167,-1376,1013,-15950,-3924,-3604
-3067,-1376,-3050,-15538,-4120,-2780
-2965,-1424,-3553,-16190,-3404,-1580
-2471,-1360,-1844,-16262,-3736,-764
-1414,-1376,-1435,-15886,-3672,-608
-672,-1376,-1344,-16398,-3716,-136
2
-32558,-1376,-30304,29258,7064,19164
-32558,-1408,-32598,31817,-10484,-18656
-9596,-1392,7405,-4826,-14676,32767
26794,-1360,-32599,2970,-10024,12892
566,-1376,13085,-3574,-7492,6220
11620,-1376,11596,-20370,21376,28908
17808,-1392,-1686,-1470,656,20484
19516,-1376,12356,-2578,-1152,16524
18176,-1344,4625,-6110,3204,14204
16649,-1360,-1390,-8214,632,7776
19014,-1360,2626,-11270,-1152,5388
18081,-1376,3610,-11814,-1556,2984
16913,-1408,393,-12438,-1376,1208
17367,-1392,-24,-14910,-2512,-348
19034,-1328,-2482,-23530,-3756,-6168
16498,-1376,-12214,-32354,-1888,-9084
-9067,-1360,-2574,-23594,-8700,-3868
-10571,-1344,-5397,-22214,-8248,-944
-10986,-1360,-11734,-21190,-8800,-260
-312,-1392,-4916,-17514,-10060,-3252
3238,-1376,8,-17766,-7136,448
1771,-1376,-4066,-17158,-6584,1056
563,-1360,-3710,-16386,-5328,284
1023,-1360,-2202,-15630,-4892,364
1044,-1376,-2215,-15502,-4368,212
556,-1360,-3072,-15954,-3764,92
-402,-1392,-3179,-16082,-3984,672
-317,-1376,-2449,-15970,-5112,872
-6,-1376,-2164,-16034,-4660,908
21,-1360,-2095,-16378,-4944,860
2
6241,-1344,14100,-26498,-6172,-32768
-13622,-1376,11847,-17870,-2160,-27156
-32558,-1376,4093,-11310,-4040,-17944
-32558,-1360,13466,-1906,-6648,-7696
-32558,-1376,30327,7210,1676,-2864
-32558,-1376,-8549,19754,5624,15088
-32558,-1360,-32598,31817,-15636,16404
-6709,-1360,-32598,8406,3148,15236
31224,-1344,-32599,-7670,-14356,22788
10459,-1376,-32599,-970,-6340,14892
17065,-1360,-4433,-6822,19508,15040
21271,-1360,-9079,-3698,-372,17896
14512,-1344,-8027,-6290,-1100,14396
14887,-1392,-3772,-5782,-2820,10064
20665,-1360,4996,-9198,-3556,5160
21301,-1376,5536,-12110,-2424,4176
19548,-1376,-1763,-13442,-3124,2080
20394,-1328,-5713,-13162,-3628,-1576
23932,-1360,-9047,-18758,-5032,-7016
21047,-1376,-32598,31818,-1900,-9448
-5564,-1376,-3979,-21614,-8560,-7068
-10658,-1360,-1762,-21994,-6256,-6892
-10881,-1360,2073,-21086,-8592,-5336
-8650,-1344,-2302,-20430,-7540,-5820
-6956,-1376,-3909,-21170,-8168,-3128
-5783,-1376,-1659,-20870,-6664,-2308
-3343,-1360,-4316,-18298,-7868,-2268
-370,-1376,-3590,-16902,-7020,-1956
975,-1376,-3371,-16770,-5764,-1472
510,-1392,-1891,-16442,-4636,-540
466,-1360,-1481,-15786,-4080,-656
310,-1376,-1549,-15586,-3696,-224
2
-24856,-1392,1528,-12134,-3920,-25144
-32558,-1392,2276,-7622,-8320,-16836
-32558,-1376,20588,-186,-1564,-10992
-32558,-1344,7283,13830,4388,5344
-32558,-1328,-32598,31817,32468,-32768
-20599,-1376,-32598,29126,-26272,32767
-5545,-1376,-32599,-13374,-12756,22036
24304,-1360,-32599,4854,-9396,26232
8840,-1392,16821,1922,-80,9620
22713,-1376,6723,-7058,14324,11920
22935,-1344,-3997,-3262,1136,18956
19242,-1392,35,-3502,-1676,14120
23279,-1392,4381,-7066,692,9424
21187,-1376,4816,-10330,-1440,7700
17952,-1376,3050,-11738,-520,4212
19932,-1392,4395,-15802,-1372,1056
20954,-1392,5588,-16950,-4032,-908
21235,-1344,284,-25086,-3848,-3656
19228,-1392,-17222,31818,1372,-10232
2796,-1392,4434,-23010,-7024,-2248
-9460,-1376,-8976,-24382,-3984,-4828
-8881,-1376,-5829,-21430,-7996,-4692
-6640,-1376,-4725,-18698,-10096,-4652
1864,-1360,-23967,-19138,-13092,-4776
3992,-1376,-798,-18734,-7668,-5676
3653,-1376,6655,-16454,-5620,-6056
2033,-1392,2571,-15954,-3560,-3900
-1781,-1360,-5455,-15910,-1320,-1864
-5802,-1376,-1464,-17042,-1016,-1348
-6250,-1408,4451,-16722,-696,-472
-567,-1360,-5220,-16270,-240,472
-1387,-1376,-2579,-16978,-2672,332
2
-32558,-1344,-21498,31817,-30020,-14736
-32558,-1360,-32598,26870,21452,32767
5747,-1360,31908,-2722,-9796,14040
19880,-1344,-32599,5002,-8684,11216
2669,-1344,-4645,-5066,5372,12820
-11757,-1408,23247,-14918,11648,9520
16305,-1360,11150,1014,5888,19496
17957,-1344,-3641,-3682,6612,16956
19004,-1376,-976,-5658,2624,14828
21191,-1424,-669,-8970,3100,10316
24083,-1360,2459,-12850,-852,6500
20523,-1376,2296,-13318,420,5912
15016,-1376,-7249,-13322,-1296,2784
17139,-1392,-9583,-18922,-3124,-1928
23936,-1376,-19215,-31270,-8000,-4684
19464,-1376,-24452,-22458,-8588,-5884
3531,-1360,-2539,-20058,-9136,-8160
-2116,-1392,3985,-19222,-11556,-6632
46,-1376,8644,-18210,-12132,-6872
4743,-1376,4244,-17210,-9768,-4628
5115,-1360,-6505,-17574,-9276,-6252
1353,-1392,-5818,-14894,-9784,-5512
-3910,-1376,-6084,-15086,-6992,-4532
-5072,-1376,-4357,-15102,-6088,-3572
-3756,-1360,-1314,-15558,-4572,-2264
-2375,-1360,-1491,-15754,-4116,-1900
-855,-1376,-3713,-15854,-4164,-1976
-353,-1376,-3342,-16102,-4236,-1664
-832,-1392,-2794,-15878,-5404,-1896
-329,-1360,-1627,-15834,-4820,-1920
-807,-1376,-1932,-16090,-4572,-1664
-1053,-1392,-1411,-15890,-4552,-1220
2
16847,-1392,7669,-5622,-2780,8544
19165,-1376,9396,-9422,-2312,7852
17663,-1344,7685,-11958,-1868,7312
16357,-1392,7947,-13818,-356,5280
15919,-1392,8406,-14062,-2228,4624
15032,-1408,2710,-17842,-2836,384
15842,-1376,-18950,-32554,220,-3712
9053,-1392,5927,-27838,-5468,-1668
-3056,-1360,-3566,-22842,-3856,132
-7994,-1376,-3132,-24918,-8660,-1100
-7796,-1376,3967,-20966,-7904,-836
-6512,-1376,-6826,-19490,-5856,-12
6575,-1392,11733,-21026,-10596,1876
6315,-1408,-2461,-18298,-6800,-940
4113,-1376,-5966,-16926,-7248,-2008
4695,-1360,-2805,-17266,-7716,-1976
1991,-1392,-4867,-16582,-5556,-932
406,-1376,-6237,-15198,-4744,-1160
630,-1376,-3517,-15434,-4796,-512
152,-1392,-1982,-15918,-3908,328
-539,-1360,-3370,-15566,-3892,668
-415,-1376,-3194,-15982,-4684,452
-377,-1376,-1330,-16334,-4760,720
-734,-1360,-202,-16278,-4668,940
-346,-1360,-998,-15834,-4684,364
32,-1376,-1206,-16290,-4524,624
63,-1408,-529,-16442,-4468,680
-321,-1392,-1224,-16254,-4528,804
119,-1376,-1075,-15678,-5000,540
75,-1344,-1121,-16238,-4688,520
-360,-1392,-957,-16026,-4408,240
2
-5095,-1360,7525,-21062,-5248,-29808
-32558,-1360,823,-12974,-5408,-21960
-32558,-1376,9937,-4074,-6768,-11056
-32558,-1376,31165,4242,-2296,-7064
-32558,-1360,-13670,28338,-4736,13976
-32558,-1376,-32598,31817,4776,-8056
-1903,-1376,-18424,-3610,-5712,32767
27480,-1392,-32599,1158,-15840,27428
3820,-1360,16311,-1422,-2556,8148
-7938,-1376,1504,-12182,13528,14712
9923,-1344,-6620,-3510,836,19028
13774,-1376,-9229,50,-456,14804
15552,-1360,-12103,-5838,-132,14508
14863,-1376,-11406,-6978,-1708,10028
18360,-1376,2817,-10030,-2956,5052
18825,-1360,9696,-11018,-3384,5620
16406,-1376,1917,-12530,-4956,3980
18339,-1392,-12341,-24470,-4284,-4128
24449,-1408,-31240,31818,-7812,-6772
8640,-1392,4637,-21550,-8676,-1064
-9661,-1392,9655,-19614,-10832,-2600
236,-1344,1421,-20358,-8288,-880
-4588,-1392,-4467,-19626,-7404,392
-7749,-1360,-2236,-17846,-5800,700
-4103,-1376,-411,-17370,-6000,1688
-3901,-1392,-1358,-17086,-3628,2312
-4387,-1360,-2670,-16618,-3156,3588
-3464,-1376,-2877,-15966,-2580,4396
-2349,-1376,-2382,-15858,-3440,4572
-956,-1360,-1144,-15982,-3816,5396
2
-32559,-1360,-32598,-19418,-9012,-32676
-7228,-1360,22876,31818,-8748,-32768
-27940,-1376,14474,-9046,-1956,-25588
-32558,-1360,-745,-6522,-4924,-13036
-32558,-1360,24278,1842,-3108,-9672
-32558,-1344,-327,23262,5264,13360
-32558,-1376,-32598,31817,32468,-18656
-32558,-1360,-32598,-4306,-5732,32767
17749,-1376,-32599,2446,-19608,17820
21316,-1408,-32599,4470,-6196,14836
12225,-1360,-22498,-4254,8152,14680
23214,-1392,-8743,-10842,-1216,16208
22042,-1408,-102,2718,-3220,18868
23177,-1376,-1364,-3982,-2604,13660
24270,-1392,-856,-8014,-4360,10596
22751,-1376,2440,-9078,-4200,6976
25556,-1376,5619,-11370,-4548,2420
30181,-1392,4014,-13810,-4168,884
30386,-1360,-219,-15846,-2056,460
25255,-1376,-3118,-18846,-3600,-1640
19349,-1376,-8012,-26082,-1768,-10012
5139,-1392,-9964,-29306,-3568,-10772
-4076,-1376,-5527,-21422,-3420,-6084
-6789,-1408,-7822,-22562,-5832,-7112
-4079,-1360,-3124,-20946,-6700,-9408
-7189,-1408,-5589,-18270,-6444,-6152
-9557,-1392,-8603,-18478,-7136,-6476
-8692,-1360,-3584,-17558,-6420,-4224
-8976,-1392,1965,-17038,-5392,-2160
-7352,-1344,-1212,-16546,-5220,-796
-4040,-1344,298,-16006,-4732,496
-1647,-1392,-1542,-15342,-4748,680
2
-32558,-1392,19097,5878,-3908,-3976
-32558,-1376,3375,18126,1780,9636
-32558,-1376,-32598,31817,-6956,32767
-26790,-1360,-32598,7658,-2820,22696
23816,-1344,-32599,-3362,-15040,12492
9583,-1408,-32599,-298,-8720,15204
-3726,-1360,-13866,-8318,8816,13252
17476,-1392,1045,-10186,5860,11804
15929,-1344,-10036,2786,-2264,16440
15628,-1360,-4288,-5198,-560,12560
16114,-1392,5849,-9390,-524,8800
12897,-1376,3127,-10874,-240,7796
10443,-1392,3492,-11050,-2004,4220
10643,-1392,13176,-12602,-2116,3828
13729,-1408,12611,-18734,-7252,1184
18843,-1376,-23057,31818,-192,-2496
16704,-1392,-115,-32190,-9836,-4824
-1583,-1376,-1316,-23042,-6096,2416
-6653,-1392,-32598,-24090,-1592,744
-2285,-1360,-10186,-22322,-11872,720
2788,-1376,701,-20654,-8300,-1512
6027,-1360,626,-20010,-7096,-1904
5820,-1360,-4533,-18842,-6092,-2144
4029,-1376,-7781,-17442,-4872,-3084
3544,-1360,-5129,-15506,-4372,-3120
3032,-1392,-2498,-14562,-5416,-2852
1456,-1376,-2155,-14434,-4568,-2460
-1004,-1376,-2440,-14530,-4928,-1204
-2278,-1392,-2290,-14742,-5024,-736
-1743,-1392,-852,-14978,-5540,-292
-1494,-1376,-312,-15410,-5548,104
-1792,-1376,-1688,-15946,-5208,532
2
-951,-1360,987,32642,-13792,-30476
-28327,-1392,-5059,-21442,-6496,-19632
-32558,-1376,8265,-14282,-7312,-12412
-32558,-1376,28677,-2306,-2972,-2560
-32558,-1376,7369,13370,3692,3456
-32558,-1392,-32598,31817,-18196,24568
-32558,-1376,-32598,6922,-3620,32767
11819,-1360,-32599,-11034,-20600,21880
17595,-1360,-32599,6342,-7288,13288
21165,-1376,-20655,-846,5960,6940
26941,-1376,-9961,-8986,1524,14492
17942,-1376,-6177,-2390,-6404,16392
13089,-1392,-6552,-5098,-4252,12680
16297,-1408,3437,-7702,-5216,7724
21153,-1376,6938,-9082,-2948,7352
21457,-1360,3395,-10598,-3764,4592
22799,-1376,6867,-13934,-4976,2412
23220,-1376,6643,-17198,-6484,656
20269,-1376,-2440,-22390,-6788,-1400
10923,-1360,-16244,31818,-2876,-4236
-8570,-1360,10806,-21822,-13452,-1548
-13871,-1376,5157,-20354,-9936,-2948
-9340,-1392,6715,-20338,-11120,-1976
3124,-1360,-6170,-21466,-11072,2968
6309,-1360,9758,-20674,-9144,-2392
3691,-1376,-4287,-18834,-7100,-728
3381,-1376,-7918,-16858,-7276,-960
3260,-1360,-3516,-17186,-7344,-1744
1795,-1360,-2960,-15246,-6024,-1168
247,-1376,-4511,-15398,-5016,-584
-1212,-1392,-3549,-16174,-4480,220
-2013,-1360,-556,-15470,-4792,304
2
22760,-1360,-32599,-6046,-12800,18596
-32559,-1376,-32599,5742,-12828,16936
10222,-1392,9779,-2542,-1152,4268
2991,-1344,14853,-11430,9468,5344
14352,-1360,386,-6146,1080,8016
11177,-1360,3328,-4566,-5568,12060
11927,-1408,1508,-7522,-1684,9288
16182,-1376,5970,-11902,-2316,5540
17557,-1376,9546,-13838,-3640,4860
15071,-1360,8641,-15874,-1464,3324
11540,-1376,3215,-18926,-1820,2532
9637,-1408,1001,-23158,-3944,-816
6650,-1392,-10321,31818,-1676,-3040
-1255,-1376,-6469,-28862,-4976,-2768
-14659,-1408,-5397,-25030,-7372,724
-11146,-1376,-31302,-23278,-8148,3376
-8076,-1360,-13808,-22214,-8512,-180
-4608,-1376,-325,-20182,-7900,392
-600,-1376,1682,-18882,-6328,1024
1759,-1392,-8170,-18630,-4732,1124
1364,-1376,-9782,-18018,-3136,1096
909,-1408,-5894,-16238,-3208,1120
739,-1344,-1437,-14918,-3032,1596
262,-1360,-934,-14882,-2620,2288
-1213,-1376,-1748,-15654,-3324,3644
-1352,-1376,-2616,-15818,-3144,3620
-114,-1360,-922,-16226,-3808,3680
84,-1376,649,-16894,-3576,4032
-78,-1376,-22,-16882,-3120,3592
485,-1376,-1098,-16674,-2828,3640
592,-1392,369,-16830,-2820,3756
297,-1360,874,-16126,-2700,3460
2
-15497,-1360,5527,-14202,-5908,-28048
-32558,-1376,-5065,-7298,-7296,-18612
-32558,-1376,13858,-2162,-6620,-9484
-32558,-1360,26570,4738,3408,-2912
-32558,-1360,-32598,31817,-29776,-2648
-32558,-1376,-32598,31817,17324,30724
-18963,-1408,-10555,-8170,-13676,24196
27127,-1392,-32599,6658,-15184,14932
10277,-1376,984,-666,-896,9708
6051,-1376,-28146,-17214,10772,16872
22095,-1360,-3192,-5226,-10476,23116
26068,-1392,3910,2522,664,17780
28360,-1344,1227,-7066,-3176,16128
27851,-1392,4714,-7150,-2480,10744
27809,-1360,2914,-10430,-1924,6812
27480,-1408,-273,-12254,-2136,2728
29829,-1344,-1419,-12970,-820,-120
31125,-1392,-5919,-13494,-2492,-3384
-32559,-1376,-12957,-18866,-3980,-8660
21184,-1376,-29509,-32090,1664,-14132
2666,-1392,15193,-21854,-4440,-8468
-2521,-1376,-6665,-17526,-2548,-7228
404,-1376,-2215,-18170,-6584,-10156
-777,-1392,2891,-16114,-7056,-8696
-3382,-1360,2723,-16438,-7248,-9544
59,-1376,-13,-16010,-6876,-9460
-1963,-1376,-825,-15606,-7748,-7836
-4790,-1392,-4035,-16966,-5676,-6908
-7542,-1376,-1947,-17454,-5492,-5108
-8977,-1376,1979,-16002,-5308,-4236
-6325,-1360,-1547,-15210,-5452,-3928
-3301,-1376,-2953,-15258,-5452,-2812
2
-32558,-1360,31569,3722,-3760,-9564
-32558,-1392,-29906,30450,-3764,13308
-32558,-1344,-32598,31817,696,32767
-20319,-1360,-2553,-1670,-17800,32767
23646,-1360,-32599,4230,-18884,18852
5648,-1376,15227,282,-3508,12724
4230,-1376,-16263,-17954,14700,23264
17908,-1392,1594,-7082,-4412,21444
26044,-1376,7639,3158,-728,17972
29115,-1376,3630,-3758,-404,15064
26149,-1392,4394,-8318,-944,11372
21417,-1360,4073,-9474,-1360,8396
23157,-1376,2719,-9122,-544,3072
25772,-1376,5090,-11742,-1128,1944
24782,-1392,-119,-12902,-808,1344
24083,-1392,-7239,-13474,-2280,-3156
25657,-1376,-10872,-26382,-1032,-9292
10602,-1360,-19075,-31102,-3728,-9744
-7659,-1344,-8833,-20082,-2796,-4720
-6924,-1376,-14535,-23502,-4844,-6884
-682,-1376,-4654,-22126,-4768,-7900
-2426,-1360,-11009,-20658,-2516,-5792
-2929,-1376,-14679,-20738,-2712,-7956
-2462,-1376,-5184,-18458,-1760,-6976
-3871,-1376,-2555,-16618,-660,-3208
-4039,-1376,-194,-17090,-536,-1888
-3322,-1360,2019,-16710,-932,-1200
-2246,-1360,2164,-16422,-1584,-52
-897,-1376,-181,-16386,-1980,-16
527,-1376,450,-16430,-2236,120
2
27784,-1392,-301,-25494,-3964,-12596
-32559,-1392,57,-24734,-4416,-18776
-32559,-1376,3934,-23670,-5312,-28008
-32559,-1376,-25711,-17794,-2916,-32768
11180,-1360,15091,-21218,-6980,-32768
-15591,-1360,4451,-11894,-5588,-31416
-32558,-1376,1198,-5850,-5756,-25264
-32558,-1344,16534,-330,-2572,-18164
-32558,-1392,19200,7822,-3196,-5220
-32558,-1376,-32598,31817,-23128,360
-32558,-1376,-32598,31817,21260,5392
-3924,-1392,21614,-10510,-16220,32767
26702,-1360,-32599,4706,-15452,32767
-2026,-1344,8900,-2274,-4456,6376
9878,-1376,4704,-18218,17168,22788
21994,-1392,-800,-2318,-136,20676
23031,-1376,640,-938,-2112,18784
24807,-1376,1082,-4846,-1612,13632
24872,-1392,3930,-9690,-1628,10360
22576,-1392,4493,-9854,-2120,7676
23485,-1376,4406,-10746,-3100,3196
24777,-1376,3484,-11966,-1508,1052
26212,-1392,-323,-12930,-2996,-1480
28907,-1392,-12117,-19450,-4412,-7948
27334,-1344,-32598,31818,-1772,-12740
1310,-1376,10406,-18646,-7408,-4396
-9367,-1392,-8064,-21698,-2756,-6996
-6977,-1360,-7322,-20222,-6548,-8092
-4384,-1376,-5449,-21406,-6968,-7864
-2754,-1360,-5151,-20274,-7696,-9060
-5280,-1328,-6310,-17978,-7128,-7396
-8039,-1360,-4559,-16602,-6760,-6228
2
-32558,-1344,-1991,-7166,-5232,-23368
-32558,-1376,10661,-118,-7356,-15960
-32558,-1392,13454,3302,-3880,-3720
-32558,-1376,-23459,15766,-4300,3624
-32558,-1376,-32598,31817,-32100,14720
-14206,-1392,-32598,5742,-30792,32767
17277,-1392,-32599,-8690,-3888,19492
12024,-1376,32589,2386,-9404,13284
13597,-1376,-10822,-13290,16048,21048
21385,-1360,2121,-12666,7044,17132
17173,-1408,-2094,-4854,-3748,17736
15515,-1376,1850,-5326,-1148,14588
16168,-1360,6519,-8762,-3208,8512
18107,-1328,1724,-11870,-2412,7092
18725,-1376,-1194,-11858,-4560,4068
22513,-1392,3425,-13414,-5384,1608
23041,-1360,-802,-15030,-4308,-232
21365,-1360,-12390,-16362,-4884,-3252
19889,-1408,-11164,-23730,-5916,-8400
11368,-1344,-13718,-31666,-3544,-9312
-8714,-1392,-9750,-22454,-6164,-7224
-10579,-1360,-3199,-20410,-6892,-7652
-10219,-1376,-4386,-18994,-7340,-4692
-8912,-1392,-9269,-19454,-6396,-5248
-6627,-1392,-2622,-18854,-5528,-3032
-5238,-1408,-1768,-18486,-4240,-2192
-2610,-1376,-3020,-17478,-4192,-1960
-1244,-1392,-4799,-17014,-3272,-1076
-800,-1360,-4100,-17230,-3016,-1240
-194,-1344,-2066,-16606,-2804,-1516
-1426,-1376,-2601,-16498,-2644,-264
-1947,-1392,-2758,-16326,-3732,672
2
15529,-1376,15697,-23370,-10208,-32768
-5757,-1344,13665,-15214,-2656,-30380
-32558,-1376,6622,-10142,-6008,-24532
-32558,-1392,8223,-2398,-6368,-14132
-32558,-1344,26726,3850,-2040,-10872
-32558,-1408,2238,20098,4904,16196
-32558,-1376,-32598,31817,32468,2508
-20365,-1392,-32598,19354,-11448,32767
12089,-1376,-32599,-502,-24388,15768
14441,-1376,-32599,2438,-2232,32767
12059,-1392,-19856,-11590,12136,24000
23693,-1360,-736,-3958,1500,20592
22003,-1408,5519,242,-5688,15760
22379,-1376,4516,-4106,-1672,13144
22799,-1392,7421,-7326,-2112,9268
24609,-1376,2557,-10162,-1964,5584
23536,-1344,364,-12722,-2272,3324
23268,-1392,82,-15254,-2756,2632
25946,-1360,-4426,-17270,-6272,-3504
30509,-1376,-32598,31818,4100,-8344
10369,-1376,-2009,-23646,-9552,-8976
-9527,-1360,-3166,-22450,-1872,-8240
-9474,-1376,-12876,-20102,-5488,-6420
-7248,-1344,-12067,-20698,-5964,-6716
-3927,-1392,-8666,-21650,-4544,-6644
-6018,-1424,-1329,-20218,-4668,-6064
-6625,-1376,-980,-18034,-5800,-6748
-4691,-1376,-1944,-17586,-3476,-4544
-6086,-1360,-191,-17830,-2320,-1956
-7446,-1392,2220,-17298,-1384,-924
-6782,-1408,2677,-16746,-728,368
655,-1392,1835,-15866,-1312,1680
2
-32559,-1408,-32598,-15090,-3500,-26788
-1809,-1376,16399,-23802,-12908,-32768
-18912,-1360,2537,-12810,-4644,-25784
-32558,-1392,2748,-12714,-7316,-20552
-32558,-1376,2865,-5654,-3536,-9876
-32558,-1376,16427,2022,-796,-3516
-32558,-1360,-32598,26838,-4288,5704
-32558,-1376,-32598,31817,9068,-32768
-27025,-1376,2870,-13770,32468,32767
23269,-1360,-32599,6802,-3984,9412
12915,-1360,13251,3766,-4296,8624
12100,-1376,-13614,-12286,11964,18444
21926,-1408,161,-4510,-6676,16740
23001,-1392,3626,1850,-3304,15900
26523,-1360,5290,-3470,-3424,11736
27946,-1344,10682,-8270,-1768,10724
23472,-1360,7392,-8778,-2256,8244
24573,-1392,8081,-10550,-2160,3676
28014,-1376,10025,-14470,-2916,2176
26571,-1376,4719,-17466,-2584,2604
22855,-1360,-402,-18434,-2388,-1936
22891,-1360,-2884,-25538,-3716,-7628
18732,-1376,-23365,-32394,-2080,-9608
-1764,-1376,-11482,-21874,-6576,-6228
-8675,-1392,-5016,-20758,-8180,-8088
-7713,-1376,-2431,-17250,-7320,-8368
-4251,-1376,-6012,-16750,-8364,-7464
-282,-1360,-6715,-17206,-6440,-7004
227,-1392,-2771,-17762,-5060,-5684
-1995,-1376,-2413,-17490,-4412,-4672
-3524,-1376,-1586,-16450,-3756,-3944
-3967,-1424,-1580,-15838,-3168,-3004
2
-32559,-1392,-24412,-15206,-6208,-32548
-1743,-1360,9375,-24682,-9712,-32768
-24901,-1376,7242,-10842,-3376,-28384
-32558,-1376,1453,-6698,-5216,-20368
-32558,-1360,9899,-570,-6356,-7288
-32558,-1360,14911,4670,-2168,-10592
-32558,-1344,-32598,31817,-9620,15284
-32558,-1392,-32598,31817,31888,20340
-4866,-1392,24311,-5350,-20868,32767
32183,-1376,-32599,2806,-23052,5768
6127,-1344,15476,-2010,-4820,488
9959,-1360,-25584,-13334,13156,15024
21808,-1392,4410,-2582,-9524,16720
22305,-1376,5971,-2450,1552,16760
19889,-1376,295,-6342,-684,16004
21727,-1360,8248,-8190,-1436,11104
22646,-1408,5672,-10370,-192,10488
20286,-1376,2275,-12798,-856,7904
18713,-1376,6532,-13182,-2428,5004
17921,-1360,7552,-13638,-3220,2080
22105,-1376,-587,-20330,-7860,-2708
27850,-1408,-32598,31818,1200,-8276
13550,-1392,2587,-20126,-8808,-2604
-5603,-1360,-1466,-22322,-4440,-4708
-8364,-1376,-4951,-19178,-6824,-4804
-8307,-1344,-10484,-18090,-5872,-3292
-6415,-1392,-11097,-18974,-5504,-3416
1788,-1392,2568,-21530,-6900,-5772
1081,-1408,-703,-19246,-4568,-4232
-1452,-1344,-3278,-18378,-3976,-3904
-1545,-1360,-3817,-17814,-2512,-2712
-134,-1392,-1373,-17298,-1336,-1388
2
-32558,-1376,-32598,31817,-12144,-5420
-32558,-1408,-32598,31817,-2456,3204
-21987,-1392,25418,-16438,-19552,32767
28616,-1408,-32599,8818,-12156,20364
9586,-1344,12307,286,-252,10964
15093,-1360,-6256,-13774,12388,18204
22272,-1392,182,-862,-5040,19104
21983,-1376,3053,-4250,-2048,17952
23005,-1344,5572,-6670,-3156,13788
25066,-1376,8794,-9542,-1800,9640
22400,-1360,5356,-10870,-2572,8116
19643,-1376,5177,-12282,-2276,4336
22526,-1408,6017,-15218,-1596,2320
21644,-1392,3894,-16514,-1808,1552
19920,-1360,200,-17002,-4132,-1500
18429,-1376,-4644,-23674,-3600,-5656
15377,-1408,-12081,-29106,-3296,-8068
2898,-1360,-8683,-19918,-7616,-4696
-3671,-1360,-14654,-21618,-7976,-6648
-4892,-1376,-8093,-21214,-7508,-6316
-7257,-1376,-7341,-18182,-6932,-4656
-887,-1360,-10799,-16470,-7784,-5680
2943,-1360,-4194,-15902,-6016,-5308
-775,-1376,-3731,-15918,-5468,-4440
-3406,-1344,-2183,-15534,-4720,-4036
-4302,-1408,-4587,-15534,-4120,-3068
-4184,-1360,-4342,-15514,-4544,-2456
-3709,-1376,-1709,-16022,-4752,-1476
-2046,-1376,786,-16078,-4268,-1304
-1637,-1360,-1423,-16494,-4208,-1100
-1081,-1392,-2620,-16590,-4448,-580
-238,-1376,-528,-16270,-4812,-1020
2
1457,-1360,8533,-18390,-5292,-32768
-32558,-1392,-4528,-13314,-3516,-28012
-32558,-1376,6522,-6126,-7912,-22040
-32558,-1344,-32599,6126,-2316,-14416
-32558,-1392,-27270,25830,596,17416
-32558,-1360,-32598,31817,8800,-18776
-7870,-1376,-32598,1382,32468,32767
-32559,-1376,-32599,-7518,-30840,11240
14274,-1344,-32599,-586,-8680,10368
-6502,-1392,3107,-11082,3552,17164
15254,-1376,26086,-12214,-1148,13460
20940,-1376,9335,-182,1752,17020
21353,-1360,345,-4266,-1672,14788
22459,-1360,11217,-6258,-764,10256
24117,-1376,11219,-8518,2204,7304
20526,-1344,1230,-9670,732,5640
20947,-1360,-252,-11470,1004,464
24270,-1360,991,-14286,600,-224
24198,-1408,-511,-16070,-1428,-2924
22797,-1376,-6150,-20262,612,-6968
14801,-1360,-21048,-30590,4024,-10052
-6198,-1392,-6003,-24390,-4352,-5804
-10784,-1344,-11027,-21126,-308,-6984
-4970,-1376,-9587,-21978,-1612,-7000
-1216,-1376,-7491,-23298,-2408,-6000
-712,-1392,-6299,-22162,-620,-4856
-2689,-1376,-5848,-19930,-2148,-4016
-1420,-1376,-2932,-17654,-2396,-4216
465,-1392,-2637,-16766,-2940,-3596
341,-1392,-1920,-16170,-2504,-3316
-808,-1376,-648,-15426,-3616,-3408
-2406,-1376,407,-15354,-2788,-2148
2
23608,-1376,-30463,-18338,-2120,-30608
8643,-1376,15719,-20094,-240,-32768
-5062,-1376,7309,-13794,-2668,-32768
-32558,-1360,-5249,-9078,-1816,-26056
-32558,-1376,4040,-3218,-5448,-16360
-32558,-1376,-32599,5834,-1864,-12724
-32558,-1360,-27434,31817,6440,20168
-32558,-1376,-32598,31817,6864,-5972
-32558,-1408,-32598,-3466,-21992,32767
-32559,-1376,-32599,9602,-20336,3544
8233,-1360,-32599,1074,-7448,6888
-6943,-1360,-13243,-13450,6996,16256
19561,-1376,7375,-12634,-516,20596
17900,-1376,1157,1830,-792,20620
20742,-1376,5540,-2974,-2256,14768
21118,-1360,7409,-10254,-2608,12680
16045,-1392,4292,-10546,-2860,11192
16587,-1376,1920,-9938,-2484,4280
22507,-1408,5987,-11734,-1860,1900
26805,-1376,6630,-12638,-2916,724
31419,-1408,-7298,-19342,-3060,-5884
29562,-1360,-29338,-30722,3872,-8192
6235,-1376,11245,-22638,-3768,-2328
-4503,-1376,-11915,-22262,1160,-5752
-2771,-1408,-11799,-20830,-2500,-7848
-1837,-1392,-14918,-22434,-1024,-6648
-5772,-1392,-15086,-21918,120,-4772
-8918,-1344,-8706,-20450,-540,-3380
-7231,-1408,-2355,-19682,-420,-3480
-642,-1376,-2540,-18778,-1280,-3096
3088,-1392,-6988,-17698,-1288,-2520
1326,-1392,-6356,-16770,-2072,-2104
2
-1424,-1392,12304,-19130,-3292,-32768
-32558,-1376,29658,3270,-1268,-8012
-32558,-1360,-4768,17710,-1440,10524
-32558,-1360,-32598,31817,1112,-780
-32558,-1408,-32598,10386,32468,32767
17016,-1344,-32599,-4438,-16040,9264
8128,-1360,-32599,-118,-6380,21252
249,-1392,-32598,-13806,12780,24304
16748,-1376,-3357,1142,-12708,21048
24596,-1376,17951,-338,-1324,18252
24541,-1392,6076,-690,-1656,18656
24535,-1392,6744,-4150,-680,13144
27760,-1408,9879,-6874,380,9976
30152,-1344,4006,-10106,-1932,6228
31547,-1376,-5419,-11590,-1236,2048
-32712,-1392,-8075,-15218,-1096,-424
-32559,-1376,-6049,-16778,-5252,-7664
-32559,-1408,-18577,-27190,-1780,-11888
15140,-1392,-23239,-27542,-2028,-16508
-1659,-1392,-2251,-20606,-1696,-11372
71,-1376,-2427,-17834,-2852,-12936
3643,-1376,-7895,-17346,-3312,-14060
-1000,-1392,-8964,-16742,-4876,-12836
-4334,-1360,-7413,-15878,-4052,-11492
-8501,-1376,-4068,-16142,-4172,-8776
-11981,-1392,-240,-15974,-4016,-6496
-12197,-1376,616,-16210,-3060,-4872
-10523,-1408,1335,-16066,-3012,-2712
-7896,-1376,2748,-15882,-2792,-1980
-3637,-1392,1287,-16306,-2656,-1468
2
436,-1392,14773,-19910,-2856,-27256
-11682,-1376,4431,-15298,-3464,-26192
-32558,-1360,-1721,-12102,-1008,-18872
-32558,-1408,3563,-5346,-4516,-12680
-32558,-1376,14404,1318,-3912,-8872
-32558,-1392,-16016,18270,5024,11088
-32558,-1376,-32598,31817,-13608,-25544
-27363,-1376,-29545,-6342,32468,32767
4924,-1344,-32599,-4854,-1364,13388
6942,-1392,27882,5450,-10148,7812
13159,-1376,-5942,-10322,15164,18536
20086,-1376,-8724,-2198,-4492,19504
21968,-1360,6178,-458,-3824,17212
21938,-1360,2869,-3426,-1348,17504
21718,-1376,11706,-7078,-1796,13164
22945,-1376,15632,-9718,308,9168
23644,-1360,5457,-10494,-572,5576
22062,-1392,-338,-13942,-1068,4204
25532,-1376,3579,-15322,-2152,-2020
-32559,-1376,-5339,-26246,-3124,-8724
30972,-1360,-27841,-29070,2040,-8392
5518,-1392,8124,-16590,-4600,-5636
-1728,-1344,-1887,-19110,204,-4756
-2243,-1344,-6882,-20982,-2680,-8636
2494,-1408,-5254,-20738,-7244,-10948
-1929,-1360,884,-19758,-9960,-9500
-8964,-1344,-6359,-18966,-9580,-8676
-12849,-1376,-5024,-20174,-5796,-4428
-13782,-1360,2570,-17866,-3692,-1200
-639,-1360,7471,-14718,-3404,-3680
365,-1408,177,-16090,-1044,660
-93,-1376,-2231,-16218,-2860,512
2
2618,-1392,6366,-21426,-5420,-32768
-32558,-1360,3341,-11522,-1016,-28948
-32558,-1344,4488,-5558,-4988,-24512
-32558,-1376,12579,702,-3496,-12408
-32558,-1376,18467,14626,1180,3536
-32558,-1392,-32598,31817,32468,-32768
-7451,-1360,-32598,18994,-6728,32767
10369,-1376,-32599,-12218,-15512,29288
13073,-1360,-32599,4994,-5520,17044
188,-1360,-10800,-8866,7088,20596
20307,-1376,6116,-1782,-2028,16968
18780,-1392,2704,-4334,-116,11104
20544,-1360,-974,-7194,-972,7620
23324,-1376,2137,-9490,-1340,4008
24456,-1376,1968,-11426,-2612,3192
23499,-1392,-3312,-11842,-2024,152
24782,-1392,-11065,-16706,-4652,-4420
26432,-1376,-24955,31818,-1904,-8212
1575,-1408,-2474,-23438,-6284,-2272
-12966,-1376,-11707,-23262,-6352,-5964
-11064,-1360,-468,-22526,-10808,-7980
-10689,-1344,3773,-19966,-10584,-6528
-2808,-1376,-1708,-20578,-7028,-5820
504,-1392,-3457,-18782,-7912,-4188
-1778,-1360,-3605,-18218,-5836,-3052
-5303,-1376,-814,-18726,-4016,-1176
-6476,-1376,-1625,-16466,-3360,952
598,-1360,-3982,-15322,-3564,224
1189,-1392,-1806,-16558,-3648,1000
694,-1376,-765,-16122,-4584,596
2
5969,-1360,19160,-25174,-5360,-25796
-12710,-1392,2863,-18702,-5012,-20524
-32558,-1344,-3170,-11434,-7044,-16840
-32558,-1376,3016,-2882,-6052,-11800
-32558,-1360,18586,3870,-1944,-5260
-32558,-1360,-24000,22466,-5120,4032
-32558,-1376,-32598,31817,-6892,26736
-23793,-1376,-28519,-898,-21656,11524
12221,-1376,-32599,6386,-9220,17076
11393,-1360,11386,3050,1328,16352
17451,-1360,-14897,-8366,10544,21016
22006,-1344,558,5318,-7804,18664
22172,-1376,1976,-2226,-1880,16196
20888,-1392,-2661,-5150,-4700,14824
22339,-1376,8310,-7222,-2248,8664
25232,-1376,3915,-8322,-1772,6020
25068,-1392,-2866,-11494,-3240,4812
24985,-1392,-981,-15126,-2280,3296
28045,-1408,4397,-16130,-2708,-3240
-32668,-1376,-26081,31818,1948,-6696
16989,-1392,-5773,-27578,-4640,-6520
-87,-1392,-3752,-22198,-1852,-4196
-3068,-1376,-4274,-23106,-3864,-5964
788,-1376,-3016,-21938,-3876,-6556
2088,-1360,-8813,-20890,-3848,-5668
1283,-1360,-8514,-19414,-4780,-6872
583,-1408,-4131,-17154,-5248,-7064
-906,-1360,-6234,-17366,-3376,-6156
-3639,-1360,-4350,-17786,-2536,-4580
-5805,-1376,1527,-16666,-1548,-2860
-5711,-1376,3157,-16178,-1700,-2080
-4549,-1360,2386,-16522,-1420,-408
2
-28170,-1376,-32598,31817,-1072,29092
-6338,-1376,-8426,-7086,-13344,32767
21764,-1408,-32599,3522,-10188,23316
17480,-1360,7706,3386,3544,14036
26643,-1376,-9891,-5490,11152,16628
27576,-1376,-7964,-5214,-5440,17352
23213,-1392,-3028,-6914,-3080,14476
22590,-1376,-171,-7330,-2800,9964
22231,-1376,334,-10734,-3116,7592
23363,-1376,-1193,-13274,-4004,3920
26736,-1392,-1114,-15066,-2452,1172
28047,-1376,1449,-16766,-2972,-1828
27347,-1376,-3229,-17638,-3528,-4620
20798,-1392,-10273,-20522,-3180,-6456
10323,-1392,-3343,-22414,-4952,-6124
877,-1376,-986,-21706,-5112,-6164
-3608,-1408,-4605,-19138,-6616,-7804
-4634,-1392,-2171,-18314,-9208,-8112
-2409,-1360,58,-18990,-8540,-8552
-1112,-1376,-4281,-19134,-7556,-6600
-2428,-1376,-6030,-16914,-7580,-6740
-3936,-1360,-4199,-17434,-5764,-5148
-5178,-1376,-2392,-16974,-4448,-3252
-4721,-1376,-1433,-15978,-3448,-2752
-2966,-1392,1195,-16206,-2388,-1856
-1306,-1360,-486,-16550,-1980,-1072
-274,-1376,-819,-16314,-2400,-1436
-826,-1344,-1900,-16334,-3352,-1032
-2350,-1392,-558,-16154,-3976,-316
-2560,-1392,-1250,-16010,-4320,-224
-1203,-1376,-1710,-15942,-4112,-168
1154,-1376,-472,-16114,-4496,-480
2
