-32559,-1360,12365,14218,-11192,10728
-32559,-1360,-32599,18186,30556,-900
-32559,-1344,23908,26906,24712,-1460
-32559,-1376,-23741,19838,4012,-8996
-32559,-1360,-32598,20302,-3344,-17756
-32559,-1360,-21367,25786,-11080,-19296
-32559,-1344,-22689,9530,-4684,-18320
-32559,-1360,-18325,13646,-9588,-32616
27649,-1392,-13384,14602,7672,-32324
17615,-1344,-5909,-3874,-68,-29944
19387,-1408,-23010,-3202,-14912,-30560
-3218,-1360,-15652,1818,-6300,-27528
-5816,-1360,-1039,-1158,-10108,-21296
6482,-1376,-4945,3034,-2512,-19720
2869,-1360,-5690,766,-376,-16032
-9093,-1360,5045,-210,1360,-16704
-6360,-1376,6854,1074,948,-14120
1226,-1392,-8222,2578,864,-14224
566,-1392,-8069,1102,672,-14188
-1671,-1376,-950,1982,-148,-14148
-914,-1376,-1833,2290,372,-13748
-1406,-1392,-1744,1386,772,-14320
-1383,-1376,-998,1422,1172,-14368
-723,-1376,-2986,1286,1416,-14428
-1125,-1392,-3767,1122,1288,-14456
-1134,-1392,-2237,1026,1192,-14940
-1001,-1376,-1108,738,1352,-14480
-758,-1360,-1393,602,1660,-14568
-457,-1392,-1408,734,1712,-14596
-720,-1376,-1302,898,1608,-14888
-1096,-1376,-1527,878,1776,-14768
-1248,-1392,-1674,750,1808,-14600
3
-32559,-1376,-27705,13194,6188,26356
-32559,-1408,-9761,15382,4560,8404
-32559,-1392,28928,18458,380,-448
-32559,-1360,26858,24250,16692,-3848
-32559,-1376,-6431,20662,11192,-9088
-32559,-1408,-17552,13362,-1280,-18748
-32559,-1392,-6305,15966,-6736,-20152
-32559,-1360,-32598,16874,-2952,-25592
-32559,-1376,-7485,18358,-5544,-30520
-32559,-1408,3545,19962,-6220,-26248
22559,-1360,-15708,13850,1856,-29476
12615,-1392,4627,14982,-5524,-24268
1587,-1376,-2263,9422,-8992,-20348
81,-1408,-6454,2798,-6360,-20460
3416,-1392,-6864,7234,-4732,-19424
2340,-1360,-2267,4918,-2284,-18824
-2112,-1376,-1039,5074,-1672,-18600
-4078,-1408,-1995,5486,-888,-16804
-5806,-1360,-3386,5654,-856,-16420
-7535,-1392,-2352,4798,-320,-15232
-8150,-1376,-1409,4898,244,-14016
-7649,-1376,-1765,4758,412,-13180
-6531,-1360,-3206,4594,620,-13148
-4620,-1360,-1798,4574,236,-13324
-3100,-1376,-1012,4142,500,-12936
-2707,-1376,-1625,3814,848,-13332
-1212,-1360,257,3962,604,-14204
-985,-1408,852,3578,880,-13800
-1659,-1376,-464,3378,1252,-13852
-1653,-1344,-992,3214,960,-14288
-1961,-1424,-1030,3042,708,-13972
-1766,-1408,-852,2942,708,-14076
3
-32559,-1408,-23057,14102,1832,32767
-32559,-1376,-32598,17218,8248,22076
-32559,-1360,5270,20314,3276,-4084
-32559,-1392,-32599,31542,6660,-9288
-32559,-1408,-32599,18598,21464,-21884
-32559,-1408,-15838,11478,11820,16244
-32559,-1424,-32598,17442,2204,-28280
-32559,-1360,-6975,28906,-9512,-32628
-32559,-1376,-26532,18910,-12436,-32768
23068,-1392,-32598,10622,2376,-32768
17135,-1392,15520,17266,-1948,-25932
15149,-1376,1015,9534,3144,-17356
12875,-1376,-4274,4586,-2148,-20892
9101,-1392,1893,7778,-2364,-20084
4958,-1376,-753,4618,-2116,-19588
3956,-1376,-4630,6142,-912,-19060
704,-1424,-92,5166,632,-18272
-2076,-1376,-923,4774,928,-18144
-3083,-1408,-2346,5230,924,-16660
-4640,-1408,-1611,5418,548,-16008
-5879,-1392,-1112,5714,628,-15168
-6233,-1376,-354,5490,1148,-14696
-6208,-1392,1289,5010,1580,-13988
-5394,-1392,544,4906,1684,-13712
-4337,-1376,668,4570,1696,-13388
-3663,-1408,1133,4150,1504,-13404
-3039,-1376,644,3742,1424,-13376
-2376,-1376,512,3902,1492,-13436
-2045,-1408,566,3754,1444,-13568
-1916,-1392,450,3818,1360,-13656
-1713,-1392,48,3514,1616,-13672
-1290,-1408,335,3478,1256,-13988
3
-32559,-1392,5357,16282,13828,-4616
-32559,-1392,-10003,15998,-1300,-18660
-32559,-1376,9542,16758,-8956,-21836
-32559,-1376,-25577,31817,-6852,-31156
-32559,-1408,-32598,25278,4280,-32768
-481,-1408,-1705,6054,-7364,-21900
-877,-1376,-346,6298,-6316,-20876
-1376,-1424,1256,4302,-7040,-18600
1501,-1424,-3570,4434,-3948,-17680
506,-1408,-1115,4270,-2792,-16652
-1146,-1408,2095,3290,-2084,-15076
-1394,-1408,-2389,3354,-1448,-14860
-844,-1392,-2181,4994,-1432,-15264
-1408,-1376,-454,4226,-744,-14328
-2212,-1376,-596,4338,-108,-13760
-2636,-1392,-3463,3838,-136,-13588
-652,-1392,-422,4522,-412,-13700
-417,-1440,-1179,3810,-264,-13568
-654,-1440,-1874,3978,-36,-13132
-419,-1440,-3622,4130,-196,-13700
-178,-1424,-2884,4418,-416,-14504
-144,-1392,-1130,4250,168,-14668
-342,-1408,-802,4026,280,-14464
-484,-1376,-1199,3866,168,-14236
-514,-1392,-1071,4026,28,-14172
-441,-1392,-833,4090,-52,-14548
-446,-1408,-652,3770,304,-14144
-436,-1408,-492,4034,348,-14060
-435,-1408,-504,3950,204,-14068
-219,-1392,-826,4050,224,-14076
3
-32559,-1408,-1023,20714,-7656,-25020
-32559,-1408,-29806,31510,-22484,-32512
-32559,-1392,-24011,4310,19392,-10648
22477,-1392,6862,19134,-6772,-23404
4705,-1408,-6333,11722,11160,-22852
6406,-1408,-1801,3602,-6480,-23612
9010,-1408,3479,6314,-3520,-18508
572,-1392,-37,4630,-5820,-17276
857,-1408,-4715,1538,-3500,-18124
4133,-1408,-3328,4982,-2712,-17192
870,-1392,-1457,2442,-792,-16720
-1687,-1392,-480,2518,-1116,-16740
400,-1440,-1319,4034,-1064,-15708
-871,-1408,-1926,3706,-920,-15340
-2528,-1424,-1306,4358,-936,-15116
-1961,-1424,110,4518,-640,-14680
-2029,-1408,-265,3890,-124,-14024
-1928,-1408,-1845,4026,8,-14144
-1446,-1392,-256,3894,-340,-14232
-793,-1392,732,3890,120,-14392
-898,-1408,-209,3578,280,-13752
-1574,-1392,-1331,3326,228,-13904
-1304,-1392,-849,3538,44,-14200
-887,-1424,-916,3374,-32,-14184
-785,-1424,-1030,3262,-120,-14448
-806,-1376,-796,3122,-104,-14320
-887,-1424,-940,3058,-44,-14180
-432,-1392,-671,3386,44,-14500
-185,-1408,-283,3214,164,-14288
-292,-1408,-419,3342,172,-14352
3
2090,-1408,1762,7138,-4772,-19872
1465,-1424,1651,6698,-5280,-19004
1426,-1424,-1145,5878,-4068,-18040
-1674,-1392,-1591,6782,-2576,-16896
-4818,-1440,-1369,6430,-1648,-15860
-5259,-1440,-1805,5662,-1448,-15432
-4027,-1424,-467,5458,-1152,-14552
-2988,-1392,74,4814,-844,-13720
-2740,-1408,-705,4878,-668,-13352
-2183,-1440,-1204,5362,-756,-13608
-1252,-1392,-90,5318,-404,-13540
-766,-1424,209,5262,-272,-13596
-584,-1408,-113,5062,-384,-13756
-598,-1440,-281,5102,-228,-13808
-467,-1408,250,5110,-556,-13740
-294,-1392,592,4774,-204,-13536
-272,-1440,-399,4614,-392,-13412
21,-1440,-993,5046,-380,-13452
364,-1424,-253,5086,-452,-13944
43,-1392,-639,4930,-432,-13800
-337,-1440,-1040,5030,-560,-13848
-399,-1408,-737,5114,-532,-14124
-86,-1424,-315,5010,-500,-13984
-189,-1424,-209,5042,-252,-13988
-568,-1408,-632,5066,-536,-14088
-520,-1440,-317,5170,-628,-14096
-528,-1456,335,5050,-540,-13980
-717,-1456,46,4862,-580,-13976
-642,-1408,-198,4998,-776,-13800
-377,-1408,117,4630,-776,-14112
-452,-1440,239,4826,-780,-14072
-794,-1424,118,4782,-740,-13868
3
-32559,-1408,-22788,17670,8656,24212
-32559,-1440,-4852,14390,4396,4664
-32559,-1472,-32599,18250,2812,472
-32559,-1424,20008,20650,16912,1276
-32559,-1424,-32598,14154,12164,-11332
-32559,-1440,-32598,11362,-2588,-22372
-32559,-1456,-8013,15782,-4848,-25916
-32559,-1424,-1714,19762,-8536,-23804
-32559,-1424,-3506,3518,5396,-28260
-32559,-1408,-16142,20606,-6048,-21736
14184,-1440,2752,12586,6916,-30252
14850,-1392,11053,8106,-5272,-22840
5442,-1456,4909,8742,-3864,-20664
-5169,-1440,5435,2846,-9112,-19620
-3830,-1440,-3069,2338,-8236,-18328
3845,-1424,-3777,4086,-5780,-17164
1289,-1424,-5028,2702,-3832,-16536
-3197,-1440,1690,2786,-2872,-16136
-1549,-1440,-544,3650,-2404,-15112
-2165,-1424,-1364,2834,-2460,-14568
-3068,-1440,-117,3506,-2320,-14260
-1993,-1440,-902,3078,-2016,-13876
-1166,-1456,-147,3006,-1700,-14048
229,-1424,-79,2746,-1428,-14096
1156,-1440,712,3110,-1632,-14236
1339,-1440,1285,3130,-1880,-14004
813,-1424,426,3214,-1564,-14204
648,-1424,-305,3186,-1624,-14316
309,-1408,-444,2922,-1628,-14340
421,-1408,187,3278,-1864,-14476
256,-1424,469,3302,-1960,-14332
46,-1424,-767,3222,-1792,-14256
3
-32559,-1440,-3170,19850,7036,30684
-32559,-1440,-1400,18846,4580,5772
-32559,-1440,-32599,15098,1984,-7396
-32559,-1424,-32599,22878,14388,108
-32559,-1424,-10160,15646,18024,-5300
-32559,-1440,-32598,11914,6200,-21576
-32559,-1456,-12122,11342,-2364,-30280
-32559,-1440,11576,15126,-3420,-24832
23182,-1440,1352,15242,-3636,-22844
9017,-1424,-3459,6898,-1512,-22464
3868,-1456,-2597,7390,-6372,-19852
796,-1440,3143,5418,-7812,-19012
2215,-1408,2207,1778,-8216,-17816
5931,-1456,-1642,3630,-6448,-17088
4578,-1440,-4488,4226,-5416,-16968
-649,-1440,949,3554,-4100,-16792
-1672,-1440,-925,4162,-3240,-15920
-2021,-1424,-204,4126,-4336,-15588
-2772,-1408,1649,3930,-3412,-14800
-2378,-1440,821,4106,-3528,-14660
-2504,-1424,1852,3738,-2924,-14184
-2013,-1456,674,3790,-2964,-14028
-1333,-1408,1288,3618,-3408,-14316
-802,-1440,2141,3430,-3320,-14244
-1161,-1424,1221,3062,-2936,-13668
-1834,-1424,22,2886,-3252,-13864
-1275,-1472,155,2554,-3472,-13796
-624,-1440,104,2618,-3100,-13448
-238,-1424,-479,2894,-2900,-13584
-280,-1424,-459,3114,-2920,-13660
3
-32559,-1424,-14111,17366,4992,32767
-32559,-1424,-31063,20506,3268,12772
-32559,-1456,27482,22142,-396,-9108
-32559,-1440,-32599,20858,11444,-3324
-32559,-1440,13048,21414,19160,-6644
-32559,-1456,-32598,16610,10284,-28484
-32559,-1424,6534,21018,-2464,-31832
-32559,-1472,10096,28630,-25972,-15900
-32559,-1440,-3054,-4574,14452,-32124
23922,-1424,-2506,16758,-7008,-18376
9759,-1456,-10389,10986,2448,-22388
14474,-1440,-1772,5094,-6216,-23904
12521,-1424,8118,8270,-6420,-18888
1986,-1424,361,2486,-7168,-19220
2958,-1440,-5549,4214,-6972,-18728
6715,-1408,-2859,5114,-5712,-18160
2787,-1408,-2214,2546,-3692,-17104
-113,-1424,-1089,3834,-3792,-16752
1251,-1440,1568,4630,-4016,-16676
-179,-1472,2257,3834,-3472,-15472
-1443,-1456,-922,4014,-2940,-15032
-2051,-1456,-4,4002,-2532,-14860
-1392,-1408,291,4318,-2680,-14852
-1285,-1440,1110,4046,-2584,-14384
-1678,-1456,1363,4138,-2304,-14284
-1699,-1408,812,3678,-2300,-14188
-1441,-1440,1292,3742,-2436,-14004
-1512,-1392,1250,3638,-2508,-13896
-1480,-1456,924,3526,-2544,-13960
-1166,-1424,831,3470,-2508,-13748
-1313,-1440,367,3266,-2488,-13796
-1635,-1440,-31,3542,-2992,-13852
3
-32559,-1456,20157,19738,7376,-1300
-32559,-1392,26040,23630,10928,-7120
-32559,-1472,-1597,21646,14868,-14684
-32559,-1440,-1097,20986,-1056,-25576
-32559,-1424,-6781,24682,-10820,-27388
-32559,-1440,-6430,17330,-5424,-31520
-32559,-1440,-2211,10946,-1184,-31396
25204,-1472,1715,18238,-5572,-24144
7142,-1424,-1765,2702,-6520,-24328
5227,-1472,516,5942,-10064,-20400
-205,-1440,3813,5310,-11280,-18964
3738,-1440,-1844,-1782,-7780,-19348
11534,-1424,-2504,5414,-7176,-17672
8265,-1424,-3007,3166,-5072,-16552
1162,-1440,1484,2242,-4000,-15988
1316,-1440,1975,3626,-3012,-14920
1580,-1456,1140,3490,-3656,-15108
325,-1456,1211,2862,-3060,-14116
601,-1440,-793,3530,-3040,-14280
1022,-1440,1322,3774,-3000,-14428
979,-1456,1552,3582,-2928,-14076
-30,-1456,539,3682,-2956,-13808
-693,-1440,-223,3958,-3232,-14028
-574,-1440,-122,3870,-3404,-13928
-348,-1440,381,3990,-3468,-13620
75,-1424,-620,3902,-3364,-13408
169,-1456,-265,4186,-3504,-13660
424,-1440,-607,4182,-3508,-13744
596,-1408,-44,4330,-3736,-13828
435,-1424,293,4098,-3600,-13956
208,-1424,-442,4274,-3548,-13772
-12,-1472,-441,4210,-3916,-13956
3
-2647,-1440,2139,3702,348,17852
-2073,-1456,2129,3122,1296,18644
-2995,-1456,133,3306,484,18420
-2346,-1408,2116,4510,-888,17940
-2160,-1472,2988,10522,-780,24884
13530,-1440,3228,27866,1140,31992
-32559,-1440,19932,24382,5144,32767
-32559,-1456,19580,16634,14420,32767
-32559,-1440,-22211,17742,16820,32767
-32559,-1440,-30881,19098,10844,12128
-32559,-1408,11517,19854,3432,-4520
-32559,-1424,-32599,22990,16076,-128
-32559,-1424,-9700,23106,19364,-6380
-32559,-1472,-26994,16182,1952,-24020
-32559,-1440,-3885,14014,-8196,-26644
-32559,-1440,24424,26538,-16096,-10864
-32559,-1424,-32598,11982,-2192,-29788
615,-1440,-8077,1926,-10628,-22288
-279,-1424,5275,7238,-11660,-18272
-721,-1456,3913,2746,-13372,-17116
7659,-1440,-354,-1838,-7168,-17052
14264,-1440,-2967,5226,-7904,-16352
6110,-1440,-5754,3726,-6352,-15668
-1439,-1456,-780,2566,-5756,-15632
-950,-1440,-2538,4082,-4632,-14724
-986,-1440,-499,3026,-5252,-15004
-220,-1456,-971,3170,-4148,-13784
1472,-1456,-2829,3618,-4216,-14428
327,-1440,912,3278,-3360,-14468
-214,-1440,-1031,3674,-3396,-14256
3
-32559,-1440,-32599,21134,7744,-5424
-32559,-1440,13996,21026,20444,-7192
-32559,-1440,-14754,16934,4568,-11636
-32559,-1456,-24487,15194,-3608,-20980
-32559,-1440,-2100,18930,-8500,-22300
-32559,-1472,-684,25838,-13728,-23048
-32559,-1424,-20690,10770,4392,-28424
-32559,-1424,5152,21318,-7716,-25028
17487,-1456,-13462,19094,4320,-22988
4685,-1440,2102,5198,-10260,-24720
-4636,-1440,7818,10498,-9920,-20088
-5588,-1440,-1641,1046,-9760,-19740
4637,-1456,-2579,4254,-7308,-18524
6816,-1456,-2983,5558,-4996,-17688
-3247,-1440,1373,2630,-3436,-16860
-4288,-1440,1054,2546,-2936,-15720
-2550,-1472,1040,3598,-4288,-15592
-2754,-1424,3168,3474,-3740,-14872
-1938,-1472,646,2726,-3004,-14340
-2662,-1472,-134,2810,-2652,-13796
-1974,-1472,505,3130,-2652,-13644
-876,-1456,758,3134,-2764,-13496
-639,-1408,1015,3370,-2676,-13672
-761,-1440,204,3442,-2612,-13644
-709,-1488,254,3314,-2760,-13720
-728,-1456,404,3042,-3140,-14068
-377,-1440,593,2854,-3016,-13924
-463,-1440,464,2798,-3128,-14012
-342,-1440,421,2938,-3212,-14212
-237,-1456,91,2854,-3008,-14020
-519,-1456,-288,3002,-3180,-14136
-420,-1504,-124,2846,-3236,-14172
3
-32559,-1440,-18198,19798,16244,30904
-32559,-1440,-15448,19766,6964,5708
-32559,-1456,24777,18058,2912,-2024
-32559,-1488,29271,22074,11012,-2796
-32559,-1472,-13166,26974,14316,-12408
-32559,-1440,-17665,18694,-880,-22872
-32559,-1440,9040,26334,-11564,-22900
-32559,-1456,-22714,30074,-17552,-32768
-32559,-1440,9785,16206,-10160,-32768
25382,-1472,-22779,13686,-4448,-29284
8013,-1488,4922,13434,-4836,-27556
3026,-1456,8155,9486,-9016,-22560
-6205,-1456,5401,3218,-11700,-20672
-4249,-1472,-91,1162,-8368,-18720
1819,-1440,-2059,4274,-8068,-17180
-515,-1456,-326,2482,-5564,-16548
-3998,-1456,622,1866,-4032,-15460
-3659,-1440,614,2230,-3828,-14724
-2922,-1440,1319,2378,-3836,-14160
-1385,-1440,178,2030,-3212,-13688
-58,-1472,1422,2442,-3844,-13908
526,-1440,1552,2286,-3724,-13712
338,-1472,538,2334,-3328,-13592
-189,-1456,-549,2638,-3480,-13712
-104,-1440,-160,2566,-3632,-13796
199,-1472,90,2746,-3856,-13796
88,-1488,-288,2398,-3924,-13564
379,-1456,-1096,2778,-4144,-14048
748,-1456,253,2862,-4232,-14248
639,-1440,213,2378,-3876,-13740
3
-32559,-1456,-10145,16630,16852,29704
-32559,-1456,1092,17066,6640,4068
-32559,-1472,25284,15302,8796,-788
-32559,-1472,15996,23326,10252,-2132
-32559,-1472,-20409,28314,5224,-11964
-32559,-1488,-16218,17966,-5512,-21832
-32559,-1440,9474,24686,-12908,-23200
-32559,-1472,-27223,17474,-13000,-27024
-32559,-1472,8590,9278,-3456,-30088
26044,-1456,-13352,17686,-5932,-27772
14387,-1456,8099,6210,-3876,-28316
6986,-1472,7133,6526,-7468,-21500
2934,-1472,998,2326,-11092,-20656
5648,-1440,2677,1350,-8260,-18856
6597,-1520,-5121,3206,-7040,-17952
2178,-1472,1517,1314,-6044,-18312
1449,-1472,1112,3182,-4644,-17300
-302,-1456,1189,3478,-5076,-16180
-2037,-1488,722,3978,-4300,-15436
-3248,-1472,-229,3658,-3052,-14168
-3962,-1440,-1101,3922,-3016,-13952
-3093,-1456,-686,3394,-3740,-13840
-2025,-1456,1499,3438,-3292,-13772
-1696,-1472,1096,3274,-3040,-13316
-1808,-1440,242,3670,-3660,-13496
-1478,-1504,1008,3162,-3524,-13756
-1218,-1456,1012,3134,-3288,-13320
-362,-1472,-139,2870,-3760,-13460
-333,-1440,-550,3014,-3752,-13580
-322,-1456,-631,2902,-4148,-13844
3
-32559,-1472,16307,25938,8016,-1228
-32559,-1472,29076,22130,12544,-4600
-32559,-1504,-2760,24302,19576,-6452
-32559,-1488,-11183,20714,6000,-20680
-32559,-1456,-5720,15630,4480,-14824
-32559,-1504,-32598,18230,-5316,-32768
-32559,-1472,29092,23262,-7428,-31648
-32559,-1504,-15550,9534,11616,-32608
25941,-1488,26520,16274,700,-32768
24284,-1456,22290,9014,-4336,-23288
8677,-1504,2613,7886,-7240,-21568
-216,-1472,-357,2886,-9736,-21864
3145,-1456,-246,5750,-7880,-19612
3607,-1456,-1722,4102,-6024,-18512
-2505,-1488,436,2722,-4020,-17648
-3610,-1472,-2130,4274,-3820,-16904
-4075,-1440,-1143,3578,-3328,-15592
-5058,-1472,-2573,3438,-2792,-14164
-4783,-1488,-3942,3594,-2796,-14624
-3586,-1488,-2127,3418,-2572,-14288
-2562,-1424,-650,3774,-2056,-13768
-2083,-1472,-1387,3542,-2056,-13712
-1913,-1472,-1943,3438,-2432,-13916
-1077,-1472,-556,3030,-2008,-13940
-914,-1472,-573,3042,-1864,-13772
-1195,-1456,-726,3286,-1784,-14236
-1311,-1456,-343,2866,-1924,-14260
-1343,-1472,-666,3030,-1964,-14372
-682,-1472,-753,2878,-2196,-14596
-634,-1456,-429,2586,-1956,-14284
-628,-1424,-1134,2838,-1900,-14180
-265,-1488,-342,2638,-2068,-14228
3
-32559,-1456,2537,19654,11380,-7516
-32559,-1488,-21379,22030,4404,-15960
-32559,-1440,-7637,23142,-7244,-20792
-32559,-1472,-7173,23530,-18680,-21588
-32559,-1504,-5899,18546,-2152,-21476
-32559,-1488,-8681,19558,-7592,-30212
26241,-1488,-8788,13834,-2424,-30088
12730,-1440,-1064,15710,-10000,-27912
-7,-1504,-155,7746,-14204,-24496
-2035,-1472,-7653,14,-9932,-23880
833,-1488,-4580,6730,-8720,-21212
-2900,-1488,1179,1918,-5324,-19188
-6119,-1504,-1336,1994,-4584,-17440
-5935,-1472,-1547,2718,-5164,-16984
-4655,-1504,2819,2202,-4236,-15260
-3538,-1504,2646,2182,-3424,-13732
-3290,-1488,67,1958,-3516,-13568
-2233,-1488,81,2134,-2932,-13796
-1016,-1472,846,2142,-2928,-13652
-319,-1472,1783,2786,-3296,-13952
-506,-1488,566,2226,-2940,-13896
-646,-1488,982,1974,-3032,-13944
-567,-1488,1220,1866,-2884,-14092
-596,-1504,333,1930,-2976,-14208
-761,-1504,-191,1758,-3032,-13892
-1084,-1488,-757,1646,-3296,-14104
-712,-1456,-622,1622,-3424,-13836
-340,-1488,-638,1674,-3528,-14112
321,-1440,-307,1442,-3480,-13960
87,-1472,-750,1614,-3320,-14176
289,-1488,-617,1734,-3448,-14156
340,-1456,-367,1794,-3240,-13996
3
28413,-1456,16275,23802,-2860,32767
-32559,-1488,17859,22298,11024,32767
-32559,-1456,-2086,18954,9696,32767
-32559,-1472,-22747,21938,14104,27164
-32559,-1504,-7218,21950,10752,3772
-32559,-1504,31071,26578,10688,-484
-32559,-1488,8404,28862,27828,-2664
-32559,-1488,-28190,19650,7760,-15908
-32559,-1472,-11733,19522,-2616,-15236
-32559,-1472,-12220,29446,-9880,-17700
-32559,-1488,-29285,22498,-11696,-31468
-32559,-1456,-8510,19506,-1744,-26316
16071,-1488,-20172,19270,-5240,-27376
8657,-1472,-416,10478,-7172,-25400
3755,-1472,3083,11102,-9816,-20428
112,-1456,-1950,2026,-10008,-19952
4122,-1520,-4634,4094,-8228,-17928
6445,-1488,-3763,5006,-6552,-17764
2374,-1472,-890,2910,-3620,-17056
-35,-1504,-2298,3614,-2968,-16780
-634,-1504,-2094,3298,-2932,-16340
-1299,-1456,-316,3642,-2732,-15424
-2027,-1488,-1993,2890,-2128,-14600
-2685,-1488,-2723,3258,-2360,-14312
-1946,-1472,-1087,3606,-2248,-14572
61,-1504,-410,3730,-1996,-14948
-287,-1472,1848,3590,-1848,-14564
-1459,-1520,191,3302,-1900,-14752
-1473,-1488,2041,3514,-2264,-14832
-1061,-1472,2853,3206,-2044,-14488
-1671,-1472,1407,2930,-2000,-14196
-1933,-1504,1210,3074,-2396,-14392
3
-32559,-1472,-10074,19622,7496,32767
-32559,-1504,-20684,19486,9272,28844
-32559,-1472,-12636,20158,8728,9056
-32559,-1456,17015,23206,8592,-1784
-32559,-1488,32400,29322,10452,-6956
-32559,-1456,16800,27554,13520,-20612
-32559,-1472,24897,18766,1956,-27172
-32559,-1472,15786,27174,-10732,-28204
-32559,-1456,-16267,29234,-16464,-32232
29999,-1488,6970,12042,-3992,-32148
6502,-1488,-26191,18282,-7072,-24740
-6139,-1536,2006,6454,-10476,-25024
-1082,-1472,2971,5426,-10564,-18880
-2186,-1488,4782,2206,-11184,-17868
3607,-1488,-1578,-2498,-6948,-17948
8742,-1504,-5568,4510,-6556,-16552
1819,-1472,-3199,2298,-4280,-16772
-2449,-1536,1401,1850,-3808,-16052
-762,-1536,-628,3402,-3808,-15500
-1406,-1488,274,2614,-3964,-14824
-1172,-1504,-1192,2726,-3828,-14440
-1316,-1472,-551,2526,-3144,-14008
-1246,-1504,-1269,2946,-3536,-14152
-485,-1488,-647,2878,-3228,-14392
-306,-1488,669,2550,-3124,-14236
77,-1472,1026,2422,-3164,-14128
366,-1472,533,2306,-3140,-13976
575,-1504,683,2542,-2992,-14120
563,-1488,611,2526,-2944,-14096
505,-1456,1558,2614,-3104,-14076
467,-1472,492,2614,-3236,-13904
-52,-1504,65,2586,-3304,-14048
3
-32559,-1472,-944,17558,-8592,-16520
-32559,-1504,-7284,24930,-9844,-30300
-32559,-1504,3156,25370,-9484,-26684
27366,-1472,-17814,15390,3172,-28120
5373,-1520,-5108,18326,-8656,-29460
-3986,-1488,4179,11934,-11380,-23368
-4375,-1488,2935,1402,-10036,-20284
137,-1504,-1099,4386,-10364,-17784
2128,-1504,1973,4174,-8748,-16544
-1150,-1472,-2035,3338,-6584,-15376
-4100,-1488,-2330,3510,-6744,-15504
-3457,-1520,-1460,3306,-6592,-14872
-1860,-1488,1110,3606,-5500,-13776
-1255,-1472,-344,3194,-5012,-13184
-1024,-1472,-918,3470,-4120,-13204
-161,-1488,-884,3498,-4012,-13420
185,-1520,-1840,3178,-3856,-13668
722,-1520,12,3586,-3980,-14192
672,-1472,241,3194,-3280,-13840
-68,-1504,-848,3194,-3652,-13928
93,-1456,-187,2830,-3600,-14256
-387,-1472,-776,2974,-3480,-13972
-585,-1504,-549,3222,-3608,-14344
-517,-1488,-467,3050,-3620,-14248
-485,-1456,-47,3158,-3476,-14328
-740,-1504,-400,3074,-3812,-14080
-947,-1472,228,2834,-4008,-13852
-644,-1472,-148,2986,-3992,-13808
-397,-1488,-65,2830,-3984,-13600
-261,-1488,-292,2922,-3804,-13816
3
-32559,-1456,12571,24206,-5788,-24132
-32559,-1488,-16007,27822,-11132,-25872
-32559,-1488,-13036,9802,-2092,-32768
17390,-1504,-10515,19318,-5372,-24484
10871,-1472,-5589,11926,-4208,-25684
7231,-1504,6128,7126,-7912,-22464
1701,-1472,7202,5834,-9584,-20260
2735,-1456,580,1470,-8124,-19848
3517,-1456,-2516,4270,-7464,-17436
-191,-1488,-518,2390,-5668,-17432
-1212,-1504,-212,2070,-4696,-16952
-1015,-1504,204,2342,-4216,-16268
-1536,-1472,1270,2418,-3948,-15188
-1607,-1520,79,2578,-3664,-14296
-1694,-1488,-293,2574,-2960,-14292
-1241,-1456,171,2678,-3036,-14060
-1441,-1472,-840,2702,-2756,-14028
-1514,-1472,-339,2830,-3264,-13996
-926,-1504,-574,2982,-3456,-14128
-717,-1456,-51,2666,-3036,-14060
-668,-1488,-627,2270,-3216,-13992
-558,-1472,-255,2462,-3228,-14196
-283,-1472,8,2346,-3288,-14236
-210,-1472,486,2318,-3304,-14132
-297,-1504,140,2406,-3460,-14200
-386,-1440,276,2242,-3416,-14308
-257,-1488,597,2246,-3420,-14408
-293,-1488,979,2246,-3320,-14296
-488,-1456,906,2178,-3648,-14248
-548,-1504,1180,2118,-3772,-14256
-396,-1504,1003,2190,-3816,-14056
-596,-1504,585,2094,-3728,-13936
3
-32559,-1488,2877,17770,11340,32767
-32559,-1520,-6655,14254,10696,32767
-32559,-1456,-19928,14726,10964,25032
-32559,-1488,5518,16574,7460,620
-32559,-1504,-32599,15218,7776,-9280
-32559,-1472,-32599,21862,18148,-4572
-32559,-1488,-1805,23910,4076,-14308
-32559,-1488,-15110,17358,-6316,-15180
-32559,-1488,7713,27698,-14920,-19696
-32559,-1488,-19472,20858,-22552,-31060
-32559,-1536,-15476,8346,1436,-31920
16934,-1472,4186,19062,-8264,-25108
4978,-1504,435,4850,-6156,-23552
3832,-1504,2847,6794,-10188,-19904
-5886,-1520,2905,6206,-12832,-16892
-3189,-1488,-6870,-2138,-8696,-17760
6867,-1504,-5086,4910,-8964,-16728
8135,-1504,-5169,2462,-6540,-15884
-1247,-1504,1407,662,-5528,-16340
-1731,-1504,-2331,3918,-5004,-15636
-1527,-1456,-1308,3638,-5520,-15540
-2248,-1488,-1390,3154,-4156,-13932
-1834,-1488,-3610,2550,-4176,-14160
-923,-1488,1118,2998,-3616,-14132
157,-1472,-250,2830,-3524,-14056
176,-1472,790,3110,-3668,-14456
-344,-1504,-47,3158,-3792,-14244
-1071,-1488,-254,2694,-3472,-14524
-1005,-1472,35,2814,-3700,-14352
-1090,-1488,9,2378,-3600,-14116
-1066,-1520,-3,2490,-3832,-14168
-980,-1504,-311,2326,-3712,-14144
3
-32559,-1488,-11417,30962,-14864,-30592
-32559,-1520,-20704,15350,-1436,-32768
27249,-1488,7859,23174,-7640,-32768
7953,-1472,-8173,8286,-2752,-26532
-2727,-1504,1959,3606,-11804,-22456
-8935,-1504,-1604,6762,-14472,-19628
415,-1472,-1386,-3530,-8080,-20028
12163,-1504,-1013,3822,-7680,-17112
3776,-1456,-2849,2478,-5460,-15680
258,-1472,1530,2102,-4140,-13784
-206,-1472,-995,2298,-3816,-13544
34,-1504,-142,2226,-3544,-13856
544,-1488,-1183,2850,-3608,-14200
359,-1456,-802,2494,-3660,-14028
-77,-1472,-659,2742,-3676,-14224
134,-1472,-756,2430,-3476,-14284
-233,-1504,-733,2714,-3212,-14320
-422,-1504,-806,2598,-3280,-14388
-892,-1472,-854,2590,-3316,-14164
-831,-1520,-578,2638,-3332,-14352
-930,-1488,-583,2482,-3360,-14188
-724,-1472,-636,2606,-3516,-14240
-581,-1504,-744,2366,-3556,-14236
-811,-1472,-395,2326,-3532,-14244
-1026,-1504,-527,2382,-3564,-14372
-872,-1520,18,2402,-3468,-14316
-1136,-1488,-329,2214,-3564,-14180
-1009,-1472,-8,2466,-3712,-14400
-1111,-1504,-152,2286,-3800,-14160
-1082,-1472,-343,2274,-3712,-14240
3
-32559,-1440,18851,29326,6860,32767
-32559,-1504,17068,20350,14280,32767
-32559,-1520,-8318,20558,17588,32767
-32559,-1488,-25425,22806,11952,16900
-32559,-1520,1598,19602,7016,-2268
-32559,-1504,16323,21010,9252,-5636
-32559,-1504,483,21474,9712,-9600
-32559,-1504,-9506,18858,-2392,-22460
-32559,-1488,9829,20246,-12868,-21756
-32559,-1504,15541,31526,-11400,-23304
-32559,-1488,-22698,9662,-5256,-23908
-32559,-1520,8812,13978,-5352,-22724
23776,-1472,-21648,15490,-276,-25100
14369,-1472,6098,5214,-9528,-28512
4950,-1504,8354,12782,-8812,-19668
-2912,-1488,-5792,-498,-10864,-20924
3236,-1520,-5059,4494,-9016,-18364
4023,-1456,-6395,5010,-7432,-18492
-1467,-1504,669,1862,-5160,-17420
-3575,-1504,-3312,3754,-5012,-16688
-3920,-1504,-1077,3642,-5056,-16140
-4122,-1488,-730,2754,-4724,-14664
-3885,-1520,-1803,2922,-3784,-14220
-3138,-1456,-1367,3018,-3668,-14460
-2359,-1504,-465,2622,-3036,-14340
-2161,-1472,-190,2802,-3000,-14072
-1885,-1504,-74,2486,-2968,-14084
-1581,-1488,59,2478,-3044,-14264
-1332,-1488,411,2366,-2764,-14100
-1604,-1488,-292,2366,-2556,-14116
-1419,-1472,-432,2234,-2640,-14036
-1330,-1504,-547,2086,-2808,-13996
3
-32559,-1488,2790,17202,13596,32767
-32559,-1504,-14745,17818,15920,32767
-32559,-1504,-27019,18878,12060,11596
-32559,-1520,9863,19994,9480,-4024
-32559,-1488,18074,22474,18744,-3532
-32559,-1488,-26281,26202,10612,-13548
-32559,-1504,-16714,18426,-336,-23388
-32559,-1504,18481,20566,-7516,-25448
-32559,-1504,-15676,12454,-5136,-22224
-32559,-1504,2207,13586,-10624,-32768
-32559,-1520,9134,16646,-4404,-27736
17887,-1488,-2170,5666,-5988,-24296
5307,-1472,-3183,7290,-9988,-21288
1675,-1472,-1488,3482,-11788,-21372
7757,-1504,2463,-1070,-9220,-20160
8972,-1520,-1065,2058,-6968,-18248
1710,-1488,1198,134,-5556,-18096
-599,-1520,-1347,2526,-4416,-16628
-1667,-1504,-1807,1770,-4956,-16624
-2098,-1504,779,1654,-3952,-15084
-2036,-1504,38,1410,-3516,-14176
-2130,-1520,-1709,1446,-3692,-14148
-961,-1488,502,1878,-3352,-14044
137,-1488,44,1662,-3360,-13568
-22,-1504,667,1878,-3356,-13948
183,-1504,133,1646,-3340,-13932
162,-1536,800,1754,-3608,-13948
98,-1520,714,1534,-3712,-13768
370,-1488,461,1762,-3776,-13684
528,-1488,158,1874,-3776,-13916
651,-1488,703,2214,-3968,-13976
676,-1504,346,2230,-3944,-13764
3
-32559,-1504,-28938,21290,22904,32767
-32559,-1472,-28064,22922,11904,8876
-32559,-1520,11723,21170,8608,-2484
-32559,-1520,6046,27906,22948,-2796
-32559,-1504,-17305,23406,3724,-16532
-32559,-1536,-6622,16438,-1968,-22056
-32559,-1504,13626,24554,-7068,-17208
-32559,-1504,-13723,31817,-19796,-31120
-32559,-1520,591,17870,-8884,-29860
26142,-1488,-23289,17158,-4648,-20852
10295,-1488,-6507,15218,-9420,-25300
3958,-1472,2454,11306,-12116,-19996
-3386,-1504,-1294,6702,-14320,-18752
-1889,-1504,-4242,3358,-12660,-17636
4075,-1504,-4922,6422,-11196,-16844
3329,-1456,-4227,4294,-9300,-16428
-1742,-1488,-1056,3474,-8052,-15880
-2233,-1488,-2912,4178,-7284,-16096
-2655,-1504,-996,3870,-6272,-14992
-2928,-1504,-636,4534,-5760,-14476
-3939,-1504,-2654,3082,-4920,-13968
-4622,-1488,-3505,3118,-5056,-14276
-3283,-1488,-770,3194,-4896,-13956
-2705,-1488,-561,2290,-4576,-13520
-2319,-1472,-704,2338,-4692,-13128
-1065,-1504,-738,2218,-4692,-13604
-139,-1520,49,2306,-4176,-13812
-378,-1488,-608,2258,-3912,-13744
-903,-1488,-530,2122,-4192,-13872
-791,-1488,-483,2142,-4144,-13592
-528,-1472,-1172,2226,-4356,-13732
-371,-1504,-798,2310,-4196,-13816
3
-32559,-1488,-18530,18370,5116,-15528
-32559,-1488,-32598,19022,-2672,-28536
-32559,-1520,9479,17398,-3996,-28628
-32559,-1520,-20888,14450,848,-28856
13406,-1504,13333,6998,-2988,-32024
16684,-1504,16142,6702,-9336,-22052
6255,-1504,16006,11774,-12176,-18880
1398,-1520,1236,-2102,-11536,-21260
11074,-1520,-255,7318,-9600,-18100
10539,-1504,-327,5850,-8032,-17500
-534,-1504,9832,2402,-5840,-15976
-2470,-1472,382,5654,-5360,-14220
-2417,-1472,1775,4638,-5904,-13976
-1702,-1488,1920,4370,-4868,-13000
-629,-1488,1117,3746,-4144,-12408
-751,-1520,-83,3370,-3984,-12256
72,-1504,-526,4382,-4352,-12732
810,-1504,-138,4266,-4544,-13248
1199,-1504,1122,4382,-4548,-13200
698,-1504,-263,4102,-4356,-13504
-357,-1488,-932,4058,-4824,-13924
-232,-1504,2,4170,-4780,-14216
-364,-1504,-233,3782,-4840,-13740
-900,-1504,-66,4206,-4940,-13924
-855,-1488,161,4306,-5112,-14104
-1406,-1520,-137,4170,-5044,-13428
-1986,-1488,-720,4146,-5292,-13556
-1321,-1504,518,4074,-5444,-13696
-1158,-1472,323,3694,-5276,-13224
-1679,-1488,-689,3746,-5296,-13004
-1199,-1504,1,3826,-5536,-13524
-1000,-1488,-137,3570,-5116,-13244
3
-32559,-1488,-32599,21462,3744,-824
-32559,-1488,13354,30486,18892,-4352
-32559,-1488,-30844,21570,-2444,-20804
-32559,-1520,2986,16846,-15580,-21488
-32559,-1488,5512,30066,-13964,-20324
-32559,-1504,-32598,13686,-1708,-20040
-32559,-1472,7608,16814,-12460,-23584
18284,-1504,-32598,14322,-4008,-24544
8526,-1488,-4166,7438,-9200,-30664
3733,-1488,7931,9662,-10036,-21576
-1809,-1520,-1233,322,-10368,-20904
366,-1520,-4822,4870,-10468,-18404
1451,-1504,-3028,3866,-8012,-16556
-1322,-1504,-3094,2054,-5816,-16028
-1901,-1536,-2180,2966,-5196,-16244
-433,-1536,19,3182,-4452,-15044
-530,-1520,-511,3614,-5088,-13936
-987,-1488,-100,3326,-3940,-13752
-1739,-1488,-1952,3710,-3088,-12824
-2285,-1536,-3753,2966,-3396,-13300
-392,-1504,-1383,2670,-2964,-13616
1729,-1520,-873,2542,-2732,-13916
3500,-1520,3064,3166,-3304,-14408
2660,-1488,1403,2714,-3056,-14016
574,-1472,-1205,2650,-3444,-14288
730,-1472,149,3234,-3584,-14856
898,-1472,787,3178,-3640,-14672
19,-1488,-29,3298,-3560,-14300
-1035,-1520,-979,3766,-3676,-14208
-1396,-1504,-1168,3138,-3624,-14048
-1169,-1504,-260,3650,-3596,-13960
-633,-1536,208,3418,-3412,-13784
3
-32559,-1504,-28504,29530,20720,-5412
-32559,-1504,-27315,21126,180,-27480
-32559,-1504,-32599,18278,-5552,-30012
-32559,-1520,-32599,23422,-2604,-32768
-32559,-1520,-19522,21006,2092,-11780
-32559,-1504,30943,7778,-16272,-25248
23232,-1504,-16638,14794,-2392,-24372
7643,-1520,-3521,17662,-9868,-27192
4679,-1520,15467,7730,-9696,-20640
-2834,-1488,983,8050,-11312,-18864
-3554,-1520,-1994,1726,-10192,-20144
3559,-1552,-272,6606,-8212,-17544
2447,-1472,-1981,4382,-6776,-16528
-5184,-1472,3029,2686,-5676,-15556
-4968,-1520,-8,5202,-5376,-14748
-3724,-1504,1615,4186,-5156,-14224
-3329,-1520,-830,4214,-5148,-13688
-3066,-1520,978,4186,-4504,-13656
-3007,-1504,602,3846,-4500,-13704
-2702,-1536,839,4330,-5028,-13704
-3042,-1536,511,3670,-4532,-13504
-3067,-1520,42,3934,-4604,-13552
-2726,-1520,74,3490,-4544,-13308
-2416,-1520,261,3266,-4248,-13032
-2291,-1504,-270,2934,-4296,-13220
-1774,-1504,-178,2830,-4356,-13300
-1274,-1504,-454,2730,-4324,-13224
-1114,-1520,-863,2322,-4240,-13172
-1025,-1488,-500,2386,-4460,-13524
-710,-1488,-211,2610,-4368,-13668
-552,-1520,-420,2406,-4380,-13604
-628,-1536,-575,2018,-4564,-13592
3
31613,-1472,-5835,9834,-4732,-24720
11877,-1504,-6264,17018,-11028,-22532
-1763,-1536,-2313,6950,-11600,-20448
-7032,-1536,-3301,5594,-13448,-18124
-4271,-1520,-1119,3102,-12068,-16860
2407,-1520,-748,2618,-9972,-15820
5113,-1520,-3508,3150,-9008,-14656
36,-1504,-1927,3018,-6636,-14660
-2004,-1504,-1495,3478,-5888,-14464
-1544,-1504,-2079,3006,-5452,-13912
-1809,-1520,-1465,2978,-5516,-13768
-675,-1520,-988,3210,-5284,-13388
279,-1520,-988,3042,-4812,-13480
-597,-1504,-915,3274,-4516,-13524
-356,-1504,-702,3302,-4948,-13548
2,-1504,-312,3198,-4788,-13428
-26,-1472,-817,3758,-4960,-13564
-318,-1488,-1518,3534,-4788,-13584
-665,-1472,-1701,3398,-5068,-13712
-333,-1536,-745,3322,-4700,-13488
92,-1504,-1504,3722,-5228,-13792
-76,-1488,-729,3342,-4660,-13332
-66,-1520,-1911,3222,-4680,-13540
291,-1520,-532,3726,-4688,-14056
521,-1504,-836,3394,-4556,-13988
38,-1504,-672,3246,-4536,-13948
-164,-1520,-624,3374,-4600,-13916
5,-1504,-528,3414,-4664,-13764
-161,-1520,-258,3354,-4636,-13992
-99,-1504,-355,3642,-4716,-14008
-382,-1504,-119,3182,-4660,-13812
-163,-1536,-306,3234,-4564,-13828
3
-32559,-1536,18404,29590,17620,-3744
-32559,-1504,7745,22110,14264,-10452
-32559,-1536,-2126,15242,8140,-13584
-32559,-1504,-9968,17174,1640,-21656
-32559,-1520,-1177,23958,-11856,-23788
-32559,-1520,-18905,31817,-15392,-32120
-32559,-1520,4304,15298,-6664,-32768
21749,-1504,-1914,15554,-5144,-21984
171,-1536,-25062,13642,-5000,-22564
-1102,-1520,8217,6630,-9080,-21100
-1123,-1504,5888,7630,-9476,-17120
-4059,-1520,422,1278,-9128,-17988
-795,-1520,-3678,5186,-8168,-15804
2032,-1520,-560,4494,-6984,-15352
-613,-1520,-1887,2206,-5352,-14728
-2250,-1536,206,3814,-4600,-14412
-1257,-1504,148,3582,-4352,-14256
-1904,-1504,-519,3094,-4260,-13700
-2020,-1504,-1205,3082,-4192,-13780
-1409,-1520,-1341,2926,-4060,-14064
-567,-1488,-602,3082,-3876,-14096
-387,-1520,-326,3026,-3804,-14096
-903,-1520,-348,3074,-3620,-13740
-1075,-1504,-1236,3150,-3928,-13836
-518,-1504,-410,3358,-3900,-14148
-521,-1504,-226,3058,-3836,-13956
-975,-1520,-642,2978,-4072,-13828
-826,-1488,-1051,2870,-4120,-13900
-255,-1520,-543,3126,-4240,-14144
-72,-1504,-551,3026,-3760,-13892
-257,-1504,-587,3222,-3692,-13952
-212,-1504,-165,2870,-3648,-14072
3
-32559,-1504,-13346,18870,16716,32112
-32559,-1520,-26249,21214,12488,15720
-32559,-1520,-4458,21350,6532,-2696
-32559,-1488,11889,21702,8620,-4460
-32559,-1504,-286,23782,6000,-13072
-32559,-1504,11035,12286,-4136,-21292
-32559,-1536,18052,12274,-8844,-18856
-32559,-1520,8132,18470,-7584,-21044
-32559,-1488,-1295,20574,-25748,-23196
-32559,-1536,-2701,12622,-5792,-21344
22654,-1472,-17514,20278,-10236,-22256
8178,-1504,-3811,11494,-10468,-22968
654,-1536,-2923,7242,-12212,-19048
-3443,-1504,-3261,5646,-12764,-17456
499,-1488,-906,2834,-10668,-16764
5123,-1520,-4487,5226,-8908,-15980
271,-1504,-5607,4370,-7656,-15500
-3793,-1504,-1688,3590,-6620,-14872
-3246,-1536,-5248,3870,-6488,-15044
-3061,-1520,-2229,3954,-5464,-14136
-2437,-1520,-2243,3318,-5000,-13868
-2217,-1520,-1689,3202,-4408,-13372
-1491,-1504,-3059,3122,-4288,-13632
-894,-1504,-1402,3470,-4012,-13572
-684,-1536,-1890,2954,-3960,-13600
-832,-1552,-628,2890,-4028,-13564
-338,-1520,-1574,2502,-3904,-13556
101,-1520,-1520,2610,-3776,-13872
449,-1536,-954,2622,-3720,-13976
257,-1504,-810,3054,-3760,-14156
107,-1520,-601,2878,-3764,-14028
-110,-1552,-772,2926,-3872,-13844
3
-32559,-1536,9372,19002,4968,-4912
-32559,-1504,16168,20454,13380,-4008
-32559,-1536,-1688,17962,2636,-15124
-32559,-1504,31387,11190,-10364,-25760
-32559,-1536,-32599,24702,-8928,-15860
-32559,-1520,-32598,24126,-8436,-32768
-32559,-1552,28533,24450,-24500,-25616
14831,-1552,-14283,-874,500,-18280
21551,-1504,-28809,11570,-11972,-22084
2962,-1536,-1887,3466,-8788,-18192
-977,-1536,1064,3790,-8896,-17780
1004,-1520,-1883,3402,-7824,-16644
-791,-1520,-3638,2426,-6600,-15440
-2194,-1488,-3310,2606,-5596,-15084
-1160,-1520,-2594,3090,-4772,-14840
-1222,-1536,-1361,2942,-4424,-14368
-1714,-1504,-3526,3298,-4508,-14416
-2127,-1504,-2886,3406,-3804,-14232
-2477,-1552,-3533,3322,-3432,-14404
-1690,-1520,-1934,2950,-3144,-14148
-1524,-1520,-3049,2498,-2408,-13484
-1745,-1520,-5866,2174,-2884,-13428
-986,-1520,-2847,2990,-2952,-14380
660,-1536,-28,2938,-2288,-14444
73,-1504,-677,2442,-2064,-14408
-689,-1568,-415,2394,-2236,-14372
-368,-1536,-224,2310,-2408,-14452
51,-1504,52,2566,-2460,-14604
-6,-1520,917,2518,-2540,-14464
-106,-1488,255,2586,-2596,-14496
3
-32559,-1504,25079,20082,7420,-8012
-32559,-1536,-32599,19562,12532,-5640
-32559,-1504,19623,17426,6388,-9596
-32559,-1520,-3406,14646,1828,-18856
-32559,-1552,9584,13722,-5696,-20112
-32559,-1520,-24588,29726,-13928,-28624
-32559,-1520,-13828,17830,-8540,-32768
25671,-1504,11134,12506,-7212,-29832
-4340,-1536,287,5558,-8932,-16988
-3603,-1488,1641,2162,-11440,-17876
4600,-1488,1818,-850,-7180,-16844
11832,-1520,1740,3966,-7012,-15400
6607,-1536,2064,1606,-5660,-14896
740,-1504,2427,2338,-4756,-14612
1530,-1568,-1569,2790,-5040,-14520
556,-1520,-873,2470,-4600,-13664
663,-1520,-2718,2950,-4880,-13892
1169,-1552,-2048,2938,-4060,-13724
1169,-1536,-2174,3598,-4052,-14064
1058,-1536,-2015,3666,-3820,-13864
801,-1536,-1731,3438,-3868,-14272
625,-1536,-1304,3458,-3900,-14096
525,-1520,-1427,3850,-3740,-14408
301,-1520,-1054,3666,-3808,-14076
-638,-1520,-1095,3714,-3760,-13944
-1130,-1536,-1294,3846,-3768,-14208
-1003,-1536,-429,4074,-3864,-14356
-1008,-1536,89,3462,-3844,-14460
-915,-1536,866,3470,-3796,-14316
-1266,-1520,722,3230,-3804,-13884
3
-32559,-1520,19842,10522,5872,6484
-32559,-1488,-32599,22026,21300,1432
-32559,-1504,-18521,23046,15348,-12376
-32559,-1504,-32143,13258,2272,-15160
-32559,-1504,-32598,20882,-5948,-18044
-32559,-1520,-32598,24358,-17540,-18724
-32559,-1488,-10858,8110,-3540,-26208
-32559,-1520,-14960,13850,-4056,-21024
31898,-1472,-27023,23018,-3304,-23476
23847,-1472,29971,10950,3220,-28796
18507,-1504,5118,9462,-9960,-19292
-4043,-1472,-2014,9226,-9996,-21332
-12200,-1520,1548,3450,-11500,-20928
257,-1488,-3705,6018,-8772,-19436
6251,-1520,-6302,4690,-6760,-17744
-3611,-1472,927,2958,-5360,-17244
-7349,-1504,3097,3354,-4096,-15072
-5416,-1472,-905,4026,-4708,-14760
-5874,-1504,-147,3054,-4300,-13980
-5398,-1504,-1671,2642,-3632,-13400
-3562,-1488,-2973,2602,-3308,-13052
-2185,-1488,-301,2426,-3368,-13476
-10,-1488,340,2614,-3064,-13472
87,-1504,510,2546,-2964,-13664
-509,-1472,-413,2858,-2688,-13896
-988,-1504,-226,2486,-2728,-14048
-1156,-1520,-1358,2486,-2992,-13960
-1066,-1488,-961,2346,-2996,-13908
-792,-1520,-979,2182,-3220,-13820
-600,-1504,-1429,2226,-3292,-13740
-137,-1536,-1130,2698,-3344,-13944
146,-1472,-893,2574,-3152,-14164
3
-32559,-1504,-17302,20802,-11732,-21208
-32559,-1488,-498,20098,-7284,-22124
-32559,-1520,6281,14550,-12076,-25508
28534,-1520,-24975,14770,528,-21488
11043,-1504,15914,13210,-7760,-23332
6582,-1536,-2546,10038,-8396,-19412
-2960,-1504,-298,4670,-11928,-20316
-3094,-1536,-1865,4326,-10956,-19760
4075,-1520,-2350,5150,-9176,-18936
1542,-1520,-5159,4374,-7428,-17356
-3662,-1488,638,4074,-5956,-16836
-3655,-1504,-959,4062,-5296,-15336
-4130,-1472,-586,3358,-5332,-14448
-3463,-1504,-1876,3918,-4540,-13908
-2431,-1504,-1511,3658,-3924,-13616
-1290,-1488,-569,3222,-3064,-13388
-1326,-1520,-707,3054,-2988,-13608
-540,-1504,-477,2770,-3092,-13460
-139,-1536,-964,2858,-3076,-13652
-128,-1504,-1024,2818,-3108,-13948
330,-1536,-233,3070,-3180,-14332
402,-1520,613,3010,-2988,-14180
-393,-1520,-387,2658,-3052,-13888
-793,-1488,-1101,2914,-3256,-14112
-164,-1536,-603,3062,-3400,-14396
31,-1536,19,2838,-3332,-14104
-413,-1504,-593,3034,-3400,-14068
-494,-1488,-870,2930,-3492,-14104
-245,-1520,-243,2822,-3400,-14028
-94,-1520,-181,3242,-3412,-13932
3
-32559,-1536,-25844,20702,15712,25268
-32559,-1504,-22892,19558,8468,6368
-32559,-1472,-796,19502,10124,-440
-32559,-1520,-13314,23466,18240,-3948
-32559,-1520,-25615,19578,8032,-19680
-32559,-1520,963,16762,-1324,-19532
-32559,-1520,179,24778,-4048,-17716
-32559,-1504,-14900,25886,-7496,-32768
-32559,-1504,14709,26778,-9144,-31028
31879,-1504,-21551,15494,5968,-32392
7033,-1504,6174,9578,-8916,-29612
-963,-1488,4865,12246,-9680,-23820
-9646,-1520,4513,4566,-13140,-22028
-5203,-1552,-187,-378,-7540,-19844
2324,-1504,-4435,5522,-7356,-17512
-3534,-1504,-1061,2662,-5372,-15780
-5696,-1520,4022,742,-4928,-14964
-2829,-1520,124,2622,-4344,-14004
-3145,-1520,1122,1810,-3968,-13812
-2206,-1520,126,2518,-3916,-13184
-1810,-1520,-1193,1862,-3544,-12976
-974,-1504,-721,2178,-3364,-13912
11,-1536,-8,1922,-2796,-13944
267,-1536,1668,2178,-3144,-13756
-48,-1488,-181,1490,-2928,-13432
-419,-1520,-1193,1722,-3292,-14056
370,-1488,-764,1562,-3028,-14044
479,-1520,-325,1694,-3024,-14144
332,-1504,-1511,1634,-2716,-13824
544,-1504,-1051,2298,-3232,-14296
894,-1472,-732,2342,-3140,-14192
507,-1504,-626,2238,-3028,-14168
3
-32559,-1520,-21428,23078,17564,32767
-32559,-1520,-32598,24870,16128,11048
-32559,-1504,3154,22162,4620,-8076
-32559,-1472,28078,29590,21132,3636
-32559,-1488,-32598,22594,15932,-16568
-32559,-1488,-18868,15642,2796,-26348
-32559,-1520,10831,26426,-6300,-19912
-32559,-1504,-32598,21294,-4180,-21752
-32559,-1504,10666,22254,-5420,-32768
-32559,-1504,-2989,13682,-1840,-26180
6841,-1520,-21760,14334,-3048,-25848
397,-1520,5159,5346,-8220,-25476
3291,-1488,2918,9634,-8820,-20672
-4493,-1504,879,550,-9696,-20680
1520,-1472,-3416,2870,-5672,-18452
3784,-1504,-4743,4178,-4248,-16800
-1056,-1520,2536,1290,-2968,-17576
-2162,-1520,2149,1190,-1340,-15180
-1462,-1504,-80,2614,-2564,-15516
-1760,-1536,1755,2554,-1812,-14252
-1368,-1536,-799,1774,-2464,-14536
59,-1520,1268,2398,-2032,-14160
552,-1488,511,1718,-1672,-13700
336,-1488,-513,2718,-1988,-14240
565,-1504,552,3078,-2412,-14452
538,-1504,881,2538,-2464,-14504
446,-1536,1403,2650,-2532,-14124
364,-1504,433,2622,-2624,-13988
481,-1504,-365,2958,-2632,-14376
886,-1456,896,3014,-2880,-14324
402,-1520,-120,2906,-2448,-14228
52,-1488,-870,2822,-2592,-14272
3
-32559,-1504,17504,16270,9760,32767
-32559,-1520,-2658,13194,9744,32767
-32559,-1488,-28051,15766,5624,29420
-32559,-1456,-21485,16942,-2740,18012
-32559,-1504,6048,18438,-3536,8604
-32559,-1504,4159,30622,32192,1368
-32559,-1504,-1909,31462,14048,-7220
-32559,-1488,-30839,23394,-1648,-20816
-32559,-1520,-18000,21686,-3136,-25680
-32559,-1504,-32598,20510,-7976,-32768
-32559,-1504,-7029,9310,9600,-20604
22594,-1472,12127,13354,-2312,-32768
14862,-1472,-7356,734,-1612,-13232
9118,-1504,-2596,3086,-8828,-25988
-2049,-1520,2398,2738,-8792,-22684
4509,-1488,-736,-914,-5160,-20360
4742,-1504,-5030,1586,-3316,-17600
-3759,-1504,-3009,-294,-808,-17552
-4398,-1472,332,-958,-1396,-16996
-597,-1456,-389,-506,-948,-14692
-2183,-1488,-3582,1438,-632,-14528
-2863,-1520,-1284,2050,-1604,-15176
-1720,-1504,-924,1678,-928,-13912
-2451,-1504,-911,858,-352,-13884
-1625,-1504,-964,1458,-468,-14292
-948,-1520,-1464,942,-364,-14284
-1429,-1488,-1567,674,-636,-13868
-967,-1456,-1569,530,-340,-14160
-161,-1488,-1514,814,-436,-14500
-297,-1504,-1760,710,-68,-14388
-503,-1472,-1389,806,-224,-14532
-220,-1472,-1270,606,-304,-14604
3
-32559,-1472,-30046,22870,14540,32767
-32559,-1504,-31998,21770,9716,10764
-32559,-1504,3386,27422,5032,-3732
-32559,-1520,13996,31817,15184,328
-32559,-1488,-13072,31817,18392,-14596
-32559,-1488,-23812,23110,2440,-29816
-32559,-1488,2037,31817,-5592,-32768
-32559,-1488,-32598,17290,1756,-32768
18886,-1504,-7320,16678,7852,-32768
15903,-1472,8678,12318,-2268,-28916
7875,-1472,-10010,3306,-2332,-25228
5306,-1504,10033,5622,-5808,-23412
2947,-1488,5365,730,-8052,-22064
7814,-1488,-1883,3650,-4408,-21304
431,-1520,2199,2310,-444,-19500
-4732,-1504,3598,-222,-1936,-18348
-4380,-1504,1052,2066,-832,-16448
-4436,-1504,41,2066,-1544,-15384
-5250,-1472,-489,2410,-1996,-14308
-4055,-1488,-1497,2222,-1228,-14068
-2743,-1520,1729,2178,-524,-14124
-1701,-1488,1648,2062,0,-13756
-989,-1488,1286,2038,0,-13784
-1321,-1520,187,1738,-460,-13984
-821,-1504,1202,1822,-252,-14460
-840,-1504,1049,1362,-136,-13916
-1550,-1504,-854,730,-336,-13884
-882,-1536,-860,1098,-868,-14216
157,-1472,33,1326,-676,-14364
-406,-1488,-443,1058,-504,-14144
-729,-1520,-1340,922,-508,-14324
-76,-1488,-840,1286,-1004,-14768
3
-32559,-1488,-13917,19122,14388,32767
-32559,-1504,-32598,19370,12528,29176
-32559,-1488,-26680,19958,10024,5224
-32559,-1504,6787,20258,11452,-5288
-32559,-1504,8340,16394,17332,-4648
-32559,-1472,-3830,15574,6976,-12384
-32559,-1520,14763,9398,-1204,-22692
-32559,-1488,22748,20846,-8008,-12196
-32559,-1504,-32598,19334,-6592,-32768
-32559,-1504,-300,14942,-272,-30500
22890,-1504,7711,11350,-16628,-11628
9420,-1504,-25252,9494,-1900,-24500
6293,-1472,15160,1658,-8508,-22856
4782,-1520,-4652,3866,-6560,-18368
1699,-1488,1330,2086,-8904,-19512
4318,-1536,1057,1046,-8724,-18444
5140,-1472,-4733,2458,-5740,-16904
-501,-1504,-1994,-218,-4300,-17828
-1622,-1520,-2397,778,-3344,-16412
-1179,-1488,-2756,1754,-2584,-15864
-1750,-1488,-1621,1478,-3024,-15192
-2485,-1504,-3303,1270,-2964,-14560
-2626,-1504,-3457,1478,-2548,-14656
-1224,-1536,-1628,1418,-2256,-14672
-919,-1488,-601,1170,-1688,-14360
-1012,-1536,-1174,1050,-1544,-14044
-628,-1520,-999,1194,-1552,-14188
-226,-1488,-989,1290,-1496,-14168
-398,-1504,-1450,1074,-1592,-14064
77,-1504,-1432,1086,-1616,-14192
170,-1472,-1095,1110,-1688,-14412
539,-1488,-712,1158,-1664,-14568
3
-32559,-1520,-32598,28366,1912,-26652
-32559,-1504,-28982,23718,1620,-32768
15964,-1488,6530,12062,-7352,-25240
-2008,-1488,-16066,8962,-4488,-27164
-183,-1520,2757,3874,-7740,-22300
609,-1504,-59,3766,-8116,-20592
241,-1504,3460,-798,-8524,-20524
6875,-1472,1974,2874,-6080,-18360
3875,-1488,601,858,-4008,-16392
-484,-1520,3219,282,-3000,-16448
-277,-1488,824,346,-2168,-14712
518,-1504,-699,1326,-2072,-14740
329,-1504,-645,1430,-2308,-14972
227,-1536,91,1518,-2200,-14244
-38,-1504,329,1518,-1772,-14776
100,-1520,-171,1498,-1692,-14416
71,-1520,-44,1274,-1684,-14416
373,-1520,394,1586,-1692,-14324
734,-1504,144,1686,-1780,-14276
358,-1504,-336,1518,-1716,-14340
235,-1536,-307,1922,-1868,-14736
298,-1504,-189,1366,-1512,-14400
325,-1520,-332,1614,-1688,-14288
616,-1520,-571,1982,-2020,-14408
381,-1456,-420,1934,-2040,-14580
447,-1504,-171,1946,-1868,-14304
429,-1504,-133,2142,-1952,-14372
621,-1504,-342,2098,-2164,-14476
454,-1488,-316,2214,-1940,-14344
357,-1520,88,2378,-2208,-14736
344,-1488,104,2242,-2192,-14648
-67,-1488,-407,2350,-2072,-14144
3
-32559,-1488,-17104,10566,26948,32767
-32559,-1488,-32598,17094,18932,21764
-32559,-1504,-22911,22950,5988,-996
-32559,-1504,8216,20770,10356,-2804
-32559,-1504,2259,21462,9024,-2136
-32559,-1488,-32598,17690,7844,-14936
-32559,-1520,-27265,17574,-2116,-15680
-32559,-1520,-25952,31817,-9804,-26176
-32559,-1504,-32598,22874,-2952,-32768
25559,-1504,-5342,12638,-4076,-32768
10114,-1520,-700,14594,-368,-19308
5598,-1504,-548,3802,-2292,-22488
10672,-1520,-1792,4854,-5000,-19180
6607,-1520,3125,6478,-5568,-18940
2517,-1520,1690,2130,-6376,-17400
4494,-1504,-2866,5970,-3464,-16784
1766,-1504,822,2934,-2268,-16736
-670,-1504,2228,2934,-1536,-15288
-448,-1520,-2277,4254,-1464,-15152
-1062,-1520,-2446,4126,-1864,-15012
-2117,-1520,-429,5054,-1620,-14500
-2211,-1520,-1428,4222,-1232,-14196
-2353,-1504,-518,3654,-992,-14048
-1569,-1504,-1016,4258,-824,-14176
-1320,-1504,-1482,3950,-1088,-14348
-1448,-1472,-871,3998,-1120,-14396
-1740,-1488,-1121,3770,-760,-14052
-2078,-1488,-2109,3530,-680,-14384
-2079,-1520,-2736,3870,-628,-14392
-2417,-1520,-2749,3674,-444,-14636
-3000,-1488,-2187,3314,-372,-14560
-3738,-1504,-3361,3146,-92,-14360
3
-32559,-1520,-32598,31817,-11496,-26248
-32559,-1488,-32598,31817,-11672,-32768
21186,-1520,-18845,7606,-1152,-30280
3495,-1536,-4613,15466,-6848,-21640
-603,-1536,4880,8658,-7928,-20864
6829,-1472,-342,5642,-10216,-18812
1603,-1488,1388,6858,-9796,-17096
-2505,-1520,-2178,1814,-8976,-18112
4149,-1552,-5746,6998,-7084,-16292
2986,-1488,-6124,3406,-4860,-15740
-1818,-1504,-2102,3306,-3264,-14844
-2015,-1504,-3367,3302,-3300,-14640
-1511,-1536,-4956,4354,-3928,-14572
-2219,-1504,-2296,4654,-3688,-14632
-1785,-1536,-2500,4310,-3692,-14624
-1652,-1520,-2159,4382,-2764,-14408
-1721,-1520,-932,3794,-2724,-13988
-1782,-1520,-1900,3718,-2764,-13980
-1932,-1520,-1827,4154,-3032,-14216
-1463,-1504,-804,3826,-2528,-14372
-1466,-1504,-651,3550,-2480,-14200
-1464,-1504,-1182,3522,-2244,-13916
-1695,-1504,-1709,3578,-2420,-13976
-1292,-1520,-746,3706,-2604,-14312
-1014,-1520,-126,3526,-2348,-14108
-1311,-1520,-592,3266,-2180,-13996
-1356,-1552,-1145,3450,-2444,-13888
-1273,-1504,-985,3502,-2596,-13972
-784,-1536,-1186,3474,-2488,-14040
-458,-1536,-994,3410,-2260,-13968
-121,-1536,-535,3474,-2292,-13944
-129,-1520,-697,3074,-2368,-14324
3
4122,-1504,8716,12158,1852,-24308
-4354,-1520,-5321,2770,-5484,-24720
-456,-1520,6238,5646,-5676,-21700
785,-1488,7298,2426,-7632,-19940
2191,-1488,1786,3282,-4380,-17648
-538,-1520,2640,2886,-3532,-16352
-3427,-1488,4147,1766,-2420,-15036
-1649,-1504,2879,2234,-1976,-14756
1325,-1504,3033,2362,-1476,-14264
1048,-1504,1800,1694,-2244,-13468
-955,-1504,-1476,1770,-2056,-13552
-17,-1504,-505,2242,-2536,-14840
2807,-1520,2624,2290,-2096,-14144
2322,-1488,1947,1550,-1712,-13540
53,-1520,-2578,1802,-1664,-13952
612,-1504,-1306,2914,-2408,-14888
807,-1504,-634,2530,-2212,-14632
-157,-1504,-1050,2462,-1636,-14252
-844,-1504,-1742,2602,-1828,-14396
-605,-1472,-1933,2750,-2112,-14772
-286,-1520,-1029,2574,-1968,-14288
-167,-1520,-644,2506,-1688,-14420
-113,-1520,-894,2834,-1580,-14532
-115,-1520,-468,2678,-1732,-14556
-75,-1472,307,2810,-1856,-14560
-311,-1536,245,2634,-1912,-14692
-569,-1504,-140,2382,-1952,-14652
-271,-1536,161,2542,-1924,-14748
324,-1504,921,2694,-2184,-14652
365,-1488,932,2562,-2188,-14496
290,-1488,1255,2566,-2124,-14316
-32,-1504,778,2490,-2000,-14452
3
-32559,-1520,-30071,21222,21988,32008
-32559,-1504,-32598,23134,14544,7372
-32559,-1488,-3252,22750,10628,-8588
-32559,-1488,1654,16882,22220,-1816
-32559,-1504,-32598,18290,7552,-12216
-32559,-1504,-14739,14702,1428,-23700
-32559,-1536,-6213,31817,-9564,-12352
-32559,-1504,-32598,31817,2724,-32768
-32559,-1488,-14188,16434,-10700,-13152
17328,-1520,299,8082,372,-17436
-8174,-1520,-18291,13978,-396,-22684
-6096,-1520,13145,3010,-6120,-22396
8362,-1472,1326,-718,-7908,-18812
5958,-1536,-2492,3374,-5768,-19388
-4413,-1504,2616,2162,-5708,-17728
-3091,-1520,-2607,4318,-4816,-16012
-4003,-1504,-1187,586,-3644,-15688
-2405,-1488,-911,1806,-2296,-14740
-238,-1520,-769,966,-2528,-14548
284,-1536,-3076,1330,-2796,-14464
-712,-1536,-3724,2254,-2472,-15128
-717,-1504,221,2386,-2136,-15408
-1089,-1504,1063,1758,-1576,-14884
-1372,-1504,-203,1466,-1644,-14452
-1069,-1520,-1693,1566,-2060,-14540
-885,-1520,-114,1954,-1964,-14524
-1036,-1488,-716,1518,-1480,-14316
-991,-1552,-78,1774,-1628,-14604
-271,-1504,295,1746,-1892,-14668
-279,-1536,665,1798,-1992,-14684
-190,-1472,866,1726,-1928,-14544
-440,-1504,1020,1562,-2076,-14468
3
-32559,-1520,-31321,16526,19696,31912
-32559,-1520,-26934,18126,10280,11004
-32559,-1520,139,23426,5668,5796
-32559,-1536,-17811,30366,23136,1188
-32559,-1504,-32598,23186,5708,-16212
-32559,-1472,-6998,16466,-2436,-26788
-32559,-1504,14275,31817,-5224,-21236
-32559,-1552,-32598,31817,-5504,-32768
-32559,-1520,21186,18186,-7284,-22248
13726,-1488,1382,11150,-1664,-20664
-5401,-1488,-2752,15646,-10124,-22564
-5896,-1520,1622,8362,-11460,-18024
-2775,-1536,4498,5094,-11116,-17156
1975,-1504,3131,2262,-9240,-16804
5901,-1504,1350,5386,-7028,-15036
878,-1536,-1486,4410,-5208,-14740
-3203,-1488,1055,3390,-4248,-14508
-2416,-1520,493,3238,-3904,-13896
-998,-1520,449,3998,-3848,-13224
-2352,-1536,-289,3462,-4064,-13508
-2204,-1504,106,4210,-4456,-13288
-829,-1504,1395,4058,-4324,-13040
-871,-1520,261,3694,-3912,-12804
-620,-1488,195,3670,-4316,-13072
655,-1520,859,3962,-4380,-12920
708,-1520,654,3898,-4252,-12980
186,-1520,-884,3894,-4360,-13216
451,-1504,-743,4078,-4736,-13664
1307,-1536,1477,4262,-4912,-13668
1093,-1504,715,4002,-4684,-13352
283,-1504,-892,4014,-4668,-13216
45,-1520,-278,4326,-4960,-13872
3
-32559,-1520,-15013,21150,14472,26480
-32559,-1536,-8506,17290,6368,9292
-32559,-1520,8379,23878,7740,7420
-32559,-1520,-18,22506,17164,-1920
-32559,-1520,-6412,19022,3344,-12600
-32559,-1504,7879,13050,-3388,-17756
-32559,-1504,-13929,26498,-7924,-15916
-32559,-1504,-30164,31817,-8728,-32768
-32559,-1520,-6286,22462,-15096,-10372
19798,-1488,-25620,9326,-940,-31076
890,-1520,-5955,18846,-8752,-24672
2518,-1520,2369,8382,-10004,-21484
1632,-1488,5034,6794,-10160,-18812
-6119,-1536,363,1782,-10428,-18684
1413,-1504,-3776,4050,-7232,-17908
5321,-1504,-5225,4518,-5364,-16696
-1568,-1504,-2789,2846,-3584,-16220
-4457,-1536,1275,3122,-3332,-15280
-3010,-1504,-1890,4094,-3140,-14868
-4977,-1488,-1171,3406,-3340,-14664
-5590,-1520,-3151,3478,-3324,-14244
-3186,-1536,-88,3538,-3548,-14524
-1632,-1504,1871,2730,-3140,-13916
-1477,-1504,1094,2690,-2912,-13756
-1527,-1504,1566,3182,-3060,-14000
-911,-1504,1741,2658,-3188,-13728
-1064,-1536,1462,2578,-3348,-13492
-1069,-1520,541,2594,-3248,-13420
-664,-1488,370,2966,-3436,-13892
69,-1520,2108,2682,-3636,-13616
303,-1488,2059,2526,-3488,-13520
104,-1488,855,2466,-3724,-13316
3
-6108,-1504,-13248,12150,-13056,-24884
-14650,-1520,-2224,10662,-14864,-22076
-12665,-1536,4287,4978,-13448,-19076
-5802,-1536,1936,-2810,-10768,-17088
6121,-1504,3307,2262,-9052,-14472
8907,-1568,-292,2618,-7840,-14068
-1493,-1552,-2598,842,-5572,-13700
-3485,-1552,-313,886,-5232,-13404
-175,-1520,-2326,2082,-5432,-13224
396,-1536,-871,1526,-5392,-13000
1572,-1504,-365,2406,-4544,-13860
730,-1568,-730,2542,-4688,-13688
682,-1536,-875,2130,-4728,-13596
860,-1520,-255,2430,-5016,-13760
961,-1488,-232,2230,-4952,-13812
270,-1520,-1353,2438,-4748,-13732
-90,-1488,-1722,2346,-4680,-14016
379,-1520,-485,2774,-4980,-14316
736,-1536,-142,2334,-4620,-14028
-95,-1504,-337,2230,-4648,-13816
-270,-1504,-984,2834,-4988,-14404
-112,-1504,-291,2562,-4712,-14064
-380,-1504,136,2606,-4976,-13840
142,-1536,746,2734,-5180,-13756
294,-1504,382,2590,-4996,-13672
33,-1520,-192,2830,-4976,-13580
-85,-1552,-75,2786,-4976,-13752
-152,-1504,-164,2866,-4880,-13700
-138,-1504,249,2802,-5200,-13604
-60,-1504,-301,2606,-5048,-13480
3
-32559,-1520,-3846,16502,3456,7300
-32559,-1520,20753,24546,23304,1272
-32559,-1520,-10945,31817,18384,-7752
-32559,-1520,-29543,25042,4960,-25484
-32559,-1520,-22977,31817,-11252,-27680
-32559,-1504,-26720,15346,32468,-25080
28711,-1536,-28721,7726,13004,-28332
26214,-1504,-5089,18534,-6748,-27580
19387,-1504,15881,11954,1488,-32768
22022,-1520,15526,1274,-5656,-27272
2563,-1504,-1752,5854,-11280,-20880
-3830,-1520,-2420,-1854,-9644,-21852
5367,-1488,-721,5346,-8156,-18848
186,-1504,-3342,1170,-3856,-16540
-3913,-1504,4386,-478,-4192,-16232
-1687,-1536,1904,2370,-4220,-15628
-2308,-1504,3165,1198,-3628,-14232
-2367,-1520,1307,2106,-3924,-13612
-1645,-1520,531,1550,-3784,-13536
-1477,-1488,-173,1766,-3788,-13876
-870,-1520,520,1974,-3424,-13836
-196,-1504,2149,2518,-4072,-13876
-366,-1504,2078,1638,-4004,-13448
-1240,-1504,-366,1838,-4292,-13548
-495,-1504,566,2166,-4892,-13796
82,-1536,1058,1486,-4580,-13276
831,-1520,664,2006,-4752,-13648
1593,-1520,1779,2018,-4808,-14028
1515,-1520,2207,2046,-4880,-13816
436,-1520,-35,2114,-4708,-13608
-539,-1504,-1154,2290,-4948,-13936
-148,-1504,25,2422,-5348,-14184
3
-32559,-1504,17786,18654,4196,31664
-32559,-1504,31617,15378,17116,32767
-32559,-1504,10250,11550,21052,32767
-32559,-1520,-21857,16050,17160,29492
-32559,-1488,-18491,21010,9268,11400
-32559,-1520,2982,24558,8568,9656
-32559,-1488,-19804,30918,12092,9688
-32559,-1456,-20164,28818,5348,-9388
-32559,-1504,3702,30662,-952,-17156
-32559,-1536,-24816,31817,-7936,-32768
-32559,-1536,-17275,30882,2644,-32768
28305,-1504,5534,10450,-1172,-22936
215,-1504,-6740,11574,-4608,-24752
-2363,-1520,-63,8786,-10292,-23372
2737,-1536,-3739,4598,-6512,-16744
-2981,-1504,-497,3030,-5096,-16736
-4846,-1504,1607,926,-4164,-15252
-4291,-1504,-3153,2258,-3888,-14672
-3450,-1504,-58,2410,-3940,-14428
-2090,-1520,-46,2414,-3504,-13676
-1740,-1488,-1830,2126,-3260,-13420
-2204,-1488,-2075,1662,-2748,-13640
-1690,-1488,-2137,1854,-3292,-14304
-860,-1504,-532,1566,-2984,-14248
-840,-1536,-780,1614,-3036,-14084
-669,-1504,-963,1598,-2860,-14184
-855,-1504,-808,1354,-2672,-14052
-532,-1504,-762,1358,-2584,-13964
-270,-1520,-1031,1174,-2604,-13900
252,-1520,-1071,1762,-2664,-14280
3
-32559,-1504,-16065,20134,12100,32767
-32559,-1520,-32598,23370,10448,32256
-32559,-1504,-32598,23990,6632,11784
-32559,-1504,-6880,25722,9736,4884
-32559,-1472,-7073,23846,19452,-2568
-32559,-1536,-12768,21362,11432,-13512
-32559,-1520,1269,22482,4684,-23352
-32559,-1520,-3115,27530,-1032,-28176
-32559,-1520,-32598,31817,2568,-32768
30566,-1504,-15014,14178,7256,-32768
16371,-1536,10391,12474,-3896,-19900
6049,-1504,-9873,7370,-2260,-22604
5881,-1536,7761,1834,-5744,-22644
10746,-1520,3600,4374,-6684,-20896
6147,-1520,3506,-1126,-5256,-21612
3254,-1552,144,2890,-3624,-19588
-685,-1488,4693,1178,-2696,-18024
-1492,-1504,1407,1786,-1740,-16504
-517,-1536,1231,2090,-2356,-16260
-1647,-1504,1896,2342,-2640,-15684
-2510,-1536,-268,2858,-2836,-15472
-1949,-1504,1780,2986,-2376,-15264
-1710,-1536,2807,2298,-2252,-14412
-2192,-1520,963,2258,-2592,-14520
-1408,-1520,961,2210,-2580,-14256
-602,-1552,2121,2670,-2800,-14312
-1205,-1504,520,2230,-2392,-13884
-1804,-1504,362,2342,-2480,-14388
-864,-1536,1961,2194,-2940,-14556
-1025,-1536,1631,1642,-2656,-13780
-1579,-1520,697,1890,-2536,-14056
-1059,-1520,1198,1958,-3012,-14216
3
-32559,-1536,-32598,24730,21684,32767
-32559,-1504,-30294,24566,15012,4416
-32559,-1504,14868,31234,12084,-88
-32559,-1504,14003,31817,19556,-18440
-32559,-1488,11977,26658,1116,-7848
-32559,-1456,-32598,30402,1416,-13760
-32559,-1488,-32598,31817,-6532,-32768
-32559,-1488,-11203,31817,-21668,-32768
28967,-1504,-32598,10882,7452,-9616
3622,-1504,-6386,7618,-11824,-32768
1440,-1504,6282,13098,-8464,-23860
3233,-1504,1288,3994,-12200,-20952
3886,-1504,-181,1862,-9544,-20216
1440,-1520,-2435,4926,-7640,-18608
-2131,-1488,-645,3158,-4876,-17276
-4306,-1520,-622,3102,-4656,-16236
-4251,-1520,-81,3566,-4544,-14592
-4623,-1520,-1812,3550,-4404,-14028
-3603,-1488,-1208,4318,-4120,-14388
-1944,-1552,1135,3258,-3584,-13284
-2165,-1536,1149,2990,-3460,-13104
-1017,-1504,-723,3646,-3596,-13620
-557,-1536,-158,3242,-3432,-13868
-323,-1504,847,3546,-3480,-14256
-345,-1504,863,2770,-2976,-13688
-944,-1520,-302,2382,-3000,-13788
-594,-1504,-27,2530,-3244,-13928
-253,-1488,129,2754,-3300,-13884
16,-1488,460,2690,-3260,-13876
-551,-1488,-663,2546,-2980,-13772
-824,-1520,-684,2894,-3460,-14108
-162,-1504,204,2714,-3740,-14324
3
