-10921,-1712,2599,19610,32467,-6872
-17163,-1696,-976,26446,32467,-6192
-22946,-1680,12096,27734,32467,-15236
-32558,-1696,-148,23006,32467,-15396
-32558,-1680,-22915,26814,32467,-14792
-32558,-1696,-32507,27394,15556,-13940
-31101,-1696,-26445,22586,5408,-8148
-28407,-1712,-6809,16242,-1844,-5204
-29186,-1728,8154,11658,-6376,3596
-22710,-1744,-32599,8638,-24,7912
-8992,-1696,-1261,4334,-824,9404
-2119,-1680,1893,2522,1500,2456
12038,-1680,6599,-6262,9308,8940
5212,-1712,-18323,-4530,10528,4048
9255,-1696,-24704,-1206,8664,4664
17217,-1712,-17072,-2606,8280,3804
25094,-1712,-19706,-358,11072,-1476
23997,-1696,-21541,-2582,12928,4728
14773,-1712,-17188,-1838,8836,5664
8745,-1728,10415,2282,13504,5040
13409,-1680,-14,4502,22272,5800
-930,-1712,7706,4318,18492,14776
7549,-1696,14194,13554,21480,288
-1904,-1680,-16871,9518,21448,9996
-11417,-1696,-7008,15558,20436,4832
-8021,-1680,-5702,17906,10772,728
-6560,-1712,-10118,18318,8232,5972
-9206,-1664,-8020,20858,7192,5064
-7925,-1712,1260,23626,6636,3072
-4882,-1696,6308,21806,5400,3524
1
-6824,-1648,-10056,26426,32467,-8580
-8521,-1632,-24632,31817,32467,-7024
-18854,-1648,-7602,31817,32467,-13892
-26567,-1664,-26460,31817,32467,-23192
-26979,-1648,-32598,31817,28608,-17444
-21749,-1664,-32598,31817,11424,-11664
-15960,-1664,-23177,29598,2936,-8836
-14551,-1680,-4457,20962,-6580,16
-11486,-1664,18394,14382,764,6264
-13223,-1680,5606,10098,-524,6736
-7422,-1664,-1375,9470,-4296,3820
5933,-1680,-129,8650,2680,5608
18703,-1648,-13310,4742,8032,2444
9196,-1696,-16991,-690,-888,4008
5347,-1680,-20813,10,4100,224
16213,-1664,-3928,1054,5820,-952
23585,-1680,12084,-2982,12488,2112
31059,-1696,26327,-3558,11776,-3104
-32559,-1648,-32599,334,17832,-7952
-32559,-1680,-32599,1034,32467,-2240
28859,-1664,-24226,-9238,30016,4764
11963,-1648,-24351,-2874,13148,3076
5512,-1664,-7874,11934,18552,-10176
12850,-1680,6421,11042,18820,-2116
7184,-1664,20279,19802,25936,-2148
3153,-1680,-9651,17598,25104,2192
-4861,-1648,-23916,18142,15028,216
-10997,-1632,-14551,21182,11568,-864
41,-1648,4410,21994,4180,-776
-2547,-1664,-3584,16558,7328,6668
-3230,-1616,-10226,17986,7444,208
6043,-1664,-873,17306,4248,1620
1
-25211,-1632,13441,31817,-17552,-8320
-32558,-1648,-32598,29470,23736,-748
-22635,-1648,-32598,31817,9164,-32768
8658,-1664,-16505,25306,-22792,-9032
-12656,-1648,-6518,-16942,-4108,5544
-424,-1632,25691,-1518,4648,3980
-8835,-1648,13956,-1958,248,5612
6250,-1648,9649,1882,8652,-6448
5297,-1664,6391,-6814,11452,12304
7225,-1648,-32599,-3810,4972,7556
4811,-1696,-32599,-4106,17108,-4544
28389,-1648,-11878,-3326,17040,2016
24722,-1680,-8755,-5782,17624,6152
24406,-1664,10411,-4946,6016,2768
28829,-1648,26239,-286,11408,-364
31365,-1664,4283,1966,20180,-3720
23378,-1664,11656,1502,24548,632
25065,-1680,-26078,2914,21552,-5496
9613,-1664,-10175,5306,18932,1144
852,-1648,-16070,10310,24984,1456
-3923,-1664,-22642,7514,17796,2532
-14214,-1664,-15164,15198,15528,4744
-14682,-1680,-15099,19578,10116,936
-8753,-1632,-14633,18798,3968,804
-5862,-1680,-8136,19666,5220,4240
-3651,-1664,-2681,21302,5416,2956
-2270,-1664,2415,20730,4688,4004
-2258,-1648,2102,18770,5136,4984
-1632,-1664,1145,17306,3152,3612
719,-1648,3935,16474,2864,2780
1843,-1664,4058,15590,3896,4052
667,-1664,2851,15586,3784,3400
1
27597,-1664,1849,3370,5464,2988
32180,-1664,5110,2110,8492,828
-32559,-1648,1443,-306,15940,-1348
-32559,-1664,-10669,1078,14524,-7088
27067,-1648,-9430,1938,29416,-3232
12587,-1632,231,-1594,29772,144
3044,-1680,2949,3694,18412,936
-3061,-1648,5314,5646,15120,3120
-1415,-1632,-6171,15606,11232,-520
-7566,-1680,1681,27658,12748,656
-8564,-1664,3331,31817,10796,-3200
-8234,-1680,8600,30018,11796,32
-5452,-1664,4450,25550,11184,176
-3430,-1664,444,19130,6224,3356
2477,-1680,6675,18598,2992,1112
9321,-1632,10774,17502,4088,448
8719,-1680,4490,15026,6148,3352
5917,-1696,-2228,14550,4780,2960
3723,-1712,-2340,14502,2496,2372
1856,-1680,1063,14670,2744,1808
471,-1696,2234,15478,3280,2368
-755,-1648,46,16042,3488,2556
-1316,-1696,-4652,16354,3016,2488
-1650,-1680,-8011,16202,1924,2800
-2728,-1680,-9263,15938,772,2840
-3687,-1648,-7207,16098,764,3216
-3218,-1680,-4671,16486,996,2336
-3461,-1664,-1872,15614,312,3288
-6140,-1680,1592,15770,856,1532
-4792,-1632,-1194,17782,2400,-2284
-443,-1680,-3006,16270,3152,1188
149,-1664,-4674,15854,2044,1320
1
-27680,-1648,-5194,16858,-9956,-5156
-25993,-1664,13430,13098,-6128,-724
-18428,-1648,23964,16098,-2720,1276
-7397,-1664,12544,11242,-296,6980
-297,-1696,12349,11254,2004,3124
12228,-1680,11212,9006,4616,3152
19586,-1696,8070,7822,3608,4376
27938,-1680,10073,7478,6772,3436
-32559,-1632,264,5846,13676,-3100
-32559,-1712,-9495,2630,14616,-4232
-32559,-1680,-5502,2566,21252,-8100
-32559,-1664,3133,34,31256,-5772
28501,-1648,-4092,-110,28384,-6588
14662,-1696,10586,3442,20876,5004
9627,-1616,-2947,13446,22468,4020
-3307,-1680,-4107,16322,23204,1976
-4600,-1680,-9633,19978,14568,1176
-6182,-1680,1531,24642,11068,1528
-5391,-1696,3565,23998,13180,2936
-3958,-1648,-2274,21638,11664,1572
-1543,-1664,-3288,19958,7508,3128
4563,-1648,7761,19166,4956,1216
5135,-1696,8756,15702,3856,5584
2681,-1680,5777,15094,4236,4304
753,-1664,3177,15086,5832,3560
1439,-1632,1814,14902,4020,2640
1092,-1680,-561,14766,3752,2712
-238,-1664,-529,15398,3388,3620
-1097,-1648,-1034,15990,2560,2768
-1469,-1696,-2694,16082,2492,3440
-2655,-1648,-5790,15966,2756,4076
-4939,-1664,-11864,16046,2568,3884
1
1475,-1648,-5588,16014,12504,-2688
-706,-1696,3316,20774,13832,-2964
820,-1664,3236,23070,9968,352
2771,-1648,43,26602,10748,-436
70,-1664,856,28942,10332,-264
-2238,-1680,2398,23574,9204,2120
-2169,-1664,5159,20298,5652,1476
2759,-1648,5293,18094,4520,2196
5352,-1664,3260,16778,4028,2808
5995,-1664,845,15342,4964,2664
4472,-1648,-699,14938,4120,2568
2865,-1664,-2371,15014,2348,2048
2334,-1648,-366,15130,2308,1844
1126,-1696,1973,15162,2728,2320
-946,-1680,-1018,15134,2680,2684
-2852,-1664,-6112,15602,2876,2892
-4705,-1680,-10709,15886,2396,2744
-5110,-1696,-10903,16270,508,2464
-4617,-1648,-6361,16266,40,2620
-4208,-1664,-359,16450,216,2476
-3491,-1664,1683,16798,1428,660
-1570,-1648,-1394,16754,1828,1468
-692,-1664,-3646,16466,1796,2112
-577,-1648,-3328,16098,1228,2060
-764,-1664,-2182,16238,1372,1984
-292,-1648,-586,16330,1208,1980
352,-1696,2287,16366,1280,1920
1055,-1680,4497,16330,1704,1796
1262,-1680,4456,16290,2188,1908
748,-1664,2143,16070,1856,2156
121,-1616,598,16078,1760,2104
-438,-1664,-364,16018,2132,2264
1
-26086,-1680,-16742,26418,32467,-9996
-31690,-1648,-21208,29186,32467,-16860
-32558,-1664,-14894,30282,32467,-28220
-32558,-1680,-32598,26774,32467,-19180
-28864,-1664,-32598,30546,21440,-19748
-22217,-1680,-32598,31110,-2696,-17372
-24774,-1680,-8695,28094,-9344,-8712
-29453,-1696,-2468,23354,-12092,20
-19818,-1680,6798,25726,-7576,-3336
-2157,-1632,24545,17606,-2376,5112
11863,-1648,16339,11602,624,6416
25454,-1648,6680,5390,9472,6096
26402,-1664,-14442,3618,10076,7912
20875,-1680,-17061,-3550,10864,1092
24809,-1664,-1958,-4554,17184,904
22741,-1648,5251,1798,17780,-156
21379,-1680,22398,1314,24108,2656
11024,-1680,8772,-1470,23928,5788
5593,-1680,13478,6698,20448,-876
5749,-1632,6891,7846,23608,2796
-1173,-1680,-2381,12210,20712,2544
-2884,-1680,7014,18518,20584,1072
-154,-1648,9268,16926,15736,1168
2969,-1680,4150,17678,13528,1032
452,-1664,3031,17730,11056,5596
-4361,-1680,-7339,17398,10136,4804
-8748,-1664,-13109,19470,9852,-1196
5829,-1680,10541,19122,4660,3056
229,-1680,5728,15990,6224,5108
-2330,-1664,1097,17074,6788,2872
1326,-1680,4437,17218,6864,1120
3272,-1664,4080,15606,6092,2664
1
14329,-1664,-13356,-6586,12416,13556
9174,-1648,-337,-7746,4976,8256
16318,-1664,-7191,-1266,11692,236
29768,-1680,8091,-218,14844,260
-32559,-1680,19681,-574,8604,1616
26163,-1664,17641,774,20620,-236
22389,-1680,17191,1058,24148,-3444
21256,-1696,5801,4850,17120,-480
7559,-1664,3174,4814,20960,32
10430,-1680,1622,11662,18040,-8408
11227,-1664,12258,18678,20048,-2664
8094,-1680,2965,15962,16924,532
-169,-1664,-5441,20102,13220,2136
-6890,-1664,-9568,22630,13832,3068
-9077,-1680,-20797,21906,10176,2144
-402,-1664,-8723,22502,5852,-2900
7607,-1648,6395,18922,3428,5164
603,-1664,1013,17266,3836,4984
-1545,-1648,-90,17498,4744,3012
1290,-1648,5936,17102,4524,2332
2149,-1664,5542,15842,4408,2976
1477,-1680,2539,15454,4128,2924
1616,-1664,2487,15686,2968,2724
1552,-1696,4164,15534,2616,2556
-16,-1648,-286,16202,3428,2800
-254,-1696,-5208,16222,3516,2712
-1010,-1680,-8985,15966,1956,3188
-1424,-1664,-6466,16078,980,2996
-1087,-1664,-1391,16022,688,3044
-1522,-1648,2305,15974,836,3068
-1856,-1664,3735,16194,1744,1868
-1395,-1680,-1065,16502,2200,1960
1
-22690,-1664,-1156,21834,32467,-15280
-32558,-1648,-22828,22574,32467,-13848
-32558,-1664,-3378,21930,32467,-30756
-32558,-1648,-29098,24198,32467,-25036
-32558,-1664,-32598,27738,23088,-27288
-32558,-1648,-32598,30250,132,-21340
-32558,-1648,-5109,19574,-10956,-10996
-32558,-1664,12408,17738,-2912,-3732
-32558,-1648,20593,18594,-3108,1620
-10703,-1632,17390,15210,-3600,6760
1146,-1680,7008,11258,1040,6224
14226,-1680,18136,6406,2592,3124
26690,-1664,3773,4194,6672,4108
21003,-1648,-11816,-1766,3396,6532
19691,-1664,-7711,-2578,4604,4952
28968,-1648,5402,-2450,16424,2992
31927,-1680,-873,-2934,16640,1044
-32559,-1696,1920,-3886,8320,-3316
31154,-1680,18835,-2294,22780,-3420
27200,-1696,11827,-750,27148,-3756
21807,-1664,-1977,-710,18340,-1912
12718,-1680,193,3394,24208,-772
16127,-1664,-4392,9022,19232,-5740
15410,-1648,8384,11214,18464,-392
12836,-1696,3148,11874,15708,1136
6019,-1664,1683,17058,15352,3700
-2263,-1680,-10365,16638,16684,220
-86,-1664,-10094,19098,6832,1696
5045,-1680,-3741,20550,7060,-1016
4780,-1648,3371,20042,3692,5320
-633,-1664,-647,19494,5644,4256
-6597,-1648,-5481,18326,5436,3652
1
-32558,-1680,-18578,18554,4808,-2100
2319,-1696,8512,9542,-11596,7764
4079,-1680,12233,6430,-3544,-64
16028,-1664,-32599,638,1020,660
26361,-1648,23594,-3322,10200,3248
13977,-1680,-13811,-4070,7544,10716
9945,-1632,-10416,-3070,3336,7732
19675,-1680,9512,-1374,7892,2592
-32559,-1696,12773,-3142,14280,-56
-32559,-1648,8354,-4270,11028,832
-32559,-1648,13861,-3138,12584,-4364
-32559,-1664,13886,-3098,25072,364
23991,-1680,-2910,-818,14564,-2868
20743,-1664,18849,2386,18220,-2492
16742,-1648,3057,4974,22528,-5180
19705,-1680,9118,11162,14276,-5892
15970,-1696,16977,14078,19560,-5036
11762,-1680,-861,17418,15096,-5676
8477,-1632,-6102,23758,16048,-6860
6831,-1680,-8427,25138,14364,-6492
6614,-1680,-4232,21170,11528,-4188
2430,-1680,-1963,17978,8032,1512
-2114,-1696,-3057,17170,4472,872
-2292,-1664,2595,16994,3144,-160
675,-1680,11084,16046,3664,-16
4188,-1632,9939,16098,6676,-1500
4475,-1680,7222,14786,6412,-68
2641,-1664,3255,14858,5604,-736
1561,-1680,-498,15070,5480,-756
976,-1696,-3542,15258,4960,-220
160,-1680,-5742,15378,3760,248
-276,-1680,-4147,15718,2416,872
1
-32558,-1680,-21499,14082,-1560,-2324
-1015,-1664,22288,9930,-7936,18364
2526,-1664,15845,10466,3272,3664
14278,-1680,9797,4938,12260,2360
26112,-1696,-8230,-406,13196,5084
14730,-1680,-8763,-5278,2916,10744
14286,-1664,-5228,-3890,6552,5036
17417,-1680,-4287,-1506,11864,4120
24904,-1696,-1421,-2266,12360,1664
26969,-1664,16216,-3534,11080,696
22969,-1648,18629,-2786,26380,3936
16321,-1664,-16035,-1346,18012,116
5326,-1680,4899,2430,20360,3596
1185,-1600,-8755,4146,21580,1848
-400,-1648,-3705,8662,17412,6688
-5428,-1680,6746,13930,19172,4044
-4866,-1664,2725,13474,12964,5356
-9206,-1712,1389,17518,11316,3776
-6322,-1664,-722,18394,8576,2752
-1350,-1680,-2529,18770,8060,2656
-653,-1664,-2139,20034,5604,5252
-5497,-1680,-2133,20518,6248,5892
-8218,-1664,2603,21474,5904,2824
-3581,-1680,9399,19646,6144,3600
-1727,-1680,7083,18086,4732,3896
3554,-1664,4964,17674,5908,2972
4673,-1712,-2789,15850,4656,4872
4193,-1696,-5904,15638,3072,4864
3774,-1648,-4305,15474,2252,4660
3181,-1696,357,15758,1148,4516
2825,-1648,4167,15670,2132,4696
2193,-1648,4223,15922,2344,4280
1
9726,-1696,-18347,502,16376,1548
3519,-1664,13961,7146,12772,-820
1083,-1648,14799,8982,28660,2360
1276,-1664,-9559,10718,21180,824
-1172,-1648,-1943,12446,11576,2268
-5352,-1648,-1162,16982,12844,3396
-4920,-1696,-4312,20262,9588,2028
-1083,-1712,5495,22262,12716,-1224
854,-1664,782,20122,9668,3920
-286,-1712,-5542,18534,6040,3884
-1731,-1680,-6576,18222,6060,2604
-353,-1696,782,17454,3772,2496
1127,-1680,5496,17126,4188,1980
6167,-1664,10893,16762,4220,1824
6495,-1648,6205,15382,3940,2508
4312,-1696,3181,15338,3088,4580
2533,-1664,2339,15726,3972,4076
798,-1648,783,15542,3564,3936
682,-1632,-308,15778,2892,3808
271,-1680,1754,15758,2792,3640
-262,-1696,3088,15786,3056,3944
-1396,-1664,2120,15574,3144,3992
-3287,-1648,-1728,15590,3896,3904
-4829,-1664,-6480,15782,3484,2736
-4574,-1680,-8871,15966,3364,2836
-2777,-1696,-7785,16302,3180,2232
-394,-1696,-4107,16162,2660,2572
565,-1680,-1063,15926,2304,2968
734,-1664,995,15862,2764,3084
820,-1648,1840,15954,2792,2816
875,-1680,1364,15886,2856,3036
414,-1664,616,15890,2680,3184
1
-26711,-1696,-29024,27418,32467,-15216
-21597,-1680,-17050,24014,32467,-25644
-32558,-1648,-19570,18242,32467,-18180
-32558,-1648,-32598,23938,20784,-18308
-32558,-1664,-32598,30614,-3664,-16348
-32558,-1680,6764,26478,-15692,-8012
-32558,-1680,16591,12110,1136,3136
-6941,-1696,25911,13186,-11752,1252
-1352,-1616,11165,6370,2872,6304
6965,-1664,12247,5502,2616,1836
17854,-1680,19560,1750,3012,3676
17660,-1664,12032,-698,6772,5144
13308,-1680,-3513,-570,7616,8912
14775,-1696,-6769,1570,8464,1168
30373,-1680,4630,-138,10856,-848
-32559,-1648,-3177,-2570,12796,-1520
-32559,-1680,4594,-2974,12480,-3428
-32559,-1664,12794,2566,22452,-6820
32355,-1680,10340,3202,27012,-6560
6384,-1728,24099,-6910,25756,7564
5712,-1680,4966,7038,17876,-544
10043,-1680,341,15618,22032,-14212
10583,-1664,-6279,11422,19372,-1248
8684,-1680,-3671,15910,12052,-1896
4748,-1664,2373,17994,13904,-2336
4781,-1648,-1953,18594,13104,-1192
6700,-1664,-5423,18670,10084,-2252
6450,-1680,-1996,17566,4832,1792
1179,-1664,574,17510,6028,3032
-3419,-1648,-5863,17922,7076,848
-3045,-1696,-2824,17434,6340,664
1
-29417,-1680,-19021,25650,32467,-26036
-31627,-1680,-22857,21666,32467,-23128
-32558,-1648,-32598,21546,24416,-14584
-32558,-1680,-32598,28538,2772,-13804
-32558,-1680,722,30014,-10316,-5060
-32558,-1664,9991,19702,-2620,780
-8424,-1648,7053,17278,-3992,10164
5582,-1680,14152,9534,1684,2020
11489,-1664,16957,2930,4944,3272
27228,-1680,13240,350,7916,2940
12081,-1664,-15785,-5754,9612,11068
4935,-1680,-22985,-3066,6980,7768
3814,-1680,-3652,-2262,4404,5448
18583,-1712,8472,-202,13996,2572
26911,-1664,10656,-3198,10960,3872
22969,-1632,21871,-1766,9856,2912
24786,-1648,18662,522,16772,-1000
20116,-1632,12251,1606,17324,-1012
11482,-1648,22087,2910,25652,52
2414,-1696,-8874,3802,21536,-1896
4200,-1648,803,14418,22236,-11120
6405,-1664,1541,12598,21092,440
2449,-1648,670,14686,15772,604
615,-1632,4756,16962,17540,1404
290,-1648,-6977,15842,13272,2580
3425,-1648,-12130,16106,10444,-2040
5782,-1664,-6062,16382,3200,5376
1111,-1680,-5613,17890,5444,3732
-165,-1664,-6132,20406,6776,1120
2579,-1680,5231,18166,6012,3244
-1166,-1648,5126,17638,5100,4080
426,-1664,11071,17378,3800,2564
1
-32558,-1664,5540,20926,-10368,-8748
-32558,-1680,17335,12286,-864,-712
-25605,-1680,-32265,22142,3624,-10452
-1529,-1648,18531,11734,2820,2232
-724,-1648,16498,9594,1116,3832
8421,-1632,14502,6314,5536,2584
15407,-1648,-4054,3106,6096,7952
13205,-1664,-10307,1930,5552,6892
18145,-1648,6160,1750,7896,5364
24704,-1648,-163,-530,12728,952
31977,-1664,1173,-1718,13628,-216
-32559,-1648,10908,-2414,9288,-4752
-32559,-1680,26293,-146,22540,-4272
26397,-1680,587,234,32467,-1556
6187,-1680,3144,-318,13700,-1780
5203,-1664,20161,8254,24744,236
4391,-1680,-321,12198,22220,-3412
5327,-1680,10273,15434,17004,-1460
5930,-1680,5186,17522,16636,-2628
5617,-1648,-2891,18778,15008,-616
5051,-1664,-7603,19790,12860,620
6906,-1680,-8256,20110,10488,-180
5450,-1664,-4692,18446,5564,4636
-699,-1680,-3387,18182,6224,4236
-3321,-1664,-2490,18198,6272,2236
-2006,-1648,2875,17034,5444,2984
764,-1648,1601,16790,5324,1964
4277,-1664,1520,16014,5276,2764
3400,-1648,799,15398,3848,3012
2232,-1696,1873,15086,2996,3076
1255,-1648,2421,15702,3728,3268
575,-1664,1982,15378,5172,3316
1
-32558,-1648,-1969,25298,-8408,-7244
-32558,-1664,10198,21078,-8092,-1080
-10372,-1680,19882,12922,1152,3928
-4662,-1680,10515,13306,1404,1724
8123,-1664,17930,8518,2700,-860
20061,-1648,27853,1122,3692,-228
19504,-1664,5568,-1114,8424,9744
10764,-1680,-20084,-2170,10348,7068
8303,-1680,-8212,946,8016,3764
20074,-1696,507,-2370,12660,352
26070,-1648,-5236,-3122,16216,408
28217,-1664,1894,-754,11744,-1440
27262,-1664,11101,-1714,22152,-1820
18313,-1648,-9469,-622,24216,392
13348,-1664,1760,8194,10976,-7172
6742,-1680,15967,7806,12828,932
0,-1696,-18380,8846,25852,-576
-3786,-1680,-3369,17470,13676,140
-2197,-1648,-3430,19166,17184,1140
-1728,-1696,-9542,19286,11460,5380
-4660,-1680,-5860,20390,8952,4448
-3620,-1664,-2824,20162,8224,4684
-304,-1648,664,18646,6824,4100
2325,-1664,2526,17606,6192,4612
3450,-1664,5221,17218,4104,4716
3325,-1712,10979,16950,4472,4104
1646,-1664,11459,16110,5748,4044
1015,-1680,11102,16026,5432,4688
1880,-1696,10467,16126,4864,3648
1487,-1696,7666,15274,5068,4492
-185,-1616,3493,15258,5424,4680
-1133,-1632,300,15558,4712,4248
1
25113,-1680,2642,-2542,12852,3912
11224,-1680,-13433,-3642,4972,8356
6454,-1680,-787,-3458,6068,7464
10805,-1664,640,-374,11576,3116
23197,-1680,4794,-1298,12416,1836
28081,-1664,14537,-898,10776,-56
30252,-1680,18669,-494,20636,264
-1920,-1712,-4478,-266,24120,10172
3368,-1664,-553,14942,8104,-2920
1595,-1664,8676,14262,24880,7392
-4242,-1680,-10967,13578,24352,5912
-3742,-1664,-18648,16222,9660,5680
-6887,-1680,-5066,18238,6668,6412
-4640,-1696,717,20230,10600,5452
-4420,-1664,-10249,18958,8712,5432
-5181,-1680,-9947,18830,4624,4808
-5293,-1664,1092,19626,2668,5184
-3745,-1680,14435,19106,2596,4300
-1633,-1664,20663,17182,5020,3936
-1523,-1680,15460,16202,6548,4884
-546,-1680,10772,16342,5300,3696
1475,-1664,11088,15642,4620,3476
1684,-1680,8233,15418,5276,4032
469,-1664,2815,15358,5324,4284
-1187,-1680,-282,15542,4940,3768
-1509,-1680,-1152,15870,4428,3384
-684,-1664,-216,16054,3940,3140
203,-1648,1734,16050,3712,3304
-27288,-1680,-16720,28098,-15876,-17900
-32558,-1696,30784,21202,-7656,-7400
-29571,-1680,415,13926,3888,-7188
-9895,-1696,13531,12062,-7184,9568
1477,-1680,14226,14066,-2572,3372
19305,-1696,27033,7086,1280,-2212
27528,-1664,12561,-754,10944,1224
19382,-1680,-11939,266,7496,9864
21569,-1664,-6504,3810,3800,216
28717,-1680,22442,-2190,21556,756
32573,-1664,-19396,-1330,16624,-4356
-32559,-1680,3713,-1218,6908,-3828
32221,-1680,-32599,1610,27364,272
15580,-1664,5449,-3682,27900,-2232
1840,-1680,-3795,3474,16716,-3428
10265,-1664,15354,8754,21320,-5372
16594,-1632,4205,13730,25208,-9448
11224,-1648,-2027,16226,21372,-1900
7411,-1664,-6384,15122,18148,-1076
4169,-1680,-1745,17850,11484,-32
431,-1664,2765,19578,12528,60
991,-1680,-57,19010,12644,1188
1818,-1632,-2439,18006,9432,1676
2834,-1680,361,17422,6876,680
2691,-1680,5070,16330,5512,2244
1735,-1664,8981,15694,5536,2284
310,-1648,5928,15322,7148,1700
918,-1696,2831,15742,6484,1456
2773,-1680,2953,15170,5688,1992
1538,-1664,-1690,15086,5232,2440
193,-1680,-3283,15374,4660,2404
-528,-1680,-5368,15662,4876,2356
1
-32558,-1680,-5528,24966,32467,-11400
-24719,-1680,-20570,30122,32467,-25160
-27192,-1632,-26068,27826,32467,-24464
-29678,-1680,-32598,27186,31696,-26320
-30179,-1648,-32598,31362,12080,-21924
-32558,-1664,-14567,30990,-6560,-15908
-32558,-1680,11659,21206,-6084,-5000
-24511,-1664,-30606,29570,-436,-2620
-10561,-1680,16191,15354,-548,12144
-597,-1648,20996,16690,-3364,4304
10517,-1648,-2028,8014,19632,6040
23926,-1648,-12380,3474,18912,-8
17050,-1696,-6245,410,-1000,7476
10412,-1680,-6967,850,4988,1740
23222,-1664,15246,-86,5992,1276
30789,-1648,18197,-1962,15200,-1004
17558,-1648,14168,-3478,28796,3988
4177,-1648,14677,7210,20728,-1932
12149,-1680,12595,8366,24252,1016
-5278,-1680,-29822,11222,22744,3712
12297,-1696,15064,16982,21240,-4912
1123,-1648,-5708,16526,14652,7156
-2033,-1680,-6321,18854,13432,2064
-2657,-1664,-10839,19950,13864,2308
-2078,-1680,-7933,19554,8624,3224
-2599,-1664,-5597,17902,7804,5624
-4929,-1648,-5324,18690,6448,3012
270,-1680,5480,17958,4476,3708
1844,-1664,9021,16458,5792,3880
2150,-1648,8396,15818,6612,4300
1
-14623,-1680,13558,24390,32467,3448
-28962,-1680,9152,28482,32467,-5200
-31718,-1664,-29943,31790,32467,-21800
-22167,-1680,-23159,28082,32467,-32040
-31234,-1648,-32598,26246,32467,-26348
-32558,-1664,-32598,28890,10400,-26984
-32558,-1648,-14900,26282,-11224,-15444
-32558,-1664,15070,29626,-3884,-10916
-32475,-1664,-32598,23966,-2428,-5420
-10877,-1680,9513,21394,-9464,3836
3776,-1680,20758,16054,-1768,3392
16082,-1648,16623,3714,13096,5396
21154,-1648,-13238,4094,7232,9036
15205,-1632,-7747,322,-2808,9408
18640,-1680,10598,-3810,7660,5840
25376,-1648,8760,-1834,8236,1488
-32559,-1632,13328,-3738,15088,328
-32559,-1680,15823,-6194,14696,768
-32559,-1664,18239,-1346,23648,-404
19701,-1680,9112,-4362,22340,312
11707,-1648,18964,-2094,14324,2340
6160,-1664,15121,1418,24804,1276
9446,-1680,-12725,5898,23644,-6992
15160,-1648,9264,8022,22232,700
6373,-1664,-6474,9670,16796,1828
1764,-1648,-1110,16262,14692,-860
1475,-1632,-1884,17382,13900,3144
1827,-1664,-9459,18330,10704,384
340,-1648,-8844,19866,8152,2536
-1854,-1664,-6962,20302,8596,4120
-2275,-1632,-5666,19918,6704,1132
1956,-1648,4482,18606,5720,3436
1
-31207,-1680,-32598,24846,32467,-22524
-28434,-1680,-32598,23778,22212,-17088
-30805,-1664,-32598,29298,1100,-21120
-32534,-1632,1252,25726,-14332,-13036
-32558,-1680,23934,18422,4,-3756
-14547,-1664,26,20206,-1196,-656
-9042,-1648,5499,17818,-7636,756
5114,-1648,20934,13298,-1544,2084
14271,-1632,876,5746,15072,5188
26504,-1680,-2171,3974,11812,6816
22455,-1664,-11146,-10,1852,5208
-32578,-1680,-7214,362,9792,828
31099,-1648,4000,-3862,15856,3188
-32559,-1664,-627,-1938,11992,-5236
32167,-1648,24850,-2662,27684,-528
14842,-1664,5574,-6082,28788,1868
6526,-1648,10916,-1470,14264,-1668
4252,-1664,24631,4754,16984,100
1853,-1664,-4080,7374,17632,3680
9460,-1648,3142,14894,24048,-4964
2982,-1664,2355,11130,19756,2016
2092,-1680,-8957,15930,16720,-3896
2030,-1696,2575,18038,14224,2948
-2024,-1680,-5125,16462,12676,2564
-4678,-1680,-12701,16494,9496,1900
-4202,-1696,-7549,17746,7172,500
-635,-1680,-85,18282,5956,1260
647,-1664,5491,17490,5116,1324
3941,-1680,14165,17434,5496,716
2337,-1664,5978,15506,6828,2584
865,-1696,-1186,15966,6056,2488
-321,-1680,-6182,15534,5368,2100
1
-32558,-1680,-32598,21842,32467,-29972
-32558,-1680,-32598,23862,14044,-25620
-32558,-1664,-13692,26770,-1132,-19428
-32558,-1648,13773,29302,-8580,-13924
-32558,-1696,-28923,26094,6944,7912
-14679,-1696,-1201,23606,-3640,14652
6938,-1680,18503,20678,-300,4440
19820,-1664,16003,7438,13508,5236
-32559,-1680,2778,3546,7924,4856
25251,-1664,-12217,-1710,1880,6392
20817,-1680,-1526,-1890,6824,5296
22744,-1648,1937,-3750,8272,-1140
31719,-1664,6419,-2386,19900,-1124
29506,-1680,6501,-1190,12796,-648
20976,-1664,18773,-530,20096,756
650,-1696,22444,-2278,29228,6052
5423,-1648,-22927,8174,12024,-1444
-8887,-1664,6233,8186,21576,-408
-2849,-1648,-1424,15910,26972,-3924
110,-1696,3767,16518,21088,-7300
289,-1680,6878,17578,14572,-2376
2153,-1680,10868,20034,14988,1616
262,-1664,2537,19602,17284,5100
-3035,-1680,-2431,18226,10912,5272
-9795,-1664,-15834,19006,9792,1628
617,-1680,2339,20626,6940,844
7119,-1664,18273,16654,5236,3532
2803,-1648,6363,16778,6412,3748
2970,-1664,-227,16162,8028,3632
4138,-1648,-2698,15906,5672,3368
3856,-1648,-1541,15290,4300,3708
3292,-1632,756,15506,4556,3716
1
-29643,-1664,-25141,31817,-11492,-18552
-31711,-1648,14635,27978,-4348,-5388
-20151,-1664,-32598,30514,-3564,-11160
-10858,-1680,18895,16134,-11528,2952
3621,-1664,18521,10630,-1140,2592
14536,-1680,27374,1766,-2556,5592
18600,-1696,4010,1134,2080,8492
13006,-1680,-11766,-1790,4244,9332
11733,-1680,1285,-4270,4212,8772
13931,-1664,-4399,-838,5316,2032
21175,-1680,11339,-1814,8188,2308
26720,-1696,26497,-3390,10772,648
23146,-1680,23422,834,20952,2676
14066,-1632,15763,5470,18960,4328
6380,-1680,23329,9286,18332,-2568
8351,-1664,7870,11038,24056,904
5038,-1632,-8440,17214,20952,-2400
3139,-1648,4006,21170,22444,-9352
742,-1664,5471,20254,19828,-5368
-961,-1648,524,21746,14092,-484
2184,-1664,3340,21270,13400,2732
-822,-1680,-3930,21034,9468,612
-7357,-1648,-12965,18046,9572,2808
-11774,-1664,-14393,19566,5936,784
581,-1648,10171,18174,4304,2292
2169,-1696,12359,16206,6468,3044
2421,-1648,6443,15886,6212,2508
2618,-1648,4297,15826,5176,1228
1973,-1664,3646,15210,5092,2108
228,-1680,790,15210,4756,1584
-634,-1664,-1574,15414,4280,1476
-1358,-1680,-3770,15766,4500,1212
1
-31432,-1648,1224,29302,-5724,-5944
-29267,-1664,507,23694,-8652,-2412
-16763,-1664,-32598,25542,-10572,-5384
888,-1680,21242,17834,-10068,-1092
16469,-1696,-32599,12726,-4872,-2096
21910,-1680,11427,-778,15196,9496
23940,-1664,-91,-2110,10868,5212
13236,-1648,1887,-3154,5700,7644
14121,-1680,-3568,-5066,8432,5248
20562,-1696,-865,-1866,11268,1776
21999,-1648,2865,-1266,15500,5056
18309,-1664,10405,-1606,9044,4496
18737,-1696,28715,3106,19864,3388
14644,-1680,9096,2454,23336,4344
4993,-1664,23353,9542,19212,-5092
-5625,-1680,6563,9678,18464,-4324
-6711,-1664,-18029,12482,23912,2392
-13216,-1696,-5917,21902,15196,-1728
-3531,-1648,8209,22594,14536,28
-4147,-1632,3290,24358,12232,4688
-5706,-1648,6534,25010,14164,2720
-6763,-1664,5203,20906,11656,3016
-6679,-1664,2450,19210,8572,3556
-2298,-1648,5183,18382,6548,1888
2152,-1664,10012,16294,7824,2532
2223,-1648,7450,15246,8496,3028
4141,-1680,9195,15762,6544,1000
6515,-1664,12063,14830,6096,1548
3247,-1680,3750,14842,6996,3032
502,-1664,-2780,14722,6052,2788
-1339,-1696,-5599,15594,4324,2032
-1134,-1648,-3693,15742,3848,2032
1
-32558,-1664,-8474,24038,-4824,-12652
-32558,-1664,13500,23246,-7128,-7360
-24367,-1680,12172,15506,2468,4076
-13556,-1664,-1419,13298,-3276,2272
-6865,-1680,14822,13970,456,-428
3727,-1648,23063,11026,1112,1040
9578,-1648,-3535,8582,3860,4508
12849,-1680,-17251,1114,4780,6952
12919,-1696,-14460,726,9696,6168
15964,-1648,-15904,-502,2928,3332
23437,-1680,4104,-4614,10344,2464
28061,-1648,8630,-5158,18988,2104
28032,-1712,7395,-3606,11736,896
25147,-1664,23199,-3994,13936,1352
14808,-1648,13572,-918,27160,3108
13620,-1680,-12880,3634,14556,716
11599,-1680,14057,7142,16936,4996
3701,-1632,6077,6934,32440,2696
6871,-1696,-10791,11322,24896,-5916
3016,-1680,120,13434,22112,2428
-512,-1664,-3005,13998,18312,6096
-2862,-1648,-4987,15422,12464,6488
-5346,-1664,-2220,16730,13032,5416
-7380,-1680,-2592,17550,11112,4532
-8809,-1696,1585,18294,8992,3476
-4876,-1680,9696,18994,7144,1068
-772,-1664,16661,17134,7500,1996
1376,-1680,16613,16142,7944,1728
2248,-1648,10554,15478,8012,2372
2010,-1664,2887,14454,9000,2364
1038,-1648,-3173,14270,7612,2488
-623,-1696,-4106,14434,6520,2804
1
11025,-1680,31215,6090,384,-388
18214,-1664,1458,5838,100,9600
11848,-1712,-18852,-1506,-200,8860
3942,-1664,-9099,-490,3464,8228
7570,-1680,-10914,1210,1664,4692
22816,-1680,15933,-1106,7440,572
31355,-1664,22413,-1570,12684,1384
-32559,-1648,25756,-1154,10948,-2480
-32559,-1648,18450,2738,23992,-2984
21920,-1680,2536,-1054,25444,388
15506,-1680,3211,3722,21388,2012
2155,-1696,5614,5950,14684,8300
-3066,-1648,-9050,16354,21612,-4744
3078,-1712,5087,24066,23592,-8036
3846,-1680,6704,20962,19184,420
6682,-1648,9543,20862,19452,-1656
-5197,-1680,-8040,17506,9376,92
-1062,-1648,-1182,16778,7896,1136
1779,-1648,3256,16146,5952,1344
2834,-1664,8196,15310,6220,1740
1523,-1680,2094,15162,7228,1956
1269,-1664,-2620,15278,5156,1984
972,-1680,-3343,15434,4352,1628
681,-1664,-2711,15446,4672,2096
240,-1680,-2773,15546,5004,2012
389,-1696,-1300,15682,3908,1716
799,-1664,1655,15618,3948,2004
306,-1680,1565,15578,4312,2440
199,-1664,906,15622,4216,2320
148,-1648,-98,15654,4272,2296
1
-8351,-1664,24187,20454,-5964,5432
4127,-1648,15553,15670,-1220,3992
16259,-1664,-14452,10330,8076,4468
20398,-1680,-23251,-118,7156,-1960
17390,-1664,5897,-5426,5860,5492
12493,-1664,6838,830,5648,6172
21093,-1680,4794,-1022,10380,1536
26386,-1664,6187,-634,12488,912
30938,-1680,27885,1446,12648,-208
30604,-1680,28300,3686,25432,1080
5091,-1664,2553,-5954,23468,9020
6731,-1648,17586,11926,18480,424
-3187,-1680,8961,7726,25332,4868
-7668,-1680,-14936,12294,21192,-156
-5482,-1648,-9648,20902,15060,3764
269,-1664,802,19774,13176,2416
-2819,-1680,5211,21658,10568,4044
-5410,-1680,2580,23102,11768,3216
-3091,-1664,4702,22938,11968,-3696
760,-1712,5180,18114,8316,5876
-2146,-1664,-1892,16946,5996,4656
-733,-1680,1927,16854,6724,2408
1876,-1680,6265,15866,7240,3936
1326,-1632,4057,15150,5792,3764
2580,-1680,6272,15670,3952,2280
3772,-1664,8240,15102,4868,2856
936,-1680,564,15094,6364,3368
-441,-1680,-3899,15254,4684,2664
-1283,-1680,-3200,15406,3248,3092
-1342,-1680,-185,15818,3368,3368
-933,-1664,820,15906,3216,3020
-832,-1680,2337,15758,3260,3344
1
-32558,-1680,11610,27522,-5068,-4176
-24556,-1664,-81,19646,-240,684
-11573,-1712,-3007,12746,-6068,5212
-3567,-1664,7727,14930,-4196,2032
11921,-1664,23611,8142,-588,-1008
20129,-1648,-7140,218,6576,8112
16403,-1664,-26242,-2310,14600,2508
13339,-1696,-11814,-1410,-204,10108
11546,-1680,-20144,882,7408,2436
21384,-1664,-5394,1094,3908,1188
28124,-1680,18067,-326,13652,2100
29529,-1696,29185,-2318,20120,2848
20432,-1664,8664,6526,30900,-5192
-1497,-1680,9221,-3106,30552,7492
-1947,-1696,-4631,7786,24876,2588
-14625,-1680,-7440,12342,26560,-664
3195,-1664,11745,16350,21664,-5304
-1499,-1664,-4720,15966,16280,3020
-1481,-1648,622,16418,14356,1188
1331,-1664,236,16386,10100,2144
-1293,-1712,-4470,17202,8680,1824
-3718,-1664,-6059,18242,7532,2744
-3696,-1680,863,19046,6556,1892
-1448,-1712,7173,19010,6380,376
-1011,-1664,9367,17294,5380,2776
-1886,-1680,9277,16654,6100,2412
-611,-1696,5586,17074,5832,944
1991,-1680,7578,16178,5848,1424
2074,-1680,3770,15046,5608,2160
649,-1664,-547,15230,5336,1920
-455,-1712,-3238,15354,5080,1848
-289,-1664,-2410,15830,4324,1248
1
-32558,-1664,-19868,19702,32467,-24668
-32558,-1696,-19948,17482,32467,-26492
-32558,-1648,-32598,22082,30128,-22748
-32558,-1728,-32598,28870,14180,-21536
-32558,-1680,-7829,27726,-7804,-13112
-32558,-1712,29295,18126,-2272,-1308
-29567,-1664,-16421,20722,7136,5344
-11769,-1680,12495,9450,-2096,14200
-1957,-1664,5844,10574,1268,4796
11545,-1648,17306,4870,5244,1544
21425,-1680,16918,-2134,9020,4292
21121,-1664,39,-3270,8616,12336
14103,-1648,-25102,-2586,10644,2496
19223,-1664,-12088,-3158,10856,4128
19205,-1680,-15531,-5266,14832,1296
21409,-1680,-6735,-3558,11160,3320
20001,-1648,7926,-1398,14896,2920
12167,-1680,8242,-2350,16576,3464
12266,-1696,4044,2010,23572,6768
6223,-1648,9860,4362,22548,-664
4591,-1680,3206,8574,23088,-3144
3064,-1680,4030,9754,22536,420
1359,-1664,-2509,10830,17300,3244
1039,-1696,-4296,13418,13376,3160
-1201,-1712,6646,17342,14004,2440
-1699,-1696,6182,16434,12916,2968
-189,-1680,3981,17566,11836,2244
2264,-1696,7900,18830,11588,1792
2600,-1696,7558,16890,10084,3652
107,-1680,2037,16606,8980,3264
-207,-1664,-1857,16462,8244,2932
91,-1680,-3610,16002,8128,2948
1
-32558,-1712,-27800,30190,32467,-22644
-27522,-1696,-18074,27546,32467,-32160
-31064,-1712,-32598,25506,32467,-26740
-32310,-1632,-32598,30762,18036,-25744
-32137,-1712,-30461,31817,-1540,-19552
-32558,-1680,3535,31062,-12488,-9856
-20299,-1632,4422,20766,6760,8328
-10476,-1648,7598,12182,-3464,15688
-3697,-1680,2909,14582,-6660,3020
12175,-1664,9758,6362,12252,1340
-32570,-1648,-3144,-1406,15484,4320
25467,-1664,-9775,-5810,2288,8512
8682,-1664,-13928,-2186,6364,7084
13422,-1680,-10666,-3594,5276,5224
25679,-1664,5710,-798,14048,2144
-32559,-1680,17194,-6718,7940,2052
31202,-1664,28564,-2658,12924,416
31300,-1664,16247,666,25916,-896
20628,-1680,14799,830,15416,1644
14244,-1664,12680,4398,19404,1452
3504,-1696,-3478,10662,15864,-6856
12630,-1648,9870,17026,20272,-4652
13490,-1664,-1261,15770,16540,-336
10252,-1648,-4218,21174,14624,-1276
2991,-1680,-8137,22014,13996,1124
-2613,-1664,-23018,21278,11756,2720
-3107,-1648,-17531,23534,10344,-2496
1638,-1696,4351,19866,5816,6128
-4064,-1648,2734,18490,4376,5864
-4759,-1680,3097,17622,6636,3548
-218,-1664,4721,17454,6388,3740
1810,-1680,2851,16162,5924,3384
1
-27068,-1664,1921,23278,-7784,-7328
-32259,-1664,22226,14002,-2668,-552
-31971,-1648,-19345,13990,3804,-6220
-6996,-1696,14989,9322,-1892,6204
-297,-1696,6921,8914,1888,4648
15422,-1648,11844,3986,7568,1872
24925,-1664,-715,734,8692,7976
22523,-1648,-21184,-4298,10396,5448
18953,-1680,-32598,-4294,7536,6256
17680,-1696,-32598,-5570,6536,3436
17547,-1680,-11767,-5550,7420,4024
14447,-1664,13968,-4598,9608,6632
11414,-1664,21900,-2478,16556,6344
7077,-1680,3550,-890,24540,5984
2453,-1664,-12542,-758,17024,6208
-11257,-1680,6801,4314,20456,9512
-7116,-1680,55,12354,16428,220
-4559,-1696,1903,14770,13072,11964
-4410,-1648,3887,17262,16224,7444
-3261,-1664,2068,18054,12036,7692
-6170,-1680,5148,21594,11376,6116
-7208,-1712,3331,22758,13372,4644
-2345,-1696,10657,21910,10700,2676
463,-1648,12906,17730,9476,5876
-453,-1664,5590,16066,7868,5256
3916,-1664,-5784,14762,5540,4696
2538,-1664,-2646,14306,4828,5228
1265,-1680,1314,14562,4384,5328
-753,-1664,151,14546,5192,5176
-2757,-1680,-4226,14838,4956,5404
1
-32558,-1648,15790,29646,-1396,-2100
-32558,-1696,-32598,27802,5312,-6668
-10285,-1680,7193,12094,-16640,15420
-2137,-1648,14589,14882,-308,164
6684,-1664,19261,6446,368,6256
14410,-1680,-6110,3462,6624,6084
23425,-1664,-16249,358,12344,7804
14770,-1648,2391,-2626,6496,9216
15355,-1680,-10120,-398,12024,4400
28653,-1696,-3793,-998,13948,1964
-32559,-1616,1240,-3270,7172,228
-32559,-1664,30554,-3690,16612,2816
29197,-1680,16608,-502,27168,-2440
18368,-1648,-2552,-6194,19696,152
7722,-1680,11372,302,22316,4776
7642,-1680,-10132,5970,23992,-3552
8600,-1664,8964,9058,21412,332
2823,-1648,5144,8186,23436,3620
-2479,-1680,-7118,13162,15964,792
-3975,-1696,-2286,16410,8624,1720
-2937,-1648,-8205,16742,12296,2356
-169,-1664,-10825,18518,12056,324
5892,-1648,-1926,17690,6184,3444
3107,-1680,-523,16862,6812,4652
1145,-1664,-1767,17630,7940,4080
651,-1648,973,17454,8404,4632
-1157,-1664,-293,16922,6756,4936
-1944,-1680,149,16230,5240,4964
-743,-1648,3534,16410,5160,4748
367,-1664,2710,15630,6176,4972
-895,-1680,-2593,15438,5280,5388
-2667,-1696,-5862,15746,4376,4676
1
-32558,-1680,-1434,19842,32467,-15788
-32558,-1664,-425,14370,32467,-18296
-32558,-1680,-32598,18454,32467,-16608
-32558,-1648,-32598,23190,20880,-20112
-32558,-1696,-32055,31622,708,-14124
-32558,-1680,11870,22274,-7096,-1768
-32558,-1696,-4584,14290,2632,-316
-15349,-1648,-5326,14234,-3740,2676
-6598,-1680,14716,11586,1828,3136
1303,-1696,13560,8182,1688,6872
11592,-1648,5197,4618,8824,4636
19720,-1664,-12473,1518,9896,8640
16257,-1648,-17358,-370,4428,6580
13215,-1680,-17617,-3346,5872,4892
14479,-1712,-8737,-2294,7452,3720
19621,-1648,9697,-1230,10796,1796
23718,-1696,-32599,-190,13144,1376
21841,-1680,-32599,6930,26616,620
5110,-1696,3045,-2314,27360,5168
7821,-1680,7207,4266,24568,2344
5765,-1632,5023,7998,22972,-1948
5202,-1664,6589,9586,27656,-5964
6928,-1648,3999,9082,23564,-1260
6370,-1664,-3914,10546,18104,1976
3276,-1648,-1746,10826,17584,4084
-1177,-1664,-7449,12122,13448,3824
-5363,-1680,-7653,14410,11908,1860
-2308,-1664,-1807,16030,10220,1564
3773,-1696,5953,16646,8776,1112
1678,-1680,4490,15990,8644,3592
-703,-1664,-3959,17226,9312,3620
-1856,-1648,-3767,17438,7464,2596
1
-32558,-1664,13961,31817,-12760,-1584
3647,-1680,477,18430,-14400,8724
-8708,-1632,6015,14742,-5076,5812
16396,-1680,15407,11046,-4276,-2860
28913,-1664,-12,5322,5012,3500
17062,-1680,-17483,-4834,12796,4552
903,-1648,-16099,-4090,8564,9576
5663,-1616,-17158,-3254,5484,2860
18805,-1664,7038,1722,16584,5500
14726,-1648,14,-910,10932,3848
4338,-1632,18752,-750,9920,9712
5608,-1648,-767,8922,19800,2384
6963,-1680,9751,3838,13400,9572
-6066,-1696,21909,6198,18500,11796
-10991,-1616,6284,11478,27276,1388
-7849,-1632,8058,19934,18752,2128
-1565,-1648,6461,17134,20140,4448
-2400,-1664,-379,17470,14976,8956
-7921,-1648,-642,19162,14796,6400
-6667,-1648,2360,19338,10308,2892
-2469,-1664,6948,18874,7312,4320
-3158,-1648,7428,17522,7744,5780
-3937,-1664,3523,18014,8136,3516
-164,-1648,2186,17114,6856,2972
2148,-1664,416,16018,5976,3596
3283,-1648,3841,16102,4812,3608
2963,-1632,4083,15642,5024,3956
1670,-1648,1586,15598,4576,4368
1767,-1664,-5,15854,4188,3352
1921,-1680,-2355,15630,4352,3756
1665,-1632,-2772,15654,3612,4080
1210,-1632,-1423,15682,2992,3872
1
-29958,-1648,-7471,26422,32467,-15456
-32558,-1648,-16220,21270,32467,-30836
-32558,-1616,-32598,26238,32467,-26916
-32558,-1632,-32598,30222,21380,-21184
-32558,-1648,-15022,31817,-5404,-20364
-32558,-1632,-7006,31817,-9604,-2888
-10024,-1648,-5390,26158,-6948,-7460
-5784,-1664,4242,19194,-4260,5336
8095,-1648,7378,13714,2252,912
29735,-1664,22848,5042,5164,-380
25520,-1680,-6587,-2298,11868,8712
9981,-1632,-29016,-4018,6304,11032
14937,-1648,-14174,-438,5632,76
18841,-1648,-6636,-3198,15440,996
19365,-1632,5853,-5006,7884,6416
7159,-1648,10159,-3162,21568,7028
4601,-1648,-9240,-374,20852,7820
-1892,-1648,-4988,5190,18992,8720
-2873,-1664,14536,9846,22004,7724
-3389,-1648,-5034,9718,21440,6760
-4210,-1632,-14047,11506,15436,7812
-10346,-1648,-9088,13222,10572,10428
-12179,-1648,577,16114,10524,7496
-8696,-1664,1243,17118,9420,6232
-6333,-1648,951,17126,6212,8744
-6334,-1664,3494,17830,6568,7480
-5796,-1648,2853,18226,6644,6328
-5009,-1632,1910,17850,7536,5200
-2200,-1616,796,17314,5580,5224
-631,-1664,1414,16266,4952,6304
1
-8844,-1696,14025,15426,-6864,4836
8659,-1632,13118,15810,15516,-15292
30121,-1616,-29449,750,23444,11568
11070,-1632,-17218,-1366,456,7348
2832,-1648,-9946,342,5252,3160
10227,-1632,-10689,1150,8688,6300
22789,-1648,-1387,-2226,11372,2072
17296,-1664,5746,-3394,11244,9064
12543,-1648,19106,2006,7672,4672
14588,-1632,23949,6662,22628,6384
17170,-1680,14705,3550,26688,8424
5175,-1632,7227,2134,18592,8900
3845,-1648,-571,5254,13592,9772
-10001,-1648,10659,13310,30008,352
-10409,-1664,4161,13858,21128,7968
-6028,-1648,-3385,14306,16524,7336
-6738,-1632,4763,18170,14968,8136
-7730,-1648,-5105,15926,17480,6308
-3908,-1632,-3537,16214,9504,7512
-300,-1648,-1355,16998,7580,5220
-1104,-1664,4146,15738,6112,8692
-7119,-1648,-2874,16306,6756,7400
-8602,-1648,-3452,17518,6320,3448
-2865,-1664,3378,17750,4944,4956
-2223,-1648,532,16306,4632,5012
-252,-1632,5496,16166,2580,4812
1202,-1648,14015,15958,3424,4116
717,-1680,6690,15338,6508,4744
226,-1632,901,15278,5156,4440
-194,-1648,-723,15454,3632,3976
-783,-1664,1202,15458,4196,4660
-877,-1648,513,15622,4576,4100
1
-32558,-1648,6549,30782,-12336,-4136
-15776,-1616,3062,17106,-8052,12776
-12821,-1632,-3089,16262,-6608,7836
4616,-1680,4060,12146,-2036,3980
30068,-1648,28950,6234,856,-196
31488,-1648,1460,1978,5772,8992
20790,-1632,-15892,-4610,19388,-1324
15735,-1632,-6922,-8538,8380,8480
12792,-1648,-18964,-3446,7248,1168
21596,-1664,1439,-1134,13508,2728
23625,-1616,14561,-4310,11768,6320
14594,-1664,25416,-2274,21180,5868
16083,-1664,-6771,2994,21520,-760
15580,-1648,9934,-2194,17108,7808
5015,-1632,14664,3634,30848,1940
5991,-1648,-7715,5590,22900,-1512
2440,-1664,7259,11286,13108,2252
1844,-1648,6507,13078,17984,36
867,-1632,-8021,13686,12732,5316
-7393,-1648,-4124,16214,8760,4048
-8632,-1616,10832,22058,9472,936
-1130,-1664,15244,22122,10828,-1372
1491,-1616,10834,19682,11276,1780
-1317,-1632,1778,18178,8972,3436
-4184,-1648,-3820,17562,7412,2000
-1719,-1632,-1037,17102,6024,1756
592,-1648,-675,16282,6612,2272
1861,-1648,-2669,15526,6028,2852
1724,-1632,-336,15106,4796,3296
278,-1648,1779,15478,4364,1800
215,-1632,2710,15866,5640,2036
258,-1680,-687,15774,5240,2000
1
-32558,-1664,-25633,18930,32467,-18312
-32558,-1616,-32598,22650,32467,-27664
-32558,-1680,-32598,28482,29424,-24712
-32558,-1664,-32598,29938,8200,-18784
-32558,-1648,-6851,24574,-8180,-9544
-32558,-1664,1961,23278,-2488,-1384
-18938,-1648,-12989,25454,-2348,-3220
-12070,-1680,-1080,16218,-3592,2552
3202,-1648,13080,13142,-1072,-528
18976,-1648,25275,4526,7596,4308
17835,-1632,-5399,2946,1376,12788
10520,-1648,-28085,806,3680,968
17854,-1632,-8257,-1858,8280,5500
15994,-1648,-6646,-2646,14664,3104
21489,-1664,11927,-38,10492,1908
23379,-1616,30019,-666,13688,1672
11811,-1648,31784,-2726,31672,5532
11899,-1632,2372,4950,22520,4080
3769,-1648,9966,4286,22300,9996
2827,-1632,7289,7466,14532,3972
4212,-1648,51,13394,22420,5016
329,-1648,-1590,14554,14276,4604
2734,-1632,-1045,15270,13344,2920
686,-1648,1634,16914,13692,5096
-2501,-1664,5731,17838,10868,4420
-2561,-1680,6194,16902,9464,3420
674,-1664,3837,17718,8500,2132
4085,-1680,7865,17398,5916,3184
2565,-1632,7472,16458,6332,5524
-907,-1648,1181,17326,7628,4660
-2809,-1680,538,16986,6904,4176
-4071,-1664,-751,16214,6144,4384
1
-32558,-1648,-21800,31817,-8344,-20580
-32558,-1664,7720,30126,716,-4348
-24585,-1648,-32598,31817,-10160,-13668
-11742,-1664,19098,13962,-5872,10168
-2797,-1648,9023,13286,2732,4636
15592,-1632,24878,8238,1672,-32
24742,-1664,-1969,-1794,16012,10052
18366,-1680,-17441,-1470,8656,15368
21544,-1664,-10504,-2754,7524,1964
27327,-1664,19174,-762,10720,300
27060,-1648,25092,-1726,23732,1820
23155,-1664,12308,-2370,21824,424
11252,-1632,16727,1558,18956,-468
5583,-1648,-816,3126,14952,-2056
11369,-1664,8792,11962,18956,-3188
2502,-1648,-453,7058,23708,3848
3255,-1632,-16361,13530,20512,1164
-2583,-1664,-109,15138,12676,5876
-3968,-1648,1437,15750,12220,3840
-675,-1664,-1429,17234,13040,3408
1215,-1680,-1133,17770,11676,3148
1703,-1664,4724,17678,9144,3492
38,-1632,9273,16882,6864,6076
-3866,-1648,697,17730,8776,4788
-4074,-1664,-4853,17158,7684,3604
-4131,-1648,-7061,16682,5656,3828
-3450,-1632,-6385,16826,4244,3216
-728,-1648,-418,16142,4828,3984
893,-1616,4170,15614,4488,3968
1130,-1664,5477,15586,4584,3104
1
-32558,-1664,-26704,31817,-64,-20940
-32558,-1680,-429,24042,-5712,-3472
-32558,-1664,-13973,20682,4420,-8468
-13760,-1648,10209,13422,-8148,7896
-13162,-1664,3639,12558,72,3608
1113,-1648,11517,9158,-236,2460
11859,-1648,3611,4386,8768,7248
15809,-1664,-9092,3786,4696,14440
12279,-1680,-11533,1698,3964,2164
15053,-1664,-18292,-4386,7764,3672
21608,-1664,-9928,-3826,9664,2732
26300,-1648,8673,-1714,11808,4212
24746,-1664,24266,250,16792,2840
18439,-1648,19249,-3982,24836,5944
16762,-1664,3773,2654,19768,5264
12172,-1696,23218,1486,21876,10544
2487,-1680,11652,2454,20844,2096
7400,-1664,3186,9758,23904,2596
3647,-1648,-9925,7018,23872,4016
2291,-1664,-13626,9258,16540,4176
-4618,-1632,13521,13490,15588,4016
-5096,-1680,5233,13950,19192,2380
-4184,-1632,-5945,13566,12668,3400
-3456,-1648,-1122,15426,8896,3032
-1395,-1664,7859,16382,7836,3372
-1035,-1696,4964,15770,8920,3820
-821,-1648,-3816,15810,9928,3128
-953,-1664,-8297,15630,8020,4028
-589,-1648,-11368,15566,6204,3204
1499,-1648,-5548,15554,5960,3928
2476,-1664,1189,14826,5492,4608
1067,-1680,2485,14890,6068,4468
1
-32558,-1680,-32598,31817,-1288,-19468
-32558,-1648,9951,31817,-11104,-4092
-18512,-1664,-30817,31817,-14580,9732
-5503,-1648,9350,21230,-8440,7116
14388,-1664,30422,13378,4848,1228
31626,-1648,-32599,2918,6620,-52
32136,-1632,30834,-6162,15572,4256
18117,-1648,-17755,-3370,11948,4940
9121,-1648,-27246,-5718,11740,11772
14932,-1664,-20481,-4014,9876,-8784
14020,-1648,-8276,-7386,7984,5072
13434,-1632,1679,-3242,18592,3708
19813,-1616,270,-3090,13048,40
16085,-1664,15884,-3470,19156,7524
12183,-1648,4853,-1802,21068,7368
11223,-1648,13430,2694,9492,-516
7071,-1696,1732,5086,27152,6636
1234,-1680,-24864,4878,23500,3936
-5453,-1664,-7227,9102,14832,8860
-8714,-1664,2311,11946,13588,6516
-7280,-1680,-1118,13294,10736,6028
-7465,-1664,649,16886,12452,6732
-4906,-1648,-381,18582,9104,4212
-2296,-1648,1136,17462,6564,4676
-78,-1664,5245,18062,5540,5308
-512,-1648,5509,17922,6680,5820
-3175,-1616,3849,17566,6016,5320
-4587,-1664,5612,17378,5676,4512
-5335,-1680,1672,17466,7732,3980
-1842,-1632,1742,16574,6124,3816
-1851,-1680,270,16070,4672,4268
-1416,-1648,251,16402,4492,3880
1
-32558,-1648,-32598,15834,32467,-26508
-29359,-1664,-32598,26422,20420,-28092
-32558,-1680,-32598,31817,2224,-20308
-32558,-1680,-10368,31817,-11736,-5720
-13156,-1696,-32598,13314,-9620,-16228
4429,-1648,14751,17210,-18892,-2356
12861,-1664,-32599,7646,7524,268
8462,-1664,21877,1910,6460,3716
15643,-1648,22257,1306,5296,900
4445,-1648,-9877,-2642,11052,12680
11378,-1616,-19858,-2358,6728,12060
8230,-1680,-18373,-1974,9336,-2180
19994,-1632,-1686,-3646,8888,5912
22681,-1680,1330,-4342,8944,1760
25553,-1648,14790,-1798,17324,4852
24651,-1664,6732,-598,18572,1232
19812,-1648,26363,2698,15940,-8472
18738,-1664,14147,3154,23816,-5836
15303,-1696,-13831,1814,26712,8172
5383,-1648,8268,8086,28128,-176
3418,-1632,-6138,8318,23960,3252
5154,-1648,-9978,10138,18164,2232
1947,-1648,7717,12090,13004,4816
-37,-1696,7428,12914,14144,3620
1905,-1648,-3707,14890,14472,1780
4688,-1696,-5112,15606,11436,2224
4070,-1664,75,15538,9628,3888
-10,-1648,-1130,15722,8968,4456
-2461,-1664,-5869,16402,10748,3876
-3189,-1648,-9949,15938,8636,3316
-4313,-1648,-10631,15614,6508,3176
-1847,-1632,-3400,15554,5136,4148
1
-32558,-1664,-32598,27034,27308,-26968
-32558,-1648,-32598,31817,9152,-18344
-32558,-1648,286,31817,-3772,-11236
-23524,-1632,-32598,31817,-8228,9748
-3791,-1648,-32599,31378,-21552,11964
15522,-1648,-32599,9766,3360,824
-32559,-1664,-32599,-86,9376,-10832
-32559,-1680,-5321,-4550,14480,24988
21064,-1632,-10704,-8566,17968,5564
18822,-1680,-17596,-14502,21076,-8912
16785,-1680,-32598,-5714,11804,7344
14967,-1632,11059,150,416,2024
16038,-1648,24968,586,18912,2536
17160,-1664,2149,1754,12956,3464
2480,-1664,20961,4550,16876,5816
1553,-1680,21510,7994,24088,-8328
8698,-1664,-20009,8886,27924,7564
-2345,-1680,-7950,12866,28364,3740
-9008,-1696,-22727,12246,19080,6720
-14147,-1600,-2022,17414,8892,7000
-15009,-1680,4007,20742,12056,6960
-8554,-1664,-2395,20698,9644,3984
-3135,-1648,-3956,18274,6816,5516
-890,-1664,-2509,18686,6544,5508
4,-1664,5673,18698,4724,4652
13,-1648,11275,17242,5428,5212
592,-1664,1826,17162,6632,4244
1611,-1648,-3728,15690,4280,5152
384,-1664,-4439,15578,2400,4716
-1839,-1648,-1077,15670,2344,4776
-2412,-1648,882,16534,3412,3984
177,-1664,487,16074,3468,3468
1
21981,-1680,-9004,1494,9020,7276
18328,-1664,-11001,-490,9584,5940
21113,-1648,-16404,-2390,10832,2088
24212,-1664,-11837,-1406,9116,-1152
-32559,-1648,15808,182,14804,-212
-32559,-1680,18037,-990,18932,-2040
29159,-1664,20493,-3222,27980,-256
14963,-1648,-18724,-3322,26628,6428
17041,-1632,12860,6766,11632,-8776
13717,-1664,21094,5050,32467,4380
7638,-1648,-22646,7170,26540,-2188
8136,-1632,-5422,11726,15088,1384
2258,-1648,1841,10338,18592,4664
120,-1632,5578,14346,14920,-244
3318,-1616,8810,17686,15580,696
1822,-1680,-2445,14806,15632,2672
2365,-1696,-6463,15218,11436,1648
1414,-1680,-3530,13858,8464,5516
-1546,-1632,-5716,14482,7200,3864
-2501,-1616,-2789,14882,6556,3476
-2321,-1696,-3104,15594,8068,2996
-2509,-1648,-5560,15466,6568,2888
-1929,-1648,-4468,15526,4948,3256
-1353,-1664,-1615,15694,4360,3296
-592,-1680,1597,15986,4716,3496
336,-1664,222,15962,4988,3492
-131,-1632,-2432,15718,4240,3576
-384,-1648,-2115,15950,3924,3732
-66,-1664,-988,16070,3244,3212
-578,-1680,-149,15678,3244,3860
-2190,-1664,-219,15430,3448,4216
-3998,-1664,-1472,15746,3744,3112
1
-3537,-1632,-3476,31817,-5124,-18684
-1591,-1648,-12983,20238,-2208,9092
14001,-1664,10710,13774,-428,-4960
-32559,-1648,23795,1570,21036,-1428
23851,-1632,-21605,-5606,18628,10748
10127,-1648,-32598,-74,4192,7972
11378,-1664,-1699,-2150,1576,6808
16385,-1648,-2233,-1418,11828,4532
30767,-1680,10987,-4026,11380,4212
20285,-1680,16863,-1622,10108,2052
19758,-1648,23803,-914,19444,3084
14580,-1664,9759,-1190,22136,4516
5653,-1680,6651,3470,17192,3736
2214,-1648,-2804,6054,26044,-10152
10785,-1632,8445,9038,23876,3080
6991,-1680,-5927,7830,19600,2600
6177,-1664,11600,13234,20304,272
2748,-1664,-182,12578,21696,7124
-778,-1712,-11294,13254,14504,4352
-2876,-1632,4250,16082,13048,2780
-1600,-1680,6976,17418,14448,4104
-1209,-1632,-144,15698,12116,3680
-1629,-1664,-7180,15526,10780,4032
-994,-1680,-8317,15802,7612,3592
182,-1664,-2201,15970,5772,3416
862,-1680,3216,15266,6212,3944
1049,-1664,4278,15190,6412,3880
496,-1664,344,15130,7272,3432
268,-1680,-4418,15070,6876,3620
192,-1648,-4399,15086,5528,3744
-352,-1680,-2237,15162,4520,3932
-509,-1680,438,15314,4036,3700
1
-32558,-1648,11896,19238,-7000,-2816
-32558,-1664,2061,17462,5924,-5996
-12650,-1680,7566,15750,-3648,856
-8373,-1680,6976,11770,748,3928
5263,-1664,9111,12106,3020,3200
17625,-1680,3209,7638,8904,3784
23581,-1664,-10565,5326,9888,5312
27964,-1648,-17157,1878,4724,1980
27278,-1632,-11584,-3770,15424,1772
18029,-1664,-13898,-3466,15776,3940
20302,-1680,-3552,1206,14320,1876
14834,-1664,5654,-294,20960,6492
8330,-1648,1429,4342,17812,3896
11908,-1632,6598,6638,28900,14836
4820,-1632,29599,15726,22604,-7616
1834,-1648,-10764,7542,32372,13004
-238,-1664,5996,13586,23724,3036
-8527,-1648,-2098,14934,11656,6900
-3867,-1632,5460,15174,12336,4380
-3221,-1664,2472,14922,9588,6064
-3095,-1680,577,15670,8480,4568
-1598,-1664,4332,15450,7204,4796
-1591,-1680,7779,15498,7120,4156
153,-1696,9906,15766,7488,3472
-1010,-1680,2794,14850,7556,5552
-2021,-1680,-3875,15474,6784,4632
-2573,-1696,-5460,15394,5952,4236
-2854,-1648,-5857,15278,6080,4400
-3230,-1632,-6633,15446,5300,4440
-1942,-1680,-3066,15842,4512,4064
1
-24549,-1648,11068,22478,32467,-21020
-32558,-1648,2444,21570,32467,-21592
-32558,-1664,-32598,25246,32467,-30732
-32558,-1648,-32598,31542,16572,-23788
-32558,-1664,-27917,31817,-7640,-15832
-32558,-1648,964,29686,-7732,-5004
-19438,-1664,-7656,28970,-1436,-1736
-8474,-1648,6098,12902,-6856,11252
562,-1664,3038,10374,-48,2532
17640,-1664,19883,4350,-316,-780
25346,-1680,2373,-1650,11676,5584
17799,-1696,-19048,-3362,9332,11832
11862,-1680,-15533,406,48,3580
12851,-1664,-17942,-1670,7288,3776
18994,-1664,-1882,-2274,11332,4328
31864,-1648,14224,-2110,9736,1412
30864,-1664,23083,-3046,19204,1668
24201,-1680,12347,-294,26852,4604
11358,-1648,2731,-38,22660,8736
2089,-1664,-1949,6662,25424,-2224
5227,-1648,8191,10526,19612,-720
4855,-1664,-9049,13626,21148,1528
4897,-1680,3371,15970,16036,5080
969,-1648,-2997,15518,13044,5028
-4012,-1632,-229,19542,11772,2776
-3863,-1648,5332,20462,12944,3504
-3661,-1664,1344,18886,11008,3600
-341,-1648,4007,18342,8216,2908
1318,-1648,7780,16574,6912,5268
-432,-1664,3713,16354,7064,5120
-372,-1648,1597,16366,7744,4136
-432,-1632,-2122,15402,7968,4260
1
-32558,-1680,-32598,22606,32467,-29284
-32558,-1648,-32598,27222,18420,-20512
-32558,-1648,-15438,31138,-9156,-13700
-32558,-1664,-4683,28630,-988,-8064
-25293,-1664,-11032,23914,-7844,-7232
-15527,-1680,9439,13086,-2516,9864
-1438,-1632,5625,13194,-1436,3240
11600,-1648,-1596,9890,10488,-4576
27256,-1632,-22228,3294,12840,7852
19211,-1680,-21262,238,-1752,3640
10139,-1632,-18074,-1046,7776,5728
11002,-1664,-19517,-1182,3772,1224
26017,-1680,14451,-1522,6576,1724
29424,-1632,31905,-1654,15660,2640
31165,-1680,32482,722,26168,-648
23306,-1696,-934,1070,31144,3880
11057,-1664,-3801,-50,18824,7640
6737,-1616,1622,5154,22224,4852
1968,-1696,-3062,9078,24272,1932
-1466,-1680,-3059,9718,16316,8160
-3566,-1664,1312,16170,15076,2904
97,-1648,4808,16490,16052,5260
-2001,-1664,-2449,16654,14824,7252
-6183,-1648,-7867,17134,9972,6884
-6091,-1648,-3235,19626,11264,-1652
1639,-1664,12619,17194,6572,7084
-3627,-1648,-1387,16462,8136,7720
-7396,-1664,-8632,17106,9192,2868
-2151,-1648,-217,16562,6084,5532
-744,-1696,1744,16030,5676,4308
1523,-1680,7934,15718,5368,5912
3745,-1664,11116,15638,6036,4220
1
-32558,-1664,-32598,20194,32467,-24172
-32558,-1680,-32598,23782,22564,-22256
-32558,-1648,-24450,28778,3104,-18300
-32558,-1680,704,24390,-8064,-7096
-32558,-1648,-9246,14582,448,-11340
-17654,-1664,6755,14550,-2424,7780
-8823,-1680,-1944,16394,-2500,3204
3406,-1648,-2628,13314,3588,-2796
19393,-1648,-21644,5302,11708,9648
12062,-1648,-17940,1010,744,5116
888,-1664,-17036,-402,6272,4060
6566,-1648,-8140,2742,3664,2868
24520,-1648,16171,-2018,6524,3436
20732,-1680,21730,-2726,13192,4880
24815,-1680,31220,1370,15244,1588
27850,-1664,20879,1782,25140,-224
16499,-1648,4127,-726,27200,10352
3218,-1664,-3430,4190,21268,7448
-4172,-1648,4687,6454,18344,7788
-6335,-1664,-2588,11470,17576,-2984
1718,-1664,306,14082,16884,4404
189,-1680,10112,15874,16368,4548
-1521,-1632,7264,16990,14392,4676
-5627,-1680,-2947,16898,13116,5244
-8258,-1648,-2882,19786,13004,3348
1136,-1664,12372,21246,7216,3192
-3430,-1648,2611,16810,8676,9144
-8227,-1664,-9476,17834,9500,3764
-3000,-1680,-3681,18294,6320,3356
165,-1664,321,16506,6620,2836
1536,-1680,951,16046,5632,4848
4824,-1664,11493,16002,4580,3212
1
-21770,-1648,-396,16070,-4096,6140
-15762,-1664,1843,15890,-2940,3908
-1055,-1664,2586,12286,484,1748
15434,-1648,16236,6230,3828,4420
20247,-1632,-2746,4930,636,6496
14902,-1648,-13225,-198,13036,1436
18071,-1664,6985,-1066,7512,9348
13415,-1664,-6311,-2606,5748,1812
24140,-1680,14984,-302,11908,2560
29408,-1648,17784,1174,13736,1204
25544,-1680,25843,2522,20028,1964
14068,-1680,20077,486,26488,3940
13568,-1664,3088,2926,23208,9044
3571,-1680,12985,7278,28864,-1408
8062,-1664,-233,11478,25860,-7296
4503,-1680,-2991,12278,21368,3456
2134,-1664,-673,13098,19268,4312
2180,-1664,-4482,14266,15072,3716
171,-1648,2149,15366,13120,4432
96,-1664,2619,15662,12164,3944
369,-1680,-1646,15914,11176,3072
1716,-1632,1037,16754,8660,3400
1594,-1632,6787,16078,7228,4900
-2278,-1616,-284,16026,8264,5256
-3492,-1664,-2987,16362,7568,4108
-2399,-1680,-4088,16090,7492,3948
-2513,-1696,-6066,14830,6764,5024
-489,-1696,-820,15774,5824,4260
1167,-1648,3555,15646,6056,4056
1745,-1664,4194,15286,6240,4288
1605,-1680,3063,15038,5748,4108
1330,-1680,2036,15070,5836,4232
1
25497,-1648,25712,5426,16572,1520
21610,-1648,24700,2414,25536,68
10743,-1664,3510,966,29300,6828
3732,-1680,-5432,6850,25080,7300
13824,-1664,18571,9554,21860,3440
-1500,-1648,-4689,12466,23728,3420
-9323,-1680,-10936,16506,14848,-724
-343,-1664,94,17078,16736,4032
-4378,-1664,-2045,18178,14068,5840
-6773,-1664,3319,18462,10276,4616
-3538,-1648,9398,19302,11292,2512
-4631,-1648,2866,18410,10816,4360
-3749,-1664,3754,18370,7216,3600
-2183,-1680,6177,16754,6404,4912
-404,-1632,6685,16894,6904,3884
2089,-1648,5572,15810,8056,4304
2389,-1680,719,15062,6852,4376
2122,-1664,-832,15386,5368,3600
2058,-1648,-200,14982,4440,3168
1833,-1664,898,14838,4624,3416
803,-1680,-109,14978,4960,3284
28,-1648,-700,15358,4492,3360
-429,-1664,934,15478,3672,3172
-725,-1680,1714,15642,3932,3192
-961,-1664,36,15710,4468,3408
-1394,-1696,-2246,15758,4336,3324
-1617,-1648,-2291,15582,3680,3504
-1726,-1664,-1060,15702,3700,3392
-2118,-1648,-885,15582,4356,3232
-2694,-1664,-1928,15562,4540,2752
-2014,-1680,-3127,15894,4548,2396
-886,-1648,-2995,15770,4752,2532
1
-32558,-1664,-23719,27878,32467,-30428
-32558,-1680,-17079,20518,32467,-29568
-32558,-1664,-32598,23790,26840,-19768
-32558,-1648,-32598,31817,452,-17868
-32558,-1664,6816,31810,-6772,-7908
-30681,-1648,-32598,29838,-2944,-6100
-18139,-1632,2880,13102,-8872,17460
-7192,-1664,12690,14390,-1668,3172
6942,-1648,21140,9810,-1552,1208
15663,-1664,-4016,5322,3912,3468
19409,-1648,-16009,1546,9200,7236
16134,-1632,-1178,-1238,4368,7812
7433,-1664,-19401,-2214,5320,2884
22239,-1648,6674,-1034,7412,568
32364,-1664,22900,-2114,17224,2820
32281,-1648,19570,414,14244,-3228
25447,-1664,23825,1002,29592,6364
9976,-1664,-14551,-1658,21188,10184
10063,-1648,12583,8722,13168,1876
3695,-1664,20665,9114,15072,6800
-996,-1680,-5459,12226,27388,2868
-3084,-1680,-15507,13318,20496,260
-2444,-1664,-2843,15362,12240,5604
-7223,-1648,954,17010,12596,5944
-6589,-1648,-1082,18434,7552,4012
-3228,-1664,6716,18666,6316,3236
-1210,-1680,11411,16914,5600,4780
-809,-1664,6123,16662,7532,4440
-300,-1648,-1749,16318,7776,4424
65,-1680,-5656,15818,5236,3692
1
-21977,-1632,9732,22974,32467,2408
-17817,-1632,11079,23218,32467,-14040
-32558,-1680,782,19966,32467,-20764
-32558,-1664,-23544,17698,32467,-32768
-32558,-1648,-32598,25094,32467,-29224
-32558,-1680,-32598,27066,17752,-25084
-32558,-1664,-8518,27826,-3600,-14032
-32558,-1648,5853,31090,-6600,-10736
-22532,-1696,647,23194,5384,-2216
-16947,-1648,2299,19314,208,6400
478,-1680,2923,16058,-648,2380
13717,-1664,14897,7366,1868,4284
22456,-1680,323,5014,2916,2744
21470,-1664,-11750,-2446,10064,8300
19904,-1648,3910,-3346,9284,9688
7833,-1680,-7406,-4646,8284,4152
22261,-1664,-587,-830,13072,1188
27670,-1680,-374,-2782,8004,3080
26625,-1664,22907,-2534,8308,2036
24691,-1664,-32599,-274,22692,2108
25686,-1648,6013,434,20392,1292
21846,-1664,26561,3486,9740,1848
10375,-1648,26839,6722,21548,6016
16364,-1680,-792,11202,32467,-8552
11152,-1664,-4166,7286,22068,1672
4313,-1648,-16023,10410,18688,1412
1509,-1664,-10250,13014,14584,2236
301,-1680,486,15558,13652,2692
-2111,-1664,-3085,15562,12484,3736
-793,-1648,-6953,17502,9908,2144
148,-1648,-5154,17622,7796,4528
-2198,-1664,-5582,17530,7348,4500
1
-32558,-1680,5488,31817,2948,-14412
-32558,-1648,-32598,31817,900,-28972
-7091,-1664,26474,30746,-11128,-1552
10312,-1680,22853,18766,8428,4424
23169,-1680,-5123,9662,14460,-956
15881,-1680,-32598,-4122,4076,11788
9746,-1664,-17479,-4986,2604,6816
16250,-1696,2673,-4126,6060,2224
25437,-1648,6594,-1938,19424,4884
31000,-1632,20199,-4722,13228,2300
31811,-1680,31047,-482,11820,-4352
31965,-1664,-32599,-538,32164,744
14373,-1664,-14679,-3578,25372,7760
8390,-1680,6708,7602,18192,-1776
2822,-1664,9754,8570,24300,380
4649,-1680,4054,14262,24212,196
1174,-1696,4906,12186,19172,2816
1266,-1648,2544,14414,15452,72
2665,-1680,1596,15666,15116,4172
-3941,-1696,-4822,16242,12440,3152
1847,-1648,1572,17614,11880,-2232
-12480,-1680,-21715,17334,10264,-1172
-1986,-1664,-5419,18634,7080,2056
-1370,-1680,-8700,16782,6356,1424
1522,-1664,5947,16598,1996,5268
5315,-1680,18187,16442,4408,596
3731,-1648,11619,14878,6468,4024
1943,-1664,3881,14562,6804,4016
337,-1648,-2064,15122,5672,2824
-121,-1664,-881,15538,4080,2556
1
-32558,-1664,-32598,19174,32467,-27260
-32558,-1696,-32598,27370,21628,-24256
-32558,-1648,-25060,30634,-4288,-16940
-32558,-1664,6432,25702,-2364,-5512
-31612,-1648,-5024,11018,-1456,6772
-16020,-1664,-4919,6862,-3472,17928
-10665,-1680,5424,15514,-5148,2060
4070,-1680,15142,11970,208,1304
16570,-1664,5291,8298,3788,2048
17140,-1680,-14433,3606,3880,6072
11679,-1664,-15195,1794,6592,5108
14570,-1664,-13794,1450,5292,1416
18135,-1712,2930,-1190,9968,-16
29667,-1664,-32599,910,17900,2540
27509,-1680,22912,8950,21076,-8200
24420,-1664,-32599,-2966,29004,9472
5180,-1664,-6524,6686,25872,8180
-4997,-1680,-3795,12890,20960,3948
-7413,-1664,776,16086,20252,8
293,-1712,5005,17646,19112,3416
1908,-1632,3408,18150,17160,2820
2025,-1648,5042,18422,14228,3688
-3907,-1680,1474,16494,14356,6164
-5541,-1664,-6104,17414,11452,4900
-202,-1648,124,18818,8416,152
1512,-1632,6172,15454,5720,8520
-2555,-1680,1626,16154,6888,5492
-3175,-1696,-2755,17002,8240,2332
-504,-1680,-2851,16030,6464,3656
233,-1680,-3983,15554,4880,3332
2033,-1664,3242,15434,4000,3796
1203,-1648,3470,15050,5416,4068
1
