-32559,-1360,-5074,2646,-1624,-25808
29510,-1392,2058,12774,11272,-25160
12475,-1360,-7787,-13810,17476,-29204
26077,-1408,-9652,-1670,12744,-29212
18504,-1392,7754,-11858,6728,-26368
8960,-1392,-7516,-12282,6092,-26352
10611,-1376,-9391,-7758,4928,-21712
5152,-1360,7363,-3410,5132,-21404
-5440,-1328,8010,-7730,7700,-19536
-9027,-1408,2680,-6538,9028,-15764
-10061,-1360,-2102,-6078,7788,-13000
-11535,-1360,408,-6574,7556,-10856
-9233,-1376,1045,-6718,7080,-10196
-4247,-1392,1754,-6106,5504,-10492
-3510,-1392,2217,-6422,5480,-10416
-3601,-1360,441,-6010,4928,-10848
-2909,-1424,-141,-6434,4304,-10420
-2573,-1376,-1169,-6442,3516,-11068
-483,-1344,-2996,-6702,4372,-10424
414,-1360,-4101,-6810,5168,-10284
419,-1408,2058,-5850,4104,-12320
1059,-1376,3792,-6582,6428,-11580
378,-1392,182,-6870,6304,-11516
-922,-1392,-2278,-7202,5924,-12156
-34,-1424,-637,-6722,6000,-12376
-57,-1360,1828,-7610,5828,-11848
-1036,-1392,2006,-7826,5924,-11476
-603,-1376,1523,-7994,5820,-11660
-1194,-1392,-357,-8118,6088,-11152
-1621,-1376,-1373,-7926,6008,-11060
3
-32559,-1344,-6359,9798,5700,3052
-32559,-1328,-13998,10910,-6424,-14760
-32559,-1360,2362,16494,4412,-32768
-32559,-1376,24878,11898,13388,-26676
14529,-1392,-5748,-746,548,-18640
11836,-1360,-32598,1378,10452,-29868
22543,-1344,-2713,-434,-7084,-26044
15461,-1392,7522,-9898,-9520,-28272
7458,-1376,-1014,-5954,-5720,-25360
1870,-1376,-1609,-6450,-1392,-22968
-2838,-1360,-6534,-6178,1712,-20892
-4610,-1376,-8993,-4130,2792,-18580
-3632,-1376,-5477,-3242,2432,-17360
-4539,-1392,-2345,-4030,1964,-15628
-3645,-1392,1627,-3854,1824,-13260
-4942,-1376,-532,-4390,2080,-12888
-5241,-1392,-757,-4986,1716,-12272
-4415,-1344,-588,-5218,1592,-13184
-2425,-1376,-1162,-5114,1392,-12912
-1667,-1360,-604,-5714,2184,-12884
-1841,-1360,191,-5702,2752,-13404
-803,-1376,-324,-5346,2956,-13516
744,-1392,-150,-5090,2744,-13072
941,-1392,-282,-4382,2856,-13648
2078,-1376,614,-4298,2936,-13252
2361,-1392,422,-5246,3776,-13220
1423,-1392,-573,-5238,3844,-13296
1215,-1376,-546,-5130,4316,-13752
981,-1360,199,-4610,3748,-13836
312,-1392,-544,-5078,3508,-14044
3
-32559,-1360,-32599,31817,-14904,-30644
-32559,-1376,-21181,11282,-1516,-30116
28075,-1376,10581,22066,-15204,-32768
8426,-1360,-19372,5542,-7992,-29188
-3216,-1376,-10871,-4922,-10916,-24844
-4999,-1376,-2718,-1778,-11540,-21780
-2470,-1392,190,-6034,-6300,-19324
6577,-1376,1295,-3894,-3424,-18920
5981,-1376,-1917,-1338,-148,-18948
-1346,-1392,680,-3118,3204,-18500
-4051,-1392,-5089,-226,1068,-16664
-6414,-1376,-7087,-178,1620,-16880
-6853,-1360,-5843,362,828,-15740
-6785,-1376,-856,-474,-1136,-14064
-4217,-1376,-255,-266,-1064,-15172
-2567,-1360,2036,-994,-264,-14028
-3228,-1376,1682,-1266,-348,-13324
-3362,-1360,-481,-1310,-176,-13720
-2190,-1392,-775,-1982,-484,-13420
-1417,-1376,233,-1766,-420,-13092
-635,-1360,-805,-2878,240,-12844
60,-1376,-2554,-2790,120,-13436
2305,-1376,-907,-2582,-228,-14232
2696,-1360,-642,-3078,236,-14484
-41,-1360,-1699,-2182,1304,-14772
-184,-1392,-2340,-1610,792,-15296
-236,-1376,-1114,-1294,520,-15360
-1127,-1392,-1056,-2082,780,-14512
-1485,-1344,-2374,-1770,552,-14500
-763,-1408,-2302,-1698,220,-14460
3
-32559,-1392,-32599,26834,-5212,15380
-32559,-1376,-32599,29594,-5244,5080
-32559,-1376,-32599,20758,496,3700
-32559,-1392,26308,30262,-5656,-28232
-32559,-1392,-32599,31817,-14932,-31688
-32559,-1360,-19338,13650,-8296,-25280
-2380,-1360,-15482,-2730,-5540,-19372
-706,-1392,-3045,-5202,-6584,-19212
5089,-1408,5202,-3602,-6960,-18496
9732,-1360,6829,-6346,-6012,-18136
7474,-1376,3765,-3506,-4296,-18804
3793,-1376,-704,-10,-1924,-19628
768,-1360,-1233,-802,-300,-18704
-2659,-1408,-1066,-614,-72,-17088
-4775,-1376,-3063,-1066,-204,-15708
-4530,-1360,-4526,-1474,-1392,-15148
-2425,-1376,-820,-1014,-2460,-14804
-1175,-1360,-57,-1006,-1632,-14620
-1569,-1360,-382,-1334,-1308,-13900
-1263,-1408,-2828,-354,-1344,-14544
1462,-1376,-2320,-170,-1908,-14148
2218,-1392,664,-1122,-1676,-12840
456,-1376,-70,-1150,-948,-13512
209,-1376,-2020,-982,-760,-14232
419,-1360,-1825,-162,-1288,-15100
559,-1408,-562,-822,-1000,-15300
-630,-1376,-1146,-1154,-748,-14932
-1080,-1360,-2096,-1146,-984,-14888
-782,-1344,-1405,-1150,-840,-14544
3
-32559,-1360,23215,31817,-16352,-32768
16980,-1360,-17518,17358,-12624,-32768
13484,-1360,-8701,-1770,-8620,-25652
3123,-1376,-6939,-5994,-7012,-22532
5125,-1392,-332,-1946,-8796,-21552
10417,-1392,7268,874,-8044,-20144
10468,-1376,-3282,422,-4208,-18816
2433,-1360,-5758,550,-3380,-20644
-611,-1376,-4620,3738,-4496,-18748
-1582,-1376,-3733,1962,-2548,-16300
-3681,-1392,-3419,1698,-3028,-15116
-2927,-1408,-2382,2082,-4068,-14856
-1141,-1360,-514,558,-2740,-14788
-687,-1392,1882,1574,-2640,-15008
-387,-1344,-641,1546,-2280,-14520
751,-1360,-3526,1526,-2292,-14724
-242,-1360,-3690,1806,-2568,-14972
-2128,-1376,-1610,1450,-2728,-14780
-2547,-1392,-2794,-302,-1348,-14556
-2573,-1376,-1696,-222,-1796,-14664
-2046,-1344,-1472,-418,-1664,-14236
-1619,-1424,-1872,-442,-1504,-14352
-1013,-1376,-2075,-298,-1776,-14144
-1328,-1344,-825,838,-2356,-14060
183,-1360,957,1962,-2724,-14764
623,-1392,1003,794,-1604,-14292
-503,-1408,-225,470,-912,-14540
186,-1392,-1058,578,-744,-14676
896,-1392,-310,58,-696,-14628
451,-1376,-784,122,-492,-14724
3
-32559,-1344,-2798,22354,-13152,32767
-32559,-1392,-11038,17234,-2828,32767
-32559,-1376,-13302,6970,7864,32767
-32559,-1376,13126,18482,6320,17332
-32559,-1360,31793,11686,13644,14276
-32559,-1328,-32599,15770,5060,19232
-32559,-1376,17998,26426,-3124,11328
-32559,-1360,-26486,30726,6668,1176
-32559,-1376,-12447,30918,4328,-1704
-32559,-1360,9291,31817,-2444,-9020
-32559,-1328,3087,31817,19120,-30608
32636,-1344,815,12630,1412,-20508
-2512,-1376,-25827,8106,-10592,-28180
-12905,-1360,-17846,17042,-20604,-32768
-7885,-1376,1178,1178,-17852,-29612
10969,-1376,14059,5894,-12028,-25728
11856,-1392,-8618,5402,-7852,-22324
-8959,-1376,7639,-9854,-3420,-24544
-8744,-1360,-2105,3758,-6152,-19636
-5426,-1360,-2528,-1186,-2480,-18996
-8451,-1376,-1317,-1254,-1260,-17832
-8632,-1392,-1442,-974,-944,-14760
-6361,-1360,1071,-1934,-1592,-13360
-3469,-1376,913,-1346,-1980,-12376
-849,-1392,2357,-1162,-2460,-11840
202,-1376,-2634,-3390,-1324,-10844
2987,-1376,-491,-482,-3292,-14572
-1818,-1392,-6444,346,-2376,-14304
745,-1392,-651,782,-3420,-14772
3
-32559,-1360,-19364,31817,-16336,-13732
-32559,-1392,14164,31817,-20732,-16400
-32559,-1376,-32598,16926,-4312,-12808
-32559,-1376,-22703,25266,-12196,-32768
26200,-1392,1036,16254,-11944,-32364
-809,-1408,-12680,-5474,-12604,-20448
-15966,-1376,-13876,3230,-17496,-24752
-6140,-1392,-6887,-98,-16760,-22952
9504,-1344,6193,-1646,-11808,-21104
14265,-1360,-3751,-798,-9864,-20332
-3861,-1392,3829,-2346,-7796,-20636
-4611,-1344,-4294,3102,-9108,-19192
-4941,-1360,-3590,518,-7680,-16904
-6625,-1392,-4044,1026,-6108,-15516
-7234,-1408,-4479,514,-5368,-13444
-6152,-1392,-165,-886,-5536,-12300
-2222,-1360,2399,2,-5356,-12076
691,-1392,1821,-470,-5056,-13008
1196,-1392,748,-686,-5108,-12264
467,-1376,-1862,-990,-5232,-13228
1686,-1376,-2317,-1090,-4492,-13796
581,-1360,-2284,-1098,-3872,-13552
174,-1376,-3884,-606,-4232,-13520
-563,-1408,-3214,-222,-4776,-13172
-1992,-1392,-2806,-390,-5068,-13344
-1463,-1376,-3015,-546,-4912,-13584
-568,-1408,-3134,-1082,-4708,-13400
-761,-1328,-3680,-1614,-4080,-13536
-279,-1392,-4561,-1210,-4148,-13816
337,-1376,-3486,-894,-4132,-14444
522,-1392,-3291,-790,-3808,-14256
890,-1376,-2916,-830,-3500,-14628
3
22673,-1312,6377,11870,-3892,-20044
19305,-1344,-7841,6326,1972,-16916
12875,-1360,-10495,-110,-7080,-20260
16661,-1344,-15714,-2622,-10316,-25844
10521,-1360,-3925,-5618,-12776,-24120
4956,-1360,-1737,-7566,-12108,-22892
3538,-1376,-10492,-6402,-7680,-21920
1710,-1360,-6994,-5114,-5756,-19960
780,-1376,-2201,-4282,-4412,-18304
607,-1376,-2342,-2406,-2112,-18332
742,-1360,1301,-1710,-912,-16924
-1080,-1408,1613,-2998,-800,-15376
-2948,-1392,-3290,-3154,-652,-15524
-2832,-1344,-2656,-2262,-932,-15296
-2676,-1376,138,-2962,-540,-14240
-3813,-1360,-2517,-3678,108,-14016
-3547,-1360,-6275,-3078,-12,-13260
84,-1344,-1758,-3150,-1012,-13488
1055,-1344,423,-3950,-668,-13172
1070,-1360,467,-4594,-664,-13832
2418,-1344,-685,-5298,-600,-14692
2946,-1392,1650,-4770,-912,-14760
1132,-1344,1817,-3970,-528,-15444
-193,-1344,-598,-3254,-624,-15588
-372,-1360,-1547,-2782,-376,-15224
-605,-1376,-1087,-3070,-532,-14596
-659,-1344,-1782,-3426,-572,-14456
-167,-1392,-2945,-3330,-448,-14372
34,-1376,-1915,-3146,-876,-14028
337,-1360,-525,-2178,-772,-14624
3
-32559,-1360,13435,31817,88,-6384
-32559,-1360,19221,31817,-8068,-13588
-32559,-1360,14501,26122,-8668,-12880
17211,-1376,-23985,10622,-7576,-17956
14215,-1360,-30983,10570,-8376,-26664
18063,-1376,-15693,9378,-17284,-28816
14620,-1376,-16449,5526,-19632,-31744
15351,-1360,-5177,7526,-14400,-31584
10246,-1376,-4920,5254,-8672,-26980
-3681,-1376,-11516,1098,-6248,-24672
-8120,-1360,-13407,2446,-6376,-22724
-7197,-1360,-6970,2646,-4176,-19524
-6053,-1376,1462,1990,-3216,-17120
-6912,-1360,52,446,-2608,-16216
-4622,-1344,1432,-330,-1672,-17128
-909,-1392,2763,1430,-3176,-16296
-3255,-1360,1089,1418,-3348,-15768
-3607,-1376,-1630,2210,-3712,-15156
-3703,-1392,-2371,2002,-3532,-13824
-3661,-1376,-2839,1254,-3512,-12656
-2019,-1376,-4524,474,-3496,-12436
666,-1360,-943,646,-2784,-12784
4892,-1376,1113,1206,-1384,-13508
6438,-1360,-3723,-650,-480,-11356
637,-1360,-3013,-150,272,-13720
-677,-1376,-1267,1526,-352,-14436
-926,-1360,-2130,1302,276,-14800
-839,-1360,-1470,726,-76,-15032
438,-1360,-526,614,-400,-14868
-178,-1408,-1123,310,-500,-14656
3
-32559,-1376,12927,31817,7228,32767
-32559,-1376,13768,23142,11380,32767
-32559,-1424,-5524,15610,18384,32767
-32559,-1392,-15919,24450,15432,22592
-32559,-1376,-32599,31817,9448,16880
-32559,-1360,-32599,31817,684,17240
-32559,-1360,-14950,31817,4560,16768
-32559,-1376,-22676,31817,-6248,-12172
-32559,-1360,10920,31817,32468,-16472
-32559,-1408,-23069,21934,-2924,-18136
-32559,-1408,-18159,24394,-2684,-31640
26893,-1360,-20030,14934,-1572,-29024
6282,-1344,-29771,-5170,-1992,-26740
11679,-1392,2976,18278,-19052,-32768
5447,-1392,12648,3962,-19220,-29864
10412,-1376,-8514,-250,-10132,-25104
-8764,-1376,-9787,3102,-5940,-21492
-12292,-1392,-4468,-1278,-188,-17676
-2169,-1360,-8688,2766,-4068,-17436
-2030,-1376,393,2526,-4628,-15716
-2938,-1392,-785,1994,-3632,-16776
-1263,-1376,4291,1682,-1440,-15676
-1024,-1360,3800,3206,-3356,-16228
-3035,-1360,-1131,4602,-36,-14184
-3577,-1408,865,878,-3332,-13296
-2214,-1376,1555,-914,-3124,-12792
-2281,-1392,-181,-1438,-1872,-13068
-1876,-1360,263,-982,-2544,-13488
-169,-1376,2215,-846,-2184,-13928
-993,-1360,894,-1118,-2468,-13548
3
-32559,-1392,-2408,27474,2492,17156
-32559,-1392,-31934,31817,-9760,-11652
-32559,-1376,-8690,25150,-21132,-12812
-32559,-1376,-1018,19990,-13892,-24012
-32559,-1392,-23968,25998,-9768,-29348
27720,-1376,-32598,-1882,1448,-28148
12534,-1392,-7790,8750,-12580,-27504
7167,-1392,-3038,3162,-15396,-27024
9495,-1376,489,682,-18120,-24916
7427,-1392,45,-1830,-12708,-24036
3077,-1360,-5664,1254,-7812,-21980
-3575,-1376,-1035,-2546,-5076,-21660
-3355,-1360,-5544,-110,-6404,-18660
-5691,-1360,-5844,-342,-5880,-17368
-5299,-1376,-1332,1006,-4292,-15980
-3637,-1392,-1356,242,-3972,-15092
-2422,-1392,2326,306,-4196,-14068
-2914,-1376,2637,1202,-4304,-13468
-1949,-1392,-409,578,-4044,-13776
-1895,-1360,595,94,-4552,-12172
115,-1360,-2032,-182,-4724,-13352
1552,-1376,-250,-1038,-3836,-13396
1435,-1376,926,-206,-4140,-14160
1460,-1392,-337,-10,-3912,-14540
-19,-1408,-2072,-682,-3984,-13892
-749,-1376,-2512,-134,-4680,-14012
-10,-1360,-2457,-18,-4876,-14492
639,-1376,-2053,-450,-3808,-14236
1169,-1360,-1268,-14,-3720,-14488
696,-1360,-761,-70,-3352,-14600
3
-32559,-1392,-13778,18842,8452,25772
-32559,-1392,16824,31817,6036,22400
-32559,-1408,-32599,31817,3048,16556
-32559,-1392,12766,31817,3368,19196
-32559,-1392,-13881,31817,-9092,-5284
-32559,-1408,8547,31817,-30464,-32768
-32559,-1408,1292,26394,-836,-22760
-32559,-1392,-32598,14802,-268,-32768
23071,-1376,-10860,29530,-2704,-32768
7302,-1344,-11452,4398,-10980,-27416
15,-1392,-9388,6594,-16500,-30140
4922,-1424,11715,2526,-13188,-28640
3747,-1408,261,4370,-6960,-23580
-9144,-1392,6117,374,-1776,-20728
-10513,-1408,-9786,3678,-4276,-19092
-10758,-1376,-5756,2622,-4160,-17472
-9920,-1392,1140,4026,-3172,-14616
-8624,-1408,1314,1906,-2604,-12484
-6882,-1376,-480,1142,-2444,-12580
-3828,-1424,2669,1978,-2692,-12712
-1414,-1440,2572,946,-1792,-11888
-1813,-1440,-2162,830,-2392,-11736
-878,-1392,-6873,1910,-3180,-13796
1151,-1392,-6204,1086,-2336,-13088
1872,-1408,559,1262,-4196,-13536
2607,-1392,1881,1570,-3416,-14332
1799,-1440,2509,1370,-2340,-13916
-1620,-1376,-111,1210,-2772,-14124
-2494,-1424,-2884,1386,-3456,-14508
-1159,-1408,-689,1514,-3868,-14288
0,-1424,482,858,-2868,-14144
-52,-1424,-385,646,-2256,-13592
3
16773,-1392,-12058,28218,1804,32767
-32559,-1424,3682,26430,-416,32767
-32559,-1360,-6895,16194,10192,32767
-32559,-1408,5505,26338,1700,24500
-32559,-1392,-32599,29490,3612,8420
-32559,-1376,-32599,23442,6524,12516
-32559,-1408,30002,28006,3236,14056
-32559,-1392,-28897,31817,-2492,-2448
-32559,-1376,-1193,31817,-15920,-29188
-32559,-1408,8366,27682,-13152,-13020
25040,-1392,-32598,18318,252,-28304
29062,-1392,-584,18970,-3600,-32768
-439,-1392,-8879,526,-7600,-23624
-10141,-1424,-20829,3690,-15920,-25384
-6363,-1408,-2852,526,-17692,-25276
12968,-1392,11848,526,-10412,-23764
17142,-1424,-5049,4426,-4372,-18104
-2941,-1376,1909,-5670,-260,-22548
-2745,-1392,-9675,3818,-3924,-20616
-2804,-1392,-3068,1754,-3640,-17864
-4611,-1408,-1708,1494,-2848,-16196
-4003,-1408,1623,1326,-1696,-13992
-3194,-1392,-85,666,-1780,-13388
-3277,-1424,-2286,-62,-2012,-12900
-2464,-1376,-4786,842,-2760,-13196
-1342,-1392,-6138,374,-2848,-13004
-655,-1360,-6321,194,-2212,-13372
745,-1408,-2663,2014,-1964,-14108
1959,-1360,-283,234,-1116,-13652
-447,-1424,-2447,-494,-996,-13588
3
-22048,-1376,-11189,4118,20272,32767
1052,-1392,-32598,22882,11348,32767
-32559,-1392,-4775,19098,-2052,32767
-32559,-1408,7018,11762,10936,32767
-32559,-1392,-10898,12078,19884,32767
-32559,-1392,10600,17046,13628,23040
-32559,-1408,-32599,31817,-3380,30560
-32559,-1392,12328,31817,7184,20896
-32559,-1392,-15306,31817,-4632,13580
-32559,-1376,-16747,28254,-3416,-9908
-32559,-1360,-32599,31817,32468,-28948
-719,-1424,-5584,7898,-12260,-32768
10082,-1376,-22264,8262,-13972,-25736
13250,-1408,4099,1466,-15304,-25936
11763,-1392,3343,-3130,-8536,-25624
7011,-1392,-6771,3338,-4920,-22344
30,-1408,-1926,-1818,-2504,-22724
-80,-1392,-3708,2218,-6220,-20172
-4003,-1392,-1588,1826,-4184,-18540
-6016,-1376,-2227,3058,-2032,-17136
-6830,-1360,-2860,1290,-1944,-14916
-7854,-1392,-1813,846,-2272,-13512
-8039,-1408,-611,138,-2236,-12892
-5516,-1392,-927,602,-2472,-13152
-1644,-1424,1489,90,-2332,-12904
-2035,-1376,-1000,-1686,-2060,-12656
-2592,-1392,-3263,-954,-2788,-13504
278,-1408,-2299,-378,-3500,-14092
1442,-1376,-73,-102,-3424,-14372
420,-1392,2,-522,-2628,-13944
3
-32559,-1392,25812,28998,3512,14156
-32559,-1392,-32599,31817,1292,10820
-32559,-1408,-32599,23746,4256,6744
-32559,-1392,-32599,28170,-5108,-8284
-32559,-1424,-32599,27754,-29432,-10708
-32559,-1376,-28714,18346,-8156,-27700
-32559,-1392,-32598,27330,-21204,-32768
24426,-1392,-18231,3842,-10976,-27000
10714,-1408,-20115,374,-12288,-22780
5354,-1424,-7737,1086,-12252,-23664
11370,-1408,1956,1038,-14684,-23244
16798,-1408,-2845,-5458,-8624,-21924
13479,-1392,-5373,-566,-6628,-20344
3328,-1376,-1947,-870,-4452,-21576
-26,-1408,-5547,1634,-5344,-20300
-3064,-1392,-5274,2142,-4432,-18852
-4983,-1424,-4813,3294,-3428,-17284
-5538,-1376,-3017,1754,-3356,-15424
-4399,-1360,-170,1438,-3176,-15280
-3222,-1376,396,1974,-2692,-14236
-2725,-1408,-1114,2442,-2256,-13104
-3199,-1424,-3885,2446,-2132,-12280
-2871,-1376,-4411,2178,-2432,-12560
-2183,-1408,-881,578,-2484,-13380
-1488,-1392,-514,-1058,-2256,-13684
-1824,-1408,-1008,-1482,-2688,-14532
-1162,-1408,653,-1590,-3344,-15776
-17,-1424,1293,-354,-3444,-16448
-209,-1392,-248,-658,-2772,-16000
-1470,-1376,-809,-278,-2788,-16036
-2420,-1392,-673,1258,-2684,-15864
-3115,-1376,-921,478,-2168,-14808
3
-32559,-1360,1911,22310,-2588,11612
-32559,-1360,-14271,22930,-13700,-2632
-32559,-1408,20081,29242,-19408,-18036
-32559,-1424,-2264,27182,-9792,-18296
-32559,-1408,-32598,23826,3276,-32768
15202,-1440,-18111,25586,-11940,-26380
-10304,-1424,-14447,4978,-7488,-20156
-16945,-1360,-13242,3414,-12144,-19544
-2515,-1392,-16634,4578,-13652,-21304
11486,-1424,12714,894,-9224,-18168
13966,-1408,8039,514,-4076,-17132
8689,-1392,-1232,1214,-2536,-17800
2041,-1392,-8953,4014,-2292,-18796
-2059,-1408,-8413,5518,-2068,-18492
-4306,-1392,-4341,4854,-2228,-17304
-6024,-1408,-4859,3278,-2332,-15684
-4554,-1408,-1071,2694,-2056,-15320
-1162,-1360,1356,2670,-1008,-14796
-1515,-1376,1563,1958,-180,-13536
-4406,-1408,-1706,1058,-560,-13652
-5523,-1392,-4903,1686,-1556,-14288
-4517,-1408,-3767,2066,-1968,-14532
-2908,-1376,-1216,1078,-1432,-14216
-1609,-1392,1113,1398,-892,-14728
-422,-1392,1862,1662,-892,-15044
-1240,-1392,199,1086,-364,-14924
-3207,-1424,-2245,826,-956,-14988
-3318,-1408,-2669,2670,-1544,-16548
-4094,-1392,-1480,1658,-1636,-15348
-5601,-1360,-2094,-178,-1296,-13944
-6185,-1408,-3617,-670,-944,-13212
-4403,-1392,-4041,-274,-1400,-12976
3
-32559,-1392,-10253,25106,-5112,32767
-32559,-1392,7008,18746,-2768,32767
-32559,-1408,-2103,17790,9376,32767
-32559,-1392,9683,31817,7704,13084
-32559,-1392,-32599,31817,-6760,19736
-32559,-1376,-32599,28786,4968,14840
-32559,-1392,6710,28946,-9132,-672
-32559,-1408,27084,31817,-24252,-27132
-32559,-1392,-2468,22074,-15576,-24984
-32559,-1392,-32598,24878,-8288,-30976
18028,-1408,-31406,10782,-4400,-31968
2449,-1392,-21264,4386,-4436,-25420
16,-1392,-5225,4234,-8192,-24652
3106,-1376,1052,1114,-10020,-22620
5957,-1392,3359,-2118,-7312,-20136
7373,-1408,2685,1738,-5196,-19660
5111,-1440,126,1462,-3024,-20316
1179,-1392,239,842,-1804,-19256
-3040,-1408,-3394,1206,-2364,-17820
-5505,-1392,-2161,1886,-2856,-16688
-4750,-1392,-405,1622,-3516,-15848
-2713,-1392,2267,1370,-3428,-15472
-2002,-1392,3034,398,-2336,-14300
-3049,-1408,1183,522,-2040,-13576
-3492,-1408,-1375,814,-2220,-14196
-2346,-1392,-1818,1002,-2756,-14176
-1461,-1376,-1722,1390,-3004,-13848
-1489,-1424,-629,1362,-3108,-14028
-1223,-1392,-268,874,-2560,-13752
-679,-1376,1104,382,-2380,-13856
-403,-1392,366,534,-2316,-13352
-116,-1424,-1429,470,-2632,-13576
3
-32559,-1392,-8049,24906,2060,32767
-32559,-1424,7468,13742,4672,32767
-32559,-1440,267,16686,10836,28988
-32559,-1392,26976,31817,5832,9428
-32559,-1392,-32599,31366,-7252,15656
-32559,-1376,16655,24030,2256,10116
-32559,-1392,-9138,25362,-12280,-3368
-32559,-1360,11927,25958,-17152,-18432
-32559,-1408,15787,26150,-19620,-18736
-32559,-1424,-32598,21086,-4612,-23480
26945,-1408,-32598,10942,-6792,-27432
10037,-1376,-5539,2934,-2876,-23928
7006,-1392,-1910,-982,-6480,-24232
9386,-1408,-713,918,-7564,-21412
6597,-1376,566,-1958,-9496,-20716
4913,-1424,506,1422,-9212,-20348
4978,-1408,-2014,3478,-5688,-20316
448,-1392,-2301,2678,-3460,-18936
-3842,-1424,-2099,2778,-2976,-18616
-6836,-1392,-1842,3502,-3500,-17108
-7250,-1360,-2062,2670,-4696,-15952
-5329,-1392,-832,1314,-5204,-14876
-4344,-1408,4369,-434,-4484,-13960
-3954,-1424,4273,362,-3932,-13808
-3546,-1408,-460,-742,-3792,-13208
-3263,-1408,-2229,-98,-4340,-13416
-2093,-1392,-1381,454,-4640,-13328
-473,-1408,-319,146,-3988,-13536
115,-1408,593,206,-3604,-13628
17,-1424,419,-46,-3432,-13828
-32,-1376,-10,526,-4036,-13988
-345,-1408,-612,410,-4500,-14136
3
-32559,-1408,-32598,10910,-10368,-10500
27130,-1408,-32598,10326,-8300,-22368
-32573,-1440,-18662,6282,-8372,-23568
21114,-1392,-15701,-2778,-5860,-20680
14255,-1376,-8799,1734,-8580,-24244
15394,-1392,-1198,7038,-8792,-24652
12583,-1424,1151,2014,-6176,-22464
6083,-1376,-2337,2750,-4928,-22148
3870,-1360,165,5858,-5452,-22964
1908,-1360,-3718,4242,-3244,-21892
-3185,-1440,-4656,3822,-3580,-19324
-6401,-1392,-3826,4526,-3560,-17664
-5987,-1376,-2434,4394,-3060,-16808
-4259,-1392,-1593,4126,-3268,-15588
-4534,-1424,686,3566,-3096,-14640
-4944,-1392,35,3078,-2576,-14480
-4404,-1424,-2453,2126,-2804,-13748
-3945,-1408,-3879,2114,-3036,-13420
-3766,-1376,-3159,2086,-2520,-13112
-3047,-1392,-4049,2858,-2676,-12752
-192,-1440,-6956,3242,-2084,-13260
2694,-1392,-5365,2774,-1608,-13680
214,-1392,-1964,1046,-684,-12992
-1701,-1408,-3965,1586,-364,-13840
-818,-1392,-4139,2186,-1020,-14240
364,-1408,-2551,1846,-952,-14284
644,-1408,-1334,1746,-836,-14368
362,-1392,-308,1606,-564,-14764
720,-1408,56,1690,-452,-14692
621,-1392,-592,2118,-284,-15096
-116,-1392,-1637,1518,-40,-14932
-610,-1408,-2098,1418,-452,-14756
3
-32559,-1408,-32599,29214,1128,14584
-32559,-1408,-32599,31817,2212,7832
-32559,-1392,7526,29278,-2492,10440
-32559,-1408,24161,31722,-15524,-6136
-32559,-1408,17009,28698,-21712,220
-32559,-1392,-32598,31817,-7212,-26680
32336,-1408,-29333,30422,-4448,-32768
6925,-1408,-2234,10554,-4424,-26740
-3439,-1392,-16246,10970,-8876,-25064
2556,-1408,-7189,8034,-12076,-26672
6319,-1424,7454,3790,-11860,-23604
5319,-1424,2818,7198,-7404,-23028
1028,-1376,-3760,5954,-1916,-22920
-7623,-1392,-5673,5558,-4536,-19424
-14680,-1424,-7358,5838,-3872,-18404
-14563,-1408,-2499,6754,-6784,-16684
-11684,-1424,-1969,3130,-4584,-13712
-10723,-1424,215,1350,-3764,-12896
-9439,-1424,2517,2178,-3940,-13152
-5761,-1424,568,4090,-4032,-13268
-1254,-1408,5043,3982,-3676,-14332
-2800,-1408,1227,2518,-4020,-13832
-6324,-1392,768,1554,-4880,-14296
-4880,-1408,826,1642,-4140,-14324
-3577,-1408,-171,-710,-3308,-13300
-3997,-1424,368,-1402,-3476,-12796
-3417,-1408,-96,-926,-3404,-12964
-2378,-1408,-1768,-894,-3524,-13704
-1678,-1424,-1582,-794,-3872,-13576
-634,-1392,-1036,-694,-3280,-13664
-812,-1392,-1152,-1026,-2756,-13048
-434,-1424,-2380,-918,-3072,-13388
3
-32559,-1408,-13526,30846,-816,32767
-32559,-1440,-3865,18466,-1180,32767
-32559,-1424,-1684,19314,7868,29984
-32559,-1424,8574,27110,8148,5252
-32559,-1408,-32599,31817,-3476,4020
-32559,-1392,-32599,22558,5804,3156
-32559,-1424,25787,21154,640,10440
-32559,-1408,5792,27190,-14256,-8880
-32559,-1424,18073,31817,-19624,-26912
-32559,-1424,-32598,11282,-7780,-12240
26645,-1440,-31763,19990,-16140,-28784
21331,-1424,-15698,15926,-12468,-30540
11996,-1392,-14175,-4238,-8152,-23828
4792,-1376,-8635,198,-12360,-24044
4789,-1392,-1646,1886,-11704,-24568
7901,-1408,-3638,1030,-8748,-20744
1665,-1408,-3245,22,-6072,-19620
-1649,-1456,-3400,714,-4892,-19152
-2249,-1424,-5131,1506,-4132,-19328
-2598,-1408,-4343,1682,-3928,-17328
-5047,-1392,-4086,1582,-3352,-16184
-6102,-1376,-2743,230,-3760,-15984
-5346,-1392,856,-366,-4500,-15596
-3043,-1392,1729,-354,-3628,-15148
-2685,-1440,-287,-198,-2596,-14092
-2033,-1424,-3449,1090,-3616,-14464
-842,-1424,-228,1170,-4380,-12724
-3409,-1440,-1250,-886,-1672,-12352
-5474,-1424,-2751,-914,-2408,-12972
-2715,-1424,1450,138,-4512,-14212
-54,-1440,4301,-2522,-3276,-13388
-32559,-1424,25506,21538,-21276,-13712
-32559,-1424,19940,31817,-14808,-29208
-32559,-1408,-32598,24746,-8124,-25164
11632,-1424,-32598,10842,-8784,-31184
-1537,-1424,-13833,5390,-8600,-30084
929,-1440,2703,2158,-9680,-23624
1977,-1424,169,-730,-9548,-20520
413,-1440,-1106,-914,-8420,-19464
2319,-1472,787,2010,-6452,-19564
2740,-1424,-1182,1854,-3504,-18536
69,-1456,-267,2194,-1736,-17820
-2640,-1440,-3121,2154,-1012,-17312
-5227,-1392,-3945,1274,-1492,-15960
-5747,-1440,-491,966,-2880,-15644
-2889,-1424,2751,254,-2776,-15384
-1592,-1424,2243,582,-2048,-14908
-2275,-1408,816,1146,-1948,-15060
-2682,-1424,-1154,630,-2036,-14032
-2823,-1392,-2329,390,-2364,-14188
-3517,-1408,-4494,-294,-2028,-12848
-3946,-1424,-6118,30,-2480,-12676
-265,-1408,-2823,1022,-3092,-14140
4168,-1408,2108,1386,-2908,-13712
3553,-1424,2540,438,-1952,-13940
308,-1408,463,922,-2080,-14580
-1444,-1408,-2113,1126,-2244,-14656
-1610,-1456,-1930,-54,-2728,-14280
-965,-1424,-658,-138,-2772,-14360
1426,-1408,725,802,-2712,-15112
1589,-1424,1409,-254,-2240,-14904
537,-1376,-289,-30,-2276,-14896
-87,-1408,-1248,850,-2520,-15868
3
-32559,-1376,1845,19858,6392,32767
-32559,-1376,3916,15638,7996,32767
-32559,-1408,4147,17450,8064,25040
-32559,-1392,-32599,31817,2088,9940
-32559,-1408,-32599,31817,-5152,8076
-32559,-1392,28303,31642,3708,14060
-32559,-1424,21059,31817,-14160,-19972
-32559,-1376,-32599,31817,-30352,-22016
-32559,-1424,-32598,22662,-15584,-32768
16064,-1392,-15246,18550,-22636,-32768
3795,-1408,-22878,8494,-13876,-30408
-2595,-1392,-15973,-8610,-8260,-26576
-1834,-1408,2842,-1558,-10708,-22324
4892,-1424,7414,-4742,-7024,-23276
6296,-1392,-1084,-1214,-5200,-19700
-505,-1408,-991,-2010,-3688,-19004
-3247,-1424,-2467,62,-4236,-17756
-4986,-1392,-864,1602,-3496,-16156
-5791,-1408,-1746,1282,-3152,-14448
-6027,-1392,-1654,1574,-3616,-13940
-5594,-1392,-2382,234,-2996,-13496
-4289,-1408,942,194,-3632,-13364
-2628,-1392,1632,-150,-2760,-12660
-1441,-1392,306,-26,-3176,-12884
-195,-1440,301,-1258,-3388,-13060
262,-1424,1432,-1246,-3600,-12716
814,-1360,-470,-914,-2928,-13492
1375,-1408,-1204,-306,-3052,-14080
864,-1392,-1338,-934,-3044,-13852
263,-1408,-1600,-1110,-2816,-14276
-30,-1408,-2648,-1454,-3028,-14464
24,-1424,-2174,-1610,-3296,-14164
3
-32559,-1408,8873,16426,18076,32767
-32559,-1424,6695,15818,22268,22948
-32559,-1424,12915,23942,12312,2352
-32559,-1424,-32599,30818,28,19040
-32559,-1408,1997,28902,18284,13952
-32559,-1424,-16988,31817,-8540,-13248
-32559,-1408,-32599,31817,-25516,-19188
-32559,-1376,-32598,3574,-20012,-24228
8417,-1424,-17276,21626,-29740,-32768
12817,-1408,-20053,9862,-16660,-22980
23288,-1408,-20390,-150,-7196,-22384
5068,-1392,3048,-13178,-5524,-27804
-1787,-1440,4488,-4310,-8152,-20116
3567,-1408,3561,-7314,-7024,-17768
2880,-1392,1709,-6014,-8760,-15936
3086,-1424,650,-4914,-7472,-15992
2254,-1376,-753,-4150,-5776,-14816
-1496,-1424,-2510,-3102,-4820,-15180
-2055,-1376,-3311,-1930,-4800,-15516
-1923,-1440,-2373,-1046,-5184,-14180
-1885,-1424,-1892,-1606,-4912,-12968
-1117,-1408,-2013,-1606,-4748,-12512
431,-1408,-1900,-1230,-5440,-13076
1168,-1424,-1623,-1822,-4956,-13228
1292,-1440,-2140,-1622,-4936,-13680
770,-1424,-2011,-1410,-5664,-13732
-20,-1424,-4708,-698,-4100,-14136
-483,-1392,-7706,-3414,-3556,-13264
-1154,-1424,-5114,-4270,-3804,-13504
-513,-1424,-2060,-2730,-3776,-14128
2371,-1408,-1909,-2626,-3124,-14480
3
-32559,-1424,-32599,29662,-20152,-22608
-32559,-1408,-32629,31817,-25924,-28760
28585,-1408,-32598,6006,-7952,-29884
-13043,-1392,-216,20722,-18452,-32768
-9804,-1408,-5281,10298,-16172,-25568
1994,-1408,-9208,-2670,-9960,-18844
1608,-1424,2301,-1110,-13228,-17688
4381,-1392,1926,2338,-9960,-21296
6376,-1408,-2354,3250,-5988,-18064
-2440,-1392,-2560,1622,-5456,-18116
-7070,-1392,-2000,4782,-4868,-16788
-8044,-1408,-1483,4710,-4052,-14720
-7907,-1424,-2330,2618,-4680,-13860
-7046,-1424,-350,186,-4868,-13172
-4034,-1408,1438,618,-4300,-12976
-997,-1456,406,978,-3432,-13468
-1027,-1456,425,30,-4288,-12264
-1317,-1440,19,-246,-3900,-13312
-195,-1392,-1819,254,-4096,-13480
-567,-1424,-2559,30,-4468,-13296
-601,-1408,-1654,522,-4856,-13892
-467,-1424,-1093,26,-4536,-13852
-81,-1392,-2728,410,-4640,-14204
377,-1408,-3322,666,-4784,-13952
-689,-1392,-4144,290,-4528,-13484
-1281,-1424,-4361,62,-4132,-13292
-347,-1408,-3534,290,-3776,-13756
2034,-1392,-3978,-106,-3108,-14400
2072,-1424,-2581,-458,-2580,-14088
579,-1424,-1592,-538,-1940,-14664
108,-1408,-1404,306,-1916,-14916
-204,-1424,-1250,710,-2772,-14632
3
-32559,-1408,-32599,31817,-1536,5948
-32559,-1408,4667,29990,2548,8660
-32559,-1424,-26013,26518,-9048,-5344
-32559,-1440,-32599,31817,-30340,-29544
-32559,-1424,25217,22110,-19004,-32768
-32559,-1408,-32598,26314,-7240,-32708
13387,-1440,-16833,6854,-14116,-30160
1941,-1424,-17938,6122,-7316,-26364
7230,-1408,-7047,-2694,-5848,-29288
14326,-1424,11391,4894,-8720,-23752
1713,-1456,538,-4542,-6532,-21384
-4625,-1408,-1804,3058,-7020,-20492
-2873,-1424,-4800,3110,-4532,-18764
-5063,-1440,-5468,1678,-2992,-16424
-7860,-1424,-4016,2238,-2952,-15180
-6674,-1424,811,3178,-3148,-15380
-3538,-1408,2401,582,-2248,-14664
-2462,-1424,3045,826,-2708,-13072
-3793,-1424,1323,174,-2644,-13684
-1762,-1408,1347,1282,-2912,-14636
-1160,-1424,60,-458,-3228,-13600
-2573,-1424,85,-1106,-3428,-13504
-2229,-1440,-78,-330,-3864,-14260
-446,-1392,194,154,-3996,-14160
-1253,-1424,-207,-1370,-3464,-13360
-3082,-1440,-1340,-1182,-3892,-13672
-1640,-1408,-1981,166,-4120,-15044
-183,-1392,-665,-566,-3960,-13832
-1360,-1424,-903,-1030,-3444,-13588
-942,-1424,-1462,38,-3600,-14244
91,-1424,-994,-342,-3604,-13712
3
23311,-1408,-4323,25162,5224,32767
-32559,-1408,-6200,21222,3600,32767
-32559,-1360,-4755,24490,8032,23736
-32559,-1424,-12008,30418,11316,7092
-32559,-1408,19491,31817,6344,-1256
-32559,-1424,-32599,31817,1268,2848
-32559,-1392,15193,26018,5144,4884
-32559,-1376,-10385,28134,-4636,-16376
-32559,-1424,-7282,29366,-9764,-27032
-32559,-1440,29160,31817,-15132,-32768
25805,-1424,-32598,18402,2412,-32768
-4071,-1424,-15755,16942,-5016,-32768
-5967,-1424,10621,7558,-14152,-31044
-3276,-1424,395,354,-13808,-23392
-5148,-1392,1241,2662,-2784,-19096
-9331,-1408,-705,2066,-1556,-15632
-11361,-1376,-130,3754,-2136,-14760
-10687,-1424,3029,3414,-2700,-13044
-7504,-1440,2934,2166,-2080,-11932
-4656,-1376,1584,1758,-2376,-11716
-2724,-1424,1965,1074,-1940,-12328
-1105,-1408,891,-290,-956,-11344
-1586,-1392,-3241,-1662,-804,-11576
-45,-1392,-3268,-1458,-2444,-11996
2099,-1408,-147,-1446,-1896,-13036
2524,-1424,500,-586,-2604,-14024
2340,-1392,-255,-26,-2548,-14872
1584,-1408,-1333,106,-2348,-15340
-160,-1392,-1518,-170,-2044,-15352
-593,-1424,-1356,154,-2240,-15336
3
1341,-1408,-3129,-6502,-9824,-22792
2404,-1424,4484,-1130,-10296,-19028
3780,-1408,2924,-6026,-8096,-17960
2964,-1392,-224,-4438,-7460,-18344
1908,-1424,-391,-1422,-7312,-17948
-57,-1440,-812,-1858,-4536,-16596
-3798,-1392,-3975,-1850,-3324,-15516
-4364,-1424,-5391,-286,-4536,-15368
-1389,-1408,410,594,-4400,-14484
-766,-1376,1307,-2694,-2608,-13164
-2445,-1360,-743,-1538,-3348,-13828
-459,-1392,-368,-10,-4228,-15224
-406,-1376,960,-1994,-3288,-14280
-3003,-1392,-2100,-2790,-3040,-13576
-2939,-1408,-3935,-1306,-3796,-14412
-1044,-1408,-1454,-530,-3928,-14156
-219,-1392,491,-1614,-3388,-13984
-1749,-1408,-1435,-2474,-3004,-13468
-1696,-1408,-3097,-1898,-3304,-14260
-279,-1392,-2534,-2370,-3360,-14196
-157,-1376,-1725,-3234,-2512,-13496
196,-1408,-2135,-2334,-2580,-14396
1553,-1392,-498,-1694,-3064,-14756
977,-1392,735,-2138,-2376,-14148
76,-1376,-1021,-1866,-2788,-14920
869,-1392,-1264,-1190,-3460,-15944
916,-1424,-936,-2310,-3184,-15012
-996,-1376,-2081,-2698,-2360,-14656
-1846,-1424,-2238,-2398,-2548,-14684
-1357,-1392,-1649,-2010,-2388,-14692
-971,-1408,-504,-1998,-2948,-14768
-1487,-1392,-680,-2206,-2724,-14012
3
-32559,-1392,-32599,30666,-19492,-24320
-32559,-1392,-32599,31230,-18264,-23108
-32559,-1376,-32598,19918,-18668,-28332
13355,-1408,-27960,20330,-14848,-32768
2680,-1392,-15922,7310,-7244,-28208
-2499,-1408,-11689,-3854,-3508,-24820
-354,-1376,3743,146,-8128,-22424
3765,-1360,8281,-3106,-6572,-21212
2394,-1376,2679,-2646,-5164,-18524
-2845,-1408,-1126,406,-5052,-18488
-4257,-1392,-705,2774,-4016,-17980
-5753,-1376,-191,2186,-2412,-16480
-7544,-1376,-1078,1402,-1748,-15036
-8163,-1424,-2779,238,-2000,-14640
-6345,-1408,-1083,-78,-2652,-14496
-4841,-1392,1861,-378,-2552,-13660
-5565,-1392,2013,-2782,-1644,-12240
-4700,-1408,1488,-2150,-2540,-13584
-1804,-1392,2272,-1970,-2888,-13472
-2857,-1408,531,-3786,-2796,-13016
-4378,-1408,-3377,-3142,-3172,-13084
-2135,-1392,-5244,-2670,-2628,-13576
-1775,-1408,-3806,-3594,-2496,-12940
-3113,-1392,-4569,-4234,-2892,-14052
-507,-1376,-1311,-1762,-3380,-15228
1723,-1376,330,-1954,-2628,-14404
-560,-1360,-896,-2670,-2160,-13880
-892,-1392,-1649,-1598,-2480,-14412
564,-1392,-447,-1278,-2816,-14908
1200,-1392,1618,-2154,-2300,-14184
-32559,-1360,3812,17406,-11668,-4236
-32559,-1392,-11961,30554,-9208,-24688
-32559,-1408,14505,31817,-9212,-32420
28493,-1392,-1455,19298,-388,-18208
-3735,-1360,-22743,5538,1972,-17872
-7388,-1376,-1474,12578,-2504,-24416
4996,-1392,11032,11766,-6576,-22524
1486,-1392,1951,1274,-9468,-17684
-7157,-1408,-1331,850,-9544,-18960
-2601,-1392,863,5890,-6700,-20020
777,-1376,-1052,646,-2744,-16292
-4415,-1408,-1400,1010,-1792,-15816
-6780,-1392,-552,2994,-1948,-16220
-5663,-1376,-1223,1006,-1448,-15456
-5594,-1408,423,-34,-2912,-14100
-5909,-1392,193,154,-3280,-14096
-4508,-1392,-1706,266,-2840,-14344
-2659,-1376,-1431,-342,-2008,-13540
-2066,-1392,-972,-794,-1744,-13252
-1775,-1376,-2429,-530,-1620,-13368
-574,-1392,-2623,-162,-2640,-13312
-563,-1392,-777,206,-3320,-14432
-35,-1376,510,534,-3032,-14840
-1072,-1392,526,-126,-2536,-14160
-1604,-1376,-1334,174,-2376,-14096
-515,-1408,-1648,122,-2712,-15000
12,-1392,-359,-658,-3116,-13940
725,-1376,-162,282,-2924,-14336
624,-1392,-953,-578,-2680,-14736
1068,-1392,-310,186,-2640,-14860
1537,-1376,-430,82,-2380,-14604
589,-1360,-1065,-510,-2068,-14448
3
-32559,-1360,16773,31817,5464,16080
-32559,-1360,-32599,31817,1968,4960
-32559,-1376,28025,30802,2664,14356
-32559,-1392,21469,31817,-2740,-8828
-32559,-1376,-32599,31817,-29220,-14900
-32559,-1408,-10869,31817,4216,-19860
28217,-1360,-32598,11626,-23468,-25484
10040,-1408,-12264,18550,-18412,-31128
17548,-1392,-4909,9526,-16528,-24624
12692,-1360,-15885,-1058,-11904,-24988
8397,-1376,-8033,3502,-10468,-26484
12007,-1392,-1233,3850,-6872,-26844
-5801,-1392,1593,3666,-4556,-20012
-10403,-1344,-6,3486,-3152,-16000
-12594,-1360,-3679,3110,-3364,-14600
-10442,-1392,-2073,2590,-3832,-14272
-5944,-1376,1776,958,-3224,-13104
-3863,-1392,96,310,-3096,-11940
-4029,-1392,-2490,1262,-3020,-11420
-3831,-1376,-4601,1442,-3308,-11360
-1845,-1392,-4618,2786,-4728,-12080
1647,-1376,-2589,2074,-4216,-12220
3765,-1360,-1864,770,-3904,-12356
2161,-1360,-234,1126,-3860,-13208
518,-1360,-2185,1278,-3356,-13672
44,-1392,-3091,790,-3704,-13760
724,-1376,-1858,1070,-3532,-14512
2169,-1360,-501,1654,-3244,-14832
2631,-1424,501,350,-2236,-14760
1425,-1360,607,-374,-2216,-14552
3
-5812,-1360,-31093,-11854,-1800,-17048
-12374,-1376,3870,-8006,-11116,-22644
-2060,-1376,11667,-3846,-12152,-14588
8200,-1360,494,-10314,-6488,-12672
1873,-1360,-9759,-6342,-10224,-13728
-3910,-1376,1082,-2618,-7820,-13788
1291,-1392,-1579,-3854,-6028,-11464
3629,-1376,-4755,-4078,-3964,-11276
1163,-1408,-2781,-2714,-4728,-12168
2150,-1392,-3169,-2694,-5068,-12704
2791,-1376,-4205,-4862,-5280,-10724
1721,-1360,-4865,-4158,-5656,-10564
4743,-1392,-4754,-4354,-5800,-11492
9223,-1376,-4669,-2954,-4580,-12632
7919,-1392,-3906,-3870,-4284,-14596
5470,-1392,-4139,-3038,-4768,-16992
5706,-1376,-2136,-2210,-4416,-17420
406,-1392,-2050,-3570,-4056,-16676
-3266,-1360,-4063,-3022,-4712,-16776
-1195,-1376,-409,-1838,-5840,-16736
-785,-1392,-769,-2910,-4276,-14812
-2677,-1360,-1723,-2526,-4508,-14960
-2131,-1376,-1103,-1910,-4780,-14652
-2162,-1360,-1219,-2554,-4260,-13740
-2799,-1328,-2416,-3046,-3688,-13096
-2106,-1376,-2670,-2746,-3872,-13232
537,-1360,866,-2354,-3884,-13524
403,-1392,539,-3086,-2792,-12892
-441,-1376,-1526,-2522,-3456,-13724
781,-1392,-210,-2030,-3796,-14204
1100,-1408,1057,-1766,-3624,-14848
551,-1376,678,-2614,-3720,-14596
3
-32559,-1376,-23203,25826,1592,32767
-32559,-1376,-13793,21142,500,32767
-32559,-1360,-21217,13662,3296,32767
-32559,-1344,-7181,25406,9740,19792
-32559,-1376,-32599,29678,772,-4788
-32559,-1360,-32599,13714,-384,6896
-32559,-1376,31140,7886,3472,10088
-32559,-1360,16605,11254,-21336,-15056
-32559,-1392,31358,26138,-16540,-23496
-32559,-1344,5140,21122,-15328,-22396
32727,-1392,-15159,16470,-14808,-20552
741,-1392,-32598,7146,-4692,-22732
903,-1376,-18436,4502,-9816,-24876
12738,-1392,10819,2274,-7172,-22140
12084,-1392,3072,-4366,-5576,-16712
7062,-1376,-4794,-3574,-5616,-17692
5955,-1408,-1421,-738,-6060,-18416
5642,-1360,-298,-1246,-3900,-18728
1022,-1376,-1923,250,-4480,-18972
-314,-1408,-2196,1666,-4180,-18632
-1309,-1392,-1825,630,-3540,-16592
-3458,-1376,-3291,310,-3148,-15040
-3920,-1376,-4520,34,-3288,-15108
-902,-1392,-732,-558,-3272,-15652
994,-1392,1594,-482,-2424,-14512
816,-1408,339,-270,-2044,-13176
-1440,-1392,-1009,110,-2384,-13740
-2190,-1408,-1989,822,-3392,-15272
-2141,-1376,-4746,-34,-1940,-13868
-2283,-1392,-4356,-1138,-2024,-13492
-1551,-1376,-3181,-1130,-1868,-13696
619,-1376,-895,-634,-1588,-13764
3
-32559,-1328,-32599,31817,-31044,-21016
-32559,-1312,-22314,26942,-24240,-32768
19996,-1344,-29071,17014,-18328,-32768
5299,-1328,-21588,14734,-12496,-30244
-243,-1312,-15491,-4402,-8044,-22172
-4035,-1312,2231,-7614,-8804,-22632
2914,-1328,9887,-3366,-9512,-21756
5190,-1344,1340,-6846,-7816,-16708
-84,-1360,-2278,-1914,-8128,-19024
1811,-1328,-101,3254,-5636,-19836
-876,-1344,1214,-154,-2120,-16520
-7437,-1328,-217,-210,-1456,-15736
-7578,-1344,-641,102,-2328,-15816
-5370,-1312,1805,-690,-2796,-13616
-6922,-1328,-570,-2986,-2808,-11812
-6109,-1328,-3034,-1926,-3408,-12216
-2455,-1312,-1519,-1322,-3704,-12704
183,-1360,-638,-2218,-3636,-12160
-911,-1344,-1570,-2930,-3144,-12396
259,-1344,-2575,-2058,-3236,-13420
2019,-1360,-972,-1866,-3004,-13560
1072,-1344,-23,-2286,-3080,-13772
833,-1328,-1946,-2218,-3140,-14320
1256,-1360,-1741,-2294,-3364,-14380
1138,-1344,-1585,-2398,-2804,-14528
935,-1328,-1272,-2554,-2496,-14676
1028,-1344,-1617,-2418,-2228,-14720
1892,-1344,-1123,-2222,-2096,-15148
1319,-1328,-115,-2402,-1884,-14932
60,-1344,-795,-2606,-1620,-14704
312,-1344,-931,-2254,-2052,-15032
738,-1328,-862,-1938,-2008,-15024
3
-32559,-1360,-32599,31817,-10748,-32768
-32559,-1360,28761,25442,-5992,-13680
-11664,-1312,-32598,-2378,-18916,-27176
-22905,-1344,-28239,24122,-21556,-32768
7772,-1328,-17442,54,-21208,-24964
23998,-1344,-3071,-386,-13876,-19644
6580,-1360,-8761,-6770,-10636,-25572
742,-1360,12,1054,-9068,-22556
7303,-1344,-6393,-3210,-6512,-20944
2184,-1360,-4964,-2570,-6828,-19896
649,-1344,-3353,1930,-7652,-19204
1357,-1344,-2059,2346,-6220,-17792
-3,-1360,-769,726,-5084,-15784
-897,-1344,-1867,-150,-5012,-15292
466,-1328,1187,162,-5000,-15404
1776,-1360,-2076,-802,-3252,-14720
905,-1344,-3259,-238,-2548,-14404
632,-1328,-3448,2638,-2776,-15556
597,-1328,-872,2450,-2568,-14724
-3294,-1376,-1848,494,-2028,-14268
-5831,-1328,-2749,830,-2096,-14032
-5759,-1344,-2407,-2,-1852,-13372
-4699,-1328,-1930,-382,-1672,-12580
-2865,-1328,-1776,-298,-1712,-12092
-1148,-1344,-2750,-774,-1836,-11928
-272,-1360,-4940,-1170,-924,-10564
2872,-1344,-2407,934,-2364,-14504
7289,-1376,4480,2422,-2492,-14920
4809,-1328,2230,-506,-1396,-14800
-1587,-1344,-2384,-698,-2268,-16112
-1892,-1328,-3351,542,-2708,-16880
-257,-1344,-2835,-970,-2896,-16104
3
-32559,-1344,-20836,28562,16176,32032
-32559,-1328,2195,31817,12588,16012
-32559,-1376,-32599,31817,9868,12332
-32559,-1328,21660,31817,9932,21496
-32559,-1328,1356,31817,-4864,2292
-32559,-1344,-32599,31817,-24040,-9016
-32559,-1360,-32598,29018,15572,-9208
-32559,-1328,-32598,31817,-19460,-32768
30997,-1344,-1582,12986,-17036,-25460
-4985,-1360,-20518,-7810,-12944,-27180
-10323,-1328,-14433,11314,-17672,-32016
6561,-1328,-1224,-3982,-10600,-25924
17753,-1360,-9209,2554,-7312,-23288
520,-1344,2900,-5622,-2132,-26464
-237,-1360,-3987,4834,-5456,-22520
-3134,-1360,-1290,1826,-4728,-19676
-6151,-1376,125,4054,-3032,-16644
-6666,-1328,-3530,2878,-2024,-12952
-7409,-1344,-5033,2170,-2456,-11276
-4507,-1360,1407,1686,-2312,-12004
3433,-1328,5066,4054,-2872,-15700
4601,-1344,2941,1506,-1732,-13384
-3477,-1328,-1682,1058,-2444,-12828
-5018,-1312,-3726,2966,-3100,-14008
-1319,-1328,-1480,1710,-3528,-13084
488,-1328,-954,846,-2608,-13256
1281,-1344,-1569,1414,-1940,-14656
-1516,-1312,-2543,1930,-2256,-14844
-696,-1328,-1499,1434,-1896,-14772
-621,-1344,-904,1110,-1720,-14484
3
-32559,-1360,-32599,31817,3204,11552
-32559,-1376,-32599,28314,6120,18400
-32559,-1344,12148,27114,3164,10276
-32559,-1360,-32599,31817,32468,-10044
-32559,-1328,-32598,31817,-26608,-25824
-32559,-1328,-32598,31817,6244,-32768
-32559,-1328,-12390,18074,32468,-24456
27180,-1344,-8092,13870,-11804,-22540
7034,-1360,-6936,-1670,-10280,-22740
6308,-1360,-8151,8582,-12356,-24812
9835,-1344,-391,2674,-6984,-23616
3241,-1360,41,430,-2812,-19784
-834,-1360,-5551,1866,-3032,-19856
-2499,-1344,-2896,1882,-3420,-18540
-3006,-1328,-1586,4326,-3188,-17120
-3553,-1344,-5246,4262,-1964,-17252
-2633,-1344,-5226,5498,-1440,-18184
-2532,-1392,-3107,3742,-1528,-16688
-5561,-1344,1264,-114,-160,-14056
-10819,-1360,-922,-1066,1212,-13940
-8877,-1376,-3104,938,-452,-14676
-4436,-1344,-300,778,-1644,-12900
-3881,-1360,-2,190,-1120,-12152
-3294,-1344,-2144,130,-1148,-12748
-1679,-1312,-873,386,-1508,-12972
597,-1360,-198,194,-1152,-13336
827,-1328,-156,94,-908,-13744
932,-1328,725,598,-1476,-14260
504,-1360,1739,-18,-1432,-15072
355,-1344,3748,562,-1976,-15304
-297,-1328,1456,-34,-2056,-14212
-955,-1360,-1714,182,-2024,-13732
3
-32559,-1344,3139,25470,-4096,12616
-32559,-1344,16824,27810,-11424,-11156
-32559,-1328,-32599,31817,-10932,-31476
-32559,-1328,11884,19770,-6832,-17276
15485,-1344,-32598,4962,-5248,-32768
-3038,-1360,-11608,21730,-18768,-32768
10506,-1360,819,-926,-11096,-26764
2975,-1344,-9000,-3866,-10408,-22620
-1980,-1360,335,-350,-10932,-22436
5653,-1360,3618,-4558,-8360,-20572
2736,-1376,207,-3686,-5472,-17724
-3851,-1328,-4503,-1074,-5268,-17272
-3694,-1360,-3518,42,-4696,-17520
-5577,-1376,-5140,-698,-1936,-13292
-2130,-1344,-1810,-786,-3216,-14184
-141,-1360,-188,-2146,-2204,-13984
-934,-1328,-1266,-1910,-1908,-13596
-703,-1344,-1277,-854,-2404,-14396
-488,-1392,-750,-1266,-2256,-14136
-1106,-1344,-1590,-1410,-2784,-14144
-767,-1344,-2934,-1470,-3496,-14316
563,-1360,-1797,-1018,-3372,-14580
339,-1376,-359,-1422,-2512,-14416
-460,-1376,-1584,-1654,-2508,-14148
-337,-1328,-2156,-1654,-2704,-14596
471,-1376,-583,-1174,-2756,-14884
611,-1328,-193,-1366,-2392,-14760
-98,-1344,-967,-1426,-2360,-14560
-36,-1312,-1033,-1302,-2536,-14528
425,-1360,-952,-1518,-2772,-14124
3
23573,-1360,-16906,20074,10584,32767
-32559,-1328,-4851,19490,4916,32767
-32559,-1344,-2419,21714,7092,32767
-32559,-1360,8907,31817,-356,23708
-32559,-1312,-32599,31817,-1096,13788
-32559,-1344,29077,25878,9104,17000
-32559,-1360,31318,31817,-15808,-12804
-32559,-1344,-32599,31817,-17340,-32704
-32559,-1360,-32598,16202,1124,-15712
21417,-1344,-10830,26882,-21776,-32028
10952,-1376,-12716,12166,-14868,-29788
3728,-1328,-14723,998,-12952,-23788
-2242,-1344,-11483,834,-11736,-22424
1219,-1376,-1816,-58,-8672,-24316
8258,-1360,1695,2190,-6160,-22556
707,-1344,-2540,-738,-2616,-19644
-6485,-1360,-7002,830,-4576,-19552
-7739,-1360,-4400,2474,-4552,-18824
-8259,-1376,-2374,1478,-2856,-15180
-9026,-1360,-3602,698,-1640,-13388
-7896,-1344,-3840,74,-1700,-13152
-3659,-1344,-597,350,-1532,-13536
317,-1360,-210,-514,-540,-12676
1150,-1344,-757,-494,-716,-13292
1491,-1360,1210,894,-1532,-14280
1143,-1360,-208,-342,-812,-13912
297,-1376,-1348,-50,-1588,-14152
-73,-1360,-1937,-670,-1876,-14360
81,-1360,-2594,-338,-1624,-15036
1436,-1392,-1871,698,-1920,-16152
2151,-1360,-509,358,-1772,-15996
40,-1376,-482,178,-1564,-15180
3
-32559,-1312,-3707,25050,4528,32767
-32559,-1344,4454,15846,6948,32767
-32559,-1360,-1402,23046,8408,32767
-32559,-1360,26991,31817,-2924,12272
-32559,-1344,-32599,27666,488,12428
-32559,-1376,17729,25862,6336,17388
-32559,-1360,32028,31817,-15156,-32768
-32559,-1344,-32599,31817,-25848,-22396
-32559,-1360,-32598,12582,10780,-23252
3657,-1360,15872,31817,32468,-30748
-3344,-1344,-26046,3938,-15156,-28344
-14904,-1360,-19498,-6394,-14728,-18896
-11395,-1360,-7141,-1438,-16040,-18688
421,-1344,2513,-8206,-10892,-17444
18414,-1328,4650,-5146,-6036,-17096
15074,-1408,-8410,-462,-6552,-18580
171,-1344,3932,-2026,-4444,-18192
832,-1360,-3694,1702,-4780,-16296
-3050,-1360,-3339,590,-4076,-16192
-6227,-1344,-3863,678,-3628,-15072
-5777,-1360,-2799,-786,-3648,-13868
-2791,-1376,-1390,-418,-3548,-14576
-320,-1344,-683,-794,-2700,-13800
-1170,-1360,-1491,-1238,-2572,-13280
-2578,-1344,-2684,-2046,-2392,-13088
-1114,-1376,-1738,-1574,-3104,-14128
325,-1328,-494,-1854,-2768,-14308
745,-1376,570,-1854,-2660,-14248
549,-1344,303,-2354,-2136,-13568
-156,-1360,-1005,-2738,-2060,-13876
993,-1344,-418,-1502,-2860,-14548
1972,-1328,688,-1530,-2568,-15068
3
29842,-1344,-20404,23542,4556,32767
-32559,-1376,-6910,20018,2280,32767
-32559,-1360,-16094,25222,10704,32767
-32559,-1360,11803,31817,10000,11056
-32559,-1344,-32599,31817,6384,7920
-32559,-1360,31561,29042,10904,19540
-32559,-1376,-14409,31817,1232,2888
-32559,-1360,-32599,31817,-26832,-32768
-32559,-1392,8700,27598,-18876,-26336
-32559,-1344,-28076,31817,-24944,-32768
12871,-1360,-22305,12166,-20484,-32272
1915,-1360,-10025,-3246,-17252,-30508
-3073,-1376,-6403,-466,-15676,-25992
887,-1360,1199,-4514,-12604,-22264
4221,-1360,-3123,-1822,-9864,-20796
-692,-1344,-6897,-526,-6072,-19108
-2948,-1360,-7118,982,-6296,-18044
-4189,-1360,-5510,1762,-5712,-16700
-4640,-1344,-1564,3022,-5316,-15200
-4952,-1360,-939,2690,-4508,-14000
-4148,-1328,268,2202,-4380,-13032
-2601,-1344,2545,2878,-4796,-12508
-2221,-1360,-28,1262,-3940,-11792
-2372,-1360,-587,410,-4016,-11436
-860,-1376,827,46,-3060,-12056
1573,-1360,1043,-2738,-2800,-13080
1655,-1376,-623,-3574,-2384,-13092
1292,-1344,-1193,-2202,-3172,-15248
2075,-1328,46,-514,-3788,-17032
595,-1376,-297,-1494,-3276,-16040
-1811,-1344,-1687,-842,-3536,-15744
-3221,-1360,-1986,-206,-3968,-16220
3
24766,-1376,-29233,21638,-3160,32767
-32559,-1360,-17310,18494,-6748,32767
-32559,-1360,-11183,20830,-264,32767
-32559,-1328,-20752,23374,5564,29868
-32559,-1360,4251,31817,2280,14120
-32559,-1344,-32599,31817,2444,4564
-32559,-1344,30704,29902,11756,17352
-32559,-1360,3627,31817,-600,5420
-32559,-1344,-32599,31817,-5492,-32768
-32559,-1328,29274,25682,-9644,-10980
19937,-1328,-32598,9394,-10728,-21968
9410,-1376,-12013,1934,-10728,-24596
842,-1376,-15181,5690,-11972,-25256
5077,-1328,-5792,4874,-9596,-26516
7919,-1360,-2564,2014,-5988,-24564
2162,-1328,-1256,-926,-3840,-22332
-2947,-1376,-2052,1282,-4124,-21392
-2731,-1376,-1811,4626,-3520,-20872
-3371,-1328,-2019,3714,-2820,-17800
-6840,-1344,-2169,2618,-2052,-15904
-8792,-1360,-2028,1782,-1592,-15100
-6955,-1360,-955,966,-1488,-14472
-4237,-1408,-15,246,-1004,-13532
-3329,-1360,-90,582,-1088,-12420
-2707,-1328,-1771,978,-1196,-12024
-157,-1376,-2996,1670,-1840,-12664
1914,-1360,-2848,1518,-1428,-13204
1734,-1376,-4083,906,-796,-13732
1551,-1360,-2994,1222,-764,-14844
1621,-1360,-756,1718,-1044,-15072
3
-32559,-1376,-32599,31817,-24860,-32768
-32559,-1376,-32599,31817,32468,-32768
-32559,-1360,-32598,27150,1368,-32768
6583,-1344,-6024,14734,-21228,-32768
3068,-1328,-20772,7222,-14236,-29500
-122,-1360,-10248,-4506,-11680,-24512
126,-1376,-5956,126,-12500,-21708
7365,-1360,1257,1130,-7816,-23968
7170,-1344,976,1414,-3540,-19000
-1839,-1344,-5840,-1438,-2400,-19388
-4484,-1360,-6348,2162,-4504,-18128
-2703,-1360,-3142,3166,-3892,-15844
-1157,-1360,-2586,3930,-2784,-14092
-837,-1328,-3125,2494,-2032,-13016
-415,-1376,-479,1278,-1920,-13596
1581,-1360,1749,1778,-1440,-14800
1310,-1328,234,1086,-1332,-14872
-476,-1344,-686,1838,-1544,-14408
-2425,-1360,-2148,1866,-1928,-14584
-1571,-1376,-1366,1514,-2188,-14608
-827,-1376,-1434,1402,-1964,-14344
-18,-1328,-1205,694,-1460,-14368
562,-1344,-1058,1498,-1220,-15020
536,-1344,-510,1446,-1232,-14840
-674,-1360,-1041,1130,-1156,-14484
-396,-1376,25,2022,-1800,-15432
-6,-1344,1239,870,-1208,-14972
-1106,-1360,-154,326,-1000,-14232
-1207,-1392,-715,1246,-1400,-15060
595,-1376,1021,2890,-1912,-15904
63,-1360,304,1938,-1404,-14808
-2078,-1328,-1718,1030,-1600,-14364
3
-32559,-1360,-1021,31817,1500,19596
-32559,-1344,25134,31817,-14416,-3304
-32559,-1376,-32599,31817,-17192,-6136
-32559,-1392,-32598,31817,26184,-18808
-32559,-1344,-29641,31817,-20532,-32768
12911,-1344,-16303,19610,-8268,-32768
-3784,-1360,-13110,2070,-8296,-29100
-4568,-1376,-1201,7626,-12276,-27224
-2884,-1376,62,-1638,-7760,-25460
4170,-1360,-2243,3034,-4020,-21108
-3515,-1328,4575,-1118,-1696,-21252
-3794,-1376,-992,2286,-2804,-19532
-4242,-1328,-655,2382,-3668,-17776
-5528,-1376,-1315,3602,-2704,-15684
-4979,-1360,-55,3010,-1588,-14004
-4604,-1328,20,2186,-1392,-13248
-4592,-1376,1107,158,-1124,-12800
-2870,-1392,2095,226,-1172,-12932
-903,-1344,1643,102,-960,-12812
-1628,-1376,-1319,-314,-880,-11800
-1883,-1360,-3774,490,-1764,-12904
1501,-1392,-297,-306,-596,-13536
536,-1376,-1155,170,-676,-14040
721,-1360,-581,702,-904,-14308
1516,-1376,453,674,-1240,-14428
1231,-1376,-667,-86,-1140,-14212
1281,-1360,-1222,86,-1340,-14788
1444,-1376,-1421,758,-1580,-15092
1993,-1392,-1676,1078,-1756,-15288
1771,-1392,-1140,1382,-1912,-15556
3
-32559,-1360,-32599,31817,-6812,4008
-32559,-1360,16757,31817,10016,14936
-32559,-1376,4018,31718,-4812,-5576
-32559,-1328,-32599,31817,-31380,-32768
-32559,-1360,-32598,27778,13452,-32768
12159,-1376,-26071,9130,-23224,-32768
-8180,-1360,-15706,13134,-16572,-32768
13653,-1360,-5900,6142,-16668,-30468
2586,-1376,980,-7454,-10632,-22004
-5623,-1360,-2987,-5666,-8868,-20216
478,-1328,1218,-3770,-6852,-21036
4141,-1344,1010,-3526,-3912,-18572
2408,-1360,510,-5674,-1808,-15984
-362,-1344,-208,-2674,-2696,-16228
-1174,-1360,261,-1414,-2720,-15732
-1325,-1392,22,-1410,-2428,-13948
-1569,-1376,536,-1678,-2540,-12884
-285,-1360,173,-670,-2480,-13036
2076,-1344,820,-2326,-1576,-12252
2163,-1376,725,-3078,-892,-13008
1840,-1360,-562,-2674,-600,-14160
1113,-1360,-3337,-3190,-832,-14524
1965,-1376,-1173,-2334,-1236,-15992
3038,-1360,502,-2142,-796,-16168
624,-1344,-102,-3142,-480,-15188
-2037,-1360,-1588,-2106,-936,-15324
-697,-1360,-1226,-874,-1716,-15664
-50,-1344,-867,-1754,-1888,-14620
-814,-1392,-2042,-1874,-1848,-14088
-438,-1360,-2226,-1218,-2124,-14604
778,-1344,-1644,-946,-2240,-15156
904,-1328,-1388,-878,-1956,-14588
3
-32559,-1328,8828,31817,-4972,15700
-32559,-1360,-32599,30950,-9440,9468
-32559,-1376,-32599,24378,1188,8496
-32559,-1360,-32599,31817,-9920,-32768
-32559,-1376,-32599,31817,-15916,-21232
25046,-1376,-32598,-11566,17212,-468
-16053,-1360,20674,31817,-20812,-26360
-6690,-1376,-31327,5458,-15896,-26412
8747,-1376,-4576,-5370,-12336,-16852
-1368,-1392,-19617,-5762,-10668,-16700
-9867,-1376,1831,-6146,-7988,-16400
1196,-1376,-3025,-5950,-6364,-14936
11603,-1360,-856,-3502,-4204,-14208
10918,-1392,-5410,-3826,-3020,-14704
2802,-1376,-2838,-4142,-2108,-14156
541,-1392,-5284,-254,-2128,-15680
3649,-1344,-3959,286,-1792,-15992
2273,-1344,-3582,-2554,-1584,-14200
-2149,-1360,-3579,-3002,-1864,-14952
-45,-1344,-5237,-958,-1596,-16740
1831,-1376,-2122,-3006,-1952,-15624
-270,-1360,1887,-2090,-2848,-15520
-529,-1376,1608,-1490,-1056,-15612
909,-1328,2296,-3286,-2200,-14484
-196,-1344,3663,-5030,-2124,-13996
-403,-1376,2719,-3346,-2824,-14924
-4,-1360,681,-3022,-2424,-15168
-381,-1344,-2778,-3586,-1892,-14160
-1111,-1360,-2810,-2742,-1896,-15224
41,-1392,-686,-1330,-2096,-15984
17,-1376,-158,-1506,-1880,-15136
-1568,-1392,-2295,-2362,-1644,-14568
3
-32559,-1344,18947,31817,2668,6952
-32559,-1344,-32599,30042,5200,8008
-32559,-1360,11743,30410,1116,11484
-32559,-1376,24376,31817,-4516,-19616
-32559,-1360,-32599,31817,-16168,-13908
32374,-1360,-30102,12806,-13528,-6628
15718,-1376,-32598,30254,-12808,-32768
20862,-1392,-4173,9158,-15560,-32768
13767,-1408,-163,4858,-8020,-25108
-4958,-1376,-20559,-2938,-5584,-25504
-4886,-1392,-16332,4134,-5204,-25304
5079,-1360,2693,4090,-5336,-24520
1386,-1408,1375,482,-2644,-20100
-7483,-1328,-5420,1246,-2468,-19152
-7933,-1376,-5188,3766,-2536,-19844
-5674,-1376,-64,1102,-2256,-16976
-8156,-1392,-2966,822,-1872,-15004
-10112,-1344,-5143,822,-1776,-14244
-7961,-1392,-3702,270,-1884,-14524
-3446,-1360,-371,-70,-964,-14096
-3560,-1376,22,-1918,-468,-13212
-5938,-1360,-1512,-1994,-52,-12684
-4236,-1376,-5432,-2222,472,-13140
-625,-1376,-1827,-1750,-1028,-13440
-246,-1344,701,-1742,-544,-13812
-121,-1376,-2048,-1950,632,-14080
3516,-1392,101,-1738,-536,-14744
1802,-1392,5659,-1506,-1512,-15172
1086,-1344,1137,-1410,-1140,-15052
712,-1392,-5153,-1238,-800,-14600
1076,-1360,-3878,-862,-532,-15232
-232,-1376,-256,-1262,-116,-14700
3
-5215,-1360,23109,14930,-18536,-32768
-1953,-1376,4856,6322,-15852,-32768
12387,-1376,-23230,12114,-12288,-22264
-4899,-1392,293,-9334,-6372,-25116
-8634,-1376,-7399,6718,-6732,-20548
4563,-1408,-5070,870,-3728,-22548
895,-1392,-4164,322,-1956,-20888
-2603,-1344,85,1726,-1336,-18796
-2620,-1408,280,1342,60,-16316
-6463,-1392,-11,1918,1084,-13788
-7963,-1392,-2984,2158,228,-13032
-3839,-1376,-278,1542,-264,-13776
735,-1392,3976,1350,-88,-13740
-807,-1344,286,-1226,560,-13172
-1229,-1376,-1301,1266,-784,-14204
-265,-1360,-466,1974,-84,-13952
853,-1376,-4634,1058,596,-15296
3423,-1360,-1561,630,-768,-14156
2053,-1360,3381,138,-440,-13064
-1141,-1376,-88,90,516,-15568
-1063,-1376,399,690,-580,-15696
-1974,-1360,29,66,-788,-15268
-2420,-1376,-870,402,-912,-15352
-2911,-1392,-1448,38,-884,-15288
-2735,-1360,-1003,-110,-708,-14904
-2251,-1376,-751,194,-652,-14368
-1004,-1392,-578,814,-852,-14588
-748,-1360,-1249,526,-496,-14744
-1177,-1376,-827,222,-748,-14340
-1711,-1360,-505,298,-780,-14236
3
-32559,-1376,26350,31817,-17756,15104
-32559,-1376,-15254,29970,4744,13884
-32559,-1360,-32598,25658,-5400,3708
-32559,-1408,-19772,31817,-5484,-17412
-32559,-1376,-32599,31817,30560,-32768
-32559,-1392,-32599,20846,-1388,-29248
8445,-1376,-32598,990,-4968,-22776
-6011,-1376,-32598,28550,-5580,-32768
154,-1360,-4052,-618,-15464,-25696
5986,-1360,-7403,3278,-9104,-21760
-3070,-1376,-4136,1518,-5652,-24640
3120,-1392,-4727,1330,-2108,-24060
1658,-1392,1236,1542,-3644,-22440
-6356,-1408,-2918,-374,-1528,-22164
-10421,-1392,-8580,1018,-776,-19632
-11369,-1392,-6508,2378,-560,-17804
-13567,-1376,-713,986,284,-14988
-14623,-1392,186,854,616,-13156
-11730,-1344,-492,-386,760,-12848
-5333,-1376,909,-730,-232,-12104
-1143,-1392,1849,-1562,-188,-11988
-1184,-1392,-185,-2718,400,-11556
288,-1376,-2540,-1106,72,-12404
2892,-1360,1779,-370,-116,-13076
3594,-1376,611,-1178,-272,-13568
4093,-1376,-3190,-1362,468,-13316
4888,-1360,473,338,-340,-14536
2518,-1376,663,-186,-1148,-14468
-559,-1376,-3412,-1094,-348,-15472
-1525,-1360,-2320,-482,-1832,-15840
-1542,-1376,-1971,-582,-784,-15756
-945,-1408,-2113,-1006,-568,-14892
3
-32559,-1392,9907,19138,13048,32767
-32559,-1408,5920,20354,11236,31496
-32559,-1392,5619,31817,4280,20748
-32559,-1360,25186,31817,-10480,23584
-32559,-1376,-23419,31817,6864,18736
-32559,-1360,1089,31817,-10512,-19592
-32559,-1360,-32599,31817,-22036,-9208
-32559,-1376,-28989,30166,27408,-18892
29860,-1360,-25995,31817,-17096,-32768
9615,-1360,-9284,13846,-14096,-32768
4998,-1360,-11574,6278,-13264,-28732
-88,-1376,-5528,6350,-12824,-27548
1116,-1392,44,182,-7136,-23444
-240,-1376,1933,1982,-4792,-21232
-957,-1392,-1007,4478,-4136,-18896
-3858,-1360,-4254,3478,-4376,-17444
-4733,-1376,-1238,3370,-3832,-16360
-4625,-1408,-773,4134,-2752,-14472
-4627,-1392,-1756,3578,-2084,-13932
-4943,-1408,456,3126,-2256,-13084
184,-1376,599,1790,-3128,-14516
-1015,-1360,135,726,-2412,-13732
-2282,-1360,-1349,1306,-2312,-14236
-873,-1376,-820,2154,-2456,-15284
-598,-1360,-812,670,-1584,-14388
-2123,-1392,-1941,266,-1644,-13716
-1458,-1376,-2412,1246,-1832,-13924
513,-1360,-1016,1370,-2096,-14676
872,-1360,-158,1378,-1760,-14408
63,-1376,-1600,1146,-1596,-14052
3
