-32559,-1616,-10689,29330,19632,12192
27794,-1552,-9718,23262,22092,3468
30541,-1600,16993,26870,17948,-3496
-32559,-1616,4793,30826,27856,-11980
31353,-1584,-5614,26558,21652,-14172
21655,-1632,19093,31817,32467,-17600
28828,-1616,22556,29566,32467,-21256
19900,-1584,-148,31817,27216,-23180
15818,-1600,-32599,31817,32467,-18556
-17397,-1616,1740,31817,32467,-19904
12704,-1584,-5129,4062,-15940,-21628
5206,-1600,-18509,23358,32467,5192
-1803,-1584,-10757,6578,-7616,5808
-3071,-1616,15155,11010,308,5524
-678,-1600,7293,12042,14844,2264
-640,-1584,1675,14694,13320,1712
-766,-1600,6026,14902,8428,3512
1446,-1600,7853,16410,6508,3468
3255,-1584,1755,15598,7732,3980
-919,-1600,-2721,14462,4344,4584
-3070,-1600,-443,15846,2536,4128
-1235,-1616,1307,16426,2232,3500
2428,-1568,1650,15918,1048,4032
1650,-1584,3685,15078,1656,4248
-1367,-1584,2333,15494,4232,3260
-1821,-1600,-3124,16598,3936,2612
-1039,-1584,-3914,16470,2460,2736
-558,-1600,-985,16002,1968,2976
-965,-1600,54,15662,2880,2860
-1282,-1584,-1730,15550,3200,2572
-1638,-1600,-2866,16090,2244,2312
-1436,-1600,-1245,16190,2404,2636
1
6623,-1584,-13829,21542,32467,-11368
-2013,-1584,2075,13938,32467,-5148
-15653,-1568,-15387,10214,32467,-20996
-29121,-1584,-18838,20070,32467,-23624
-32558,-1584,-20464,31817,32467,-25684
-32558,-1568,-11066,31817,32467,-31056
-32558,-1616,-4424,31817,32467,-32768
-32558,-1568,-7734,31817,29560,-19772
-32558,-1568,-3765,31817,32468,7192
-17091,-1584,-4531,31817,32468,10200
-2850,-1568,-9649,31817,-20088,13980
13142,-1600,2759,31714,2504,-1924
32322,-1584,14513,23434,21672,-2756
22775,-1600,-997,18546,31404,-3540
22585,-1568,-9868,23662,31252,-14716
25259,-1584,13175,16198,28720,-8004
21127,-1600,13703,10350,32467,-5480
9600,-1584,2112,12202,32467,-5592
14514,-1552,25357,3330,26980,-11532
3056,-1600,-3303,6486,32467,2760
-12890,-1600,-15399,22470,32467,-1344
-1380,-1584,-32599,31817,32467,188
29,-1568,-12480,15446,32467,18860
-12442,-1568,-11682,18282,19188,4224
-3000,-1616,10505,20514,15624,4852
8223,-1568,1985,17038,12996,4016
7313,-1568,3202,11346,7424,7140
632,-1584,1883,11082,4720,3272
-378,-1568,-1852,13614,5676,4192
2119,-1600,-3822,15010,5580,3188
1561,-1584,-1591,14814,4992,4248
-507,-1600,-633,15478,5372,3528
1
-30538,-1568,18894,-3794,32467,-28660
-32558,-1568,17769,31817,32467,-32768
-32558,-1552,7048,31817,32467,-13664
-32558,-1568,10057,31817,32467,520
-32427,-1584,-13101,31817,1732,5428
-11987,-1584,-12034,31817,32468,21632
6787,-1568,13644,31817,32468,3768
6124,-1552,-6447,31817,-4500,8096
-1526,-1600,-9201,28334,20920,3056
3798,-1568,-6531,22394,32467,-920
11670,-1552,6150,12298,22984,3232
9995,-1600,16801,9918,32467,5800
-8891,-1552,-17714,8838,32467,5668
-21889,-1552,-12606,-2978,19888,5432
-17092,-1568,10541,3838,13648,-1456
-5869,-1568,8966,16194,23260,352
-430,-1552,12431,14058,18500,5408
-3438,-1632,14783,16342,19400,7368
-7112,-1584,-4589,26530,21708,8420
-11037,-1552,-457,31817,15412,12360
-21437,-1568,11303,27750,32467,22012
-10782,-1584,5789,24874,18324,1104
5489,-1600,3878,21326,4980,6356
6318,-1568,-1863,17294,5760,10540
-2866,-1584,1245,8310,4736,10252
-11557,-1568,4371,12498,5316,9628
-5184,-1552,2371,18634,4860,4440
8256,-1552,-4337,18142,6468,4868
8838,-1600,-5555,15566,3388,6108
1776,-1584,1070,13858,496,5012
-1619,-1600,4880,15286,2792,4228
574,-1600,2421,16014,2524,2488
1
-4404,-1552,-10073,-14062,32467,-6404
-15337,-1520,4181,-258,32467,-29484
-32558,-1536,-6478,31817,32467,-32468
-32558,-1552,-10522,31817,32467,-26184
-32558,-1568,-1585,31817,32467,-8272
-20541,-1552,-12940,31817,-26268,2116
10989,-1552,9920,31817,32468,11964
4535,-1600,2364,31817,32468,4200
-1886,-1584,571,31817,-9556,1388
-5263,-1552,-3823,31817,10932,-240
2529,-1568,3149,31817,20176,-1828
10106,-1584,-32599,31817,20416,-2596
21901,-1568,-32599,31817,32467,-4216
12291,-1568,-5520,31817,32467,-172
4526,-1584,7821,31817,13836,-10228
23232,-1568,27154,31817,32467,-6340
11119,-1616,3412,31817,32467,-5040
-2137,-1568,30508,31817,32467,9492
-28220,-1568,-1527,20018,32467,9200
-9753,-1552,-6254,23974,16756,-7684
15598,-1536,-2773,18990,13980,324
16176,-1584,-424,10226,13776,6796
3076,-1568,1434,7062,10716,5532
-3229,-1600,-951,9178,9296,4976
-6731,-1584,-2734,11106,7068,4412
-6201,-1568,-903,13786,7468,5048
-2826,-1552,665,15702,4708,4836
2243,-1584,8204,17290,2568,3492
2717,-1600,7206,15862,5616,4940
-480,-1584,-674,15534,4868,6272
-2899,-1536,-3829,15858,12,5380
-2354,-1584,-1430,16062,-88,5652
1
1988,-1536,-5451,29326,32467,1904
-1474,-1552,-2950,26526,32467,7396
-4618,-1520,-401,13694,32467,-8960
-9234,-1568,-17358,3854,32467,-19908
-27071,-1536,-23710,20698,32467,-31868
-32558,-1552,-16660,31817,32467,-32768
-32558,-1536,-32598,31817,32467,-32768
-32558,-1584,-32598,31817,19744,-32684
-32558,-1584,-22616,31817,-7916,-18292
-9934,-1536,-10805,31817,32468,-6072
8798,-1584,14355,31817,32468,7268
19249,-1568,8113,31817,-22604,4464
23910,-1568,593,31817,-10224,-5652
25013,-1584,8455,31817,6144,-8272
19375,-1568,25124,31817,21772,-5720
19868,-1584,24902,31817,32467,-11380
18871,-1552,4010,29358,32467,-9656
19652,-1568,19899,22738,32467,-10136
25131,-1584,-2094,28230,32467,3468
-15025,-1536,-27803,11490,32467,14220
-19790,-1568,14606,25318,26188,8736
-6615,-1584,10422,20862,31364,9100
7060,-1600,-1608,17582,21768,6516
9172,-1584,4875,15454,12420,7968
4012,-1616,9291,12030,13212,7052
-1319,-1600,3741,11394,12368,7796
-5349,-1584,-5015,12102,8672,7448
-4953,-1600,-3635,13506,4040,6544
-3233,-1520,-1601,13858,6188,7840
-2935,-1552,-3183,14442,5952,7132
-3220,-1568,-1863,14886,5556,7484
-2205,-1552,493,14982,5516,6296
1
-27222,-1568,-28021,31817,-12588,-17048
-13377,-1584,-7657,31817,32468,-1644
-7618,-1552,7338,31817,32468,10564
6709,-1536,-2068,31817,-27784,7620
17313,-1584,-3741,24438,-16340,7464
24862,-1568,3374,23538,-7776,-3040
29953,-1568,9774,23542,8256,-1960
20191,-1552,6798,21654,15140,164
11982,-1600,31213,25190,32467,-804
15547,-1568,30024,16514,32467,-4148
14548,-1552,-6872,11082,32467,-6044
9583,-1600,2530,17590,32224,2672
-6,-1552,1620,17130,27432,4280
-460,-1552,-5945,23358,26056,2396
-215,-1536,-4968,21422,21244,4756
-4793,-1584,6880,20034,19932,9360
-11438,-1568,1039,20558,25216,9300
-9751,-1584,890,19578,17552,5180
-5316,-1552,987,17122,12356,7208
-2565,-1568,-168,15966,7628,6952
42,-1584,2396,14022,4372,6872
-2427,-1584,4086,15010,6216,6468
-1569,-1568,1732,15830,7052,5708
657,-1552,-177,16234,4172,4492
1678,-1584,-1972,15562,6204,5496
932,-1584,-1544,14786,3988,4764
793,-1584,-2559,14902,4260,4804
1071,-1504,-1078,14882,3452,4500
546,-1552,-227,15014,3956,4628
212,-1552,145,14826,3912,4052
1
-10060,-1520,901,-10738,32467,-8888
-32558,-1536,9540,12790,32467,-28848
-32558,-1552,3987,31817,32467,-28748
-32558,-1536,2084,31817,32467,-18992
-32558,-1568,1537,31817,28896,-7232
-30769,-1584,-24159,31817,-16592,-1020
972,-1568,-14417,31817,32468,8232
-1982,-1584,-8242,31817,-30380,4356
1856,-1536,-5978,31817,-14908,3864
9759,-1568,-9376,31817,-1924,-1924
17312,-1552,-1838,31098,13576,2216
2928,-1536,477,21678,24756,9956
5150,-1520,8966,18730,32467,588
23110,-1536,30858,9258,32467,-4440
12386,-1536,-5082,15986,32467,12488
-17456,-1584,-27100,13638,32467,9932
5055,-1568,15311,26762,14868,-2740
17524,-1552,20137,16390,32467,13996
635,-1568,-10599,10250,28992,12624
-10433,-1568,-3224,12718,15912,8892
-10708,-1552,2060,16590,20856,10508
-6648,-1568,-4457,16658,18684,6712
-1226,-1552,-4281,16346,12120,7536
-2468,-1568,-399,13722,4784,8056
-2575,-1568,7791,12814,5748,6136
-852,-1552,2987,13170,9080,7140
-976,-1536,-2538,12982,7844,6624
-2128,-1552,-1822,12898,5128,5712
-2672,-1568,-524,13870,6512,5992
-2891,-1568,264,14926,6212,5168
-1614,-1584,-1828,15494,6584,5376
-168,-1568,-1450,15034,4832,5076
1
-32453,-1536,18786,15330,32467,-23820
-32558,-1536,7650,31817,32467,-22772
-32558,-1520,2496,31817,32467,-14004
-32558,-1600,5870,31817,15544,-4036
-32558,-1552,-5026,31817,-13960,11212
-4655,-1536,-25833,31817,32468,15736
13074,-1536,1955,31817,32468,15900
9693,-1552,-2914,31817,-13112,5104
14124,-1568,-10322,28726,4044,1196
12047,-1520,-5402,23674,13488,-1080
15331,-1552,1774,22738,18464,-1416
13084,-1536,9080,24198,32467,5328
9241,-1552,7057,7442,32467,2624
9628,-1568,4316,21570,29468,2184
2454,-1552,-4425,27990,32467,9664
7244,-1552,8623,24198,27144,-344
11085,-1568,5776,22674,32467,5600
-3997,-1584,-21917,15770,29848,12012
-15744,-1568,-15048,17666,21924,10976
-12549,-1552,-5938,20118,22660,7684
-1171,-1552,929,20078,12996,3788
5008,-1600,2610,15882,12672,8080
1160,-1584,1466,12218,12764,8388
-3357,-1536,644,11426,10828,9084
-5139,-1520,-27,12950,7132,7132
-426,-1536,-30,15074,5772,5980
3614,-1552,-730,14870,6232,6972
3748,-1568,-181,14554,4992,7008
1322,-1536,879,14194,5824,7400
-633,-1584,1862,14790,4408,6244
-470,-1520,-1119,14634,6344,6940
-272,-1552,-2983,14718,3156,5664
1
-32558,-1536,-18410,31817,32467,-19076
-32558,-1536,-5708,31817,16916,-32768
-32558,-1584,-111,31817,-13464,-12816
-24095,-1536,16,31817,32468,9208
6963,-1552,-32599,31817,32468,9248
31180,-1568,-25615,19782,-2972,22680
7627,-1584,-13178,8778,1964,6368
13030,-1568,15949,18930,14428,-1712
22465,-1568,-56,1842,26720,1452
19870,-1584,3149,-1242,22372,5160
7458,-1520,20389,-1462,27620,2348
5434,-1584,8522,2610,32467,-200
8790,-1536,-9253,-1494,21412,-1252
15897,-1552,1623,6886,14056,-2796
16427,-1568,6431,12002,32148,7900
4496,-1584,-11675,7214,27564,10952
863,-1568,-8467,8786,9476,5592
945,-1552,4165,15710,15816,9576
-503,-1568,1627,17742,17884,9552
3509,-1568,3065,15862,8352,7108
1620,-1552,9699,18022,11408,12760
-3336,-1600,4652,17706,18576,12764
-4819,-1552,6980,16070,12264,10420
-2419,-1568,16410,16134,9996,8808
1146,-1552,13797,14486,13876,8972
2609,-1568,1785,13370,11636,8000
1809,-1536,-1198,12950,7556,8204
-1920,-1584,2003,12362,7244,9388
-5667,-1520,2013,13278,8036,8416
-6043,-1584,-1267,14422,7244,7896
-4594,-1536,-3461,14810,6428,7348
-2878,-1552,-2958,15122,5336,6760
1
-32558,-1552,-28526,31817,1712,-27156
-32558,-1568,-22680,31817,32468,-8968
-9970,-1552,-3153,31817,32468,17564
12158,-1536,-2742,31817,-16532,10448
25578,-1552,-374,24170,3920,6308
25934,-1584,-2944,11154,14276,3304
19752,-1568,-4692,12770,14152,1692
14104,-1552,12281,10986,10936,-268
21626,-1536,-32599,13630,24460,-8504
19007,-1520,15589,14850,32467,-2240
4894,-1536,3474,9878,30648,-3676
10211,-1552,-769,5770,14004,-7832
15584,-1536,-3906,26482,31028,2032
8992,-1552,-2127,18122,20484,6284
5812,-1568,11258,19650,13940,4384
-3421,-1552,10747,22358,23044,9336
-10827,-1568,8753,20634,16492,7992
-11862,-1568,9703,20510,14820,4664
-4712,-1552,7223,17078,6032,1532
-3649,-1568,4002,13742,10504,6828
-4995,-1584,-1809,14922,10232,4324
-1197,-1568,-5441,15534,6800,4352
1712,-1552,-575,15278,6500,4632
3464,-1536,1372,15866,9036,4360
2722,-1584,-5372,15394,8372,5132
555,-1552,-8014,15178,5672,5584
-846,-1520,-4296,14838,4196,5212
-1179,-1536,-3681,15226,4876,5316
-2026,-1536,-5892,15282,4480,5184
-1127,-1552,-3541,15638,3696,4392
1
-21843,-1568,-4071,31817,-32712,-9804
-13297,-1552,-9167,31817,32468,14076
-2810,-1536,-1850,31817,32468,13260
15253,-1520,-1525,31817,-12592,2020
20572,-1520,-7449,24478,1208,2508
12813,-1536,-14137,24450,8008,1084
11470,-1552,-12475,27698,22424,784
-10677,-1536,10905,16966,32467,4204
1945,-1552,-32599,26102,31760,-8540
6399,-1568,-25984,21594,32467,11456
-8664,-1536,-18099,16934,32467,13112
-9536,-1552,23155,19746,25620,11184
-9002,-1536,1208,17126,32467,17280
-12148,-1552,-20082,15950,25528,13576
-17174,-1568,-6946,14694,16660,14264
-14704,-1552,3831,16170,18832,13012
-9948,-1552,-7320,14794,15908,10260
-3585,-1536,-8877,14726,7076,8048
-770,-1552,-1386,14090,4392,8040
809,-1568,6428,13758,6376,8180
1061,-1584,4770,14238,7752,8164
96,-1536,72,14690,6220,7884
-172,-1552,1886,14682,4180,7300
637,-1552,3384,14994,4500,7404
1757,-1552,2358,15118,5456,7276
2959,-1552,-130,14734,3256,6680
1489,-1536,843,14174,3496,7132
-330,-1552,2339,14762,4172,6960
-928,-1568,750,14942,3796,5936
-339,-1552,-1796,15066,4352,6336
116,-1552,-3200,15094,3996,6304
47,-1504,-2438,14946,3204,6428
1
28334,-1504,3598,12086,23560,27060
16350,-1552,11414,5074,31896,24048
18869,-1552,11067,13946,32467,13180
13086,-1536,6584,11166,32467,12072
-7764,-1552,20149,16510,32467,-3636
-17675,-1536,-21425,31817,32467,-13948
-27325,-1552,-784,31817,32467,-9624
-32558,-1536,10311,31817,18408,-12452
-28678,-1536,13096,31817,-5824,-3092
-14995,-1520,5417,31817,32468,15292
3764,-1536,-6157,31817,32468,25036
13879,-1552,-6632,31817,-20992,19072
16826,-1536,1455,26238,8420,8812
17158,-1552,-8286,16842,29784,6020
12115,-1536,-3068,13998,20052,1668
20698,-1536,11797,10382,20520,-5572
31303,-1520,-2241,11238,32467,-2412
16056,-1568,-6106,-430,32467,424
10591,-1520,13874,1694,20744,-2472
3450,-1520,-12392,12154,32467,5160
-8021,-1520,-29371,7518,20292,4976
-5679,-1536,1440,12514,12388,5956
-5716,-1552,8268,19806,32308,13172
-5011,-1536,-4631,16766,19644,9420
-3204,-1552,2295,18206,13948,9044
-3477,-1536,9540,16958,16140,10588
-7960,-1552,-2535,14714,18824,12560
-13208,-1536,-9464,14874,12080,10344
-8742,-1536,-2116,16554,7440,7296
-2368,-1552,1833,15030,7932,8964
-155,-1536,-2307,14374,8040,8496
900,-1552,-2197,13738,6228,8624
1
-29839,-1520,-18159,31817,-5704,1192
-21292,-1536,682,31817,32468,11068
-9281,-1520,13058,31817,-28820,15372
8433,-1520,-3328,27846,-14576,12060
26885,-1504,-5103,17874,-5332,10856
24984,-1552,-2725,11042,6504,8472
22589,-1536,6942,12218,14036,772
28358,-1520,5775,4142,14984,-1932
26997,-1536,-4631,13354,30652,-1580
11088,-1552,2422,12518,26512,1064
5862,-1600,9710,9862,15292,-7716
12614,-1520,7274,25806,32467,-2600
-720,-1536,-10070,23794,32467,5356
-2788,-1520,3087,20278,8396,-3988
7836,-1568,17723,28270,22796,2676
-4987,-1520,-2445,24210,28884,11820
-24172,-1552,-15376,22962,24444,10896
-20718,-1536,-9058,24474,20184,2364
-1024,-1552,-1367,20230,9760,1988
8073,-1568,7622,16622,9448,5784
6858,-1552,11320,12854,10868,8160
1694,-1568,8565,11554,8700,7460
-1555,-1520,2951,12234,7616,6288
-2754,-1536,22,13458,6116,5748
-3029,-1584,-624,14838,6248,5616
-2044,-1568,-2334,15874,6588,4932
-50,-1552,-3437,16170,5412,4688
1132,-1568,-3320,15866,4400,4688
1374,-1520,-2166,16006,4732,4776
973,-1568,-1981,15610,3916,4748
885,-1584,-2118,15490,4340,4456
952,-1568,-2511,15210,3472,3868
1
-14320,-1536,26632,31817,-30484,-368
-890,-1552,13660,31817,-8136,10704
15976,-1568,743,22766,456,8676
-32559,-1568,5372,17050,4012,5044
31755,-1552,11268,7730,7108,10708
18050,-1536,9152,7870,14180,7532
16439,-1552,5370,6258,16152,2804
25450,-1536,12919,9030,11196,-7476
-32559,-1552,-32599,20146,26956,-15316
31720,-1536,13637,15214,32467,6628
9549,-1520,-25338,2554,30652,252
646,-1552,-4725,13262,19104,-2664
-4376,-1536,6835,18070,28620,2484
-4560,-1552,-371,21526,23112,788
-2738,-1536,3492,20302,24220,5024
-5327,-1552,-4548,19590,24356,3420
-5651,-1520,-10825,16738,20612,6980
-4175,-1552,-5280,17058,16588,5752
-1731,-1536,4058,15074,11600,6644
2717,-1568,4291,14846,7204,3756
4093,-1552,3136,12574,6008,6476
1385,-1536,-2241,11910,5340,6564
-2000,-1552,-2436,13030,3924,5788
-3092,-1536,-1841,14650,5856,5464
-1990,-1520,-3085,15614,6544,5844
-1145,-1552,-3572,15674,5864,5308
131,-1568,-544,15630,5576,4744
642,-1520,580,15190,6108,4768
903,-1536,-537,15014,6316,4672
1357,-1520,-993,14490,5516,4252
1762,-1536,663,14538,4884,3604
1763,-1520,983,14254,6028,4260
1
7724,-1552,-32515,5366,32467,-4736
2039,-1504,-3267,25514,22336,-7856
-6172,-1552,-25430,15250,26700,5752
-12628,-1552,-10478,18178,17372,6416
-14300,-1568,360,20942,21116,9684
-9543,-1552,811,20826,18240,5784
-2180,-1536,2758,17870,9256,4480
-256,-1552,3738,14422,10716,6800
-1512,-1536,1432,13198,10252,7692
-1691,-1520,-1261,13450,7052,6456
687,-1520,2180,13334,4292,6004
1515,-1568,3851,14350,5960,6156
1485,-1520,1425,14634,5352,5504
210,-1536,-1124,15014,5436,5988
-641,-1552,-1982,15850,5108,5604
201,-1552,-1648,15842,4280,4952
641,-1552,-3230,15958,4396,5256
877,-1568,-3235,15470,4488,5316
989,-1520,-3375,15678,4776,5044
1340,-1536,-2762,15446,3696,4564
1676,-1552,-1828,15102,3760,4580
1431,-1536,-1515,14902,4116,4724
651,-1552,-1515,14914,4464,4700
158,-1552,-1889,14858,4244,4240
269,-1536,-1628,15026,4204,4588
-166,-1520,-1396,15062,4840,4764
-268,-1536,-963,15230,4520,4476
36,-1520,622,15234,4708,4336
523,-1504,763,15286,5308,4384
177,-1520,212,14922,5112,4352
1
-2010,-1568,15059,3710,32467,2340
-7827,-1520,1140,16570,32467,-27968
-32558,-1536,-2607,25210,32467,-24264
-32558,-1536,-23405,31817,32467,-32768
-32558,-1552,-20968,31817,15024,-15148
-32558,-1536,12861,31817,32468,-7208
-14945,-1552,24280,31817,-22440,9480
924,-1536,-19474,31817,-18488,13228
17044,-1552,-6317,26554,-16724,7472
28198,-1504,8650,21418,4276,3432
29848,-1520,-2320,17290,17508,1916
16780,-1536,-4873,11782,13756,1156
17556,-1552,15671,4398,8260,-6212
30942,-1536,23444,16142,32467,-8028
19287,-1552,732,12090,32467,516
285,-1488,-8574,11358,25228,504
-4430,-1568,-456,26026,29808,2476
2453,-1552,1140,19782,22724,-720
4338,-1536,1809,26118,26536,7584
-6467,-1520,-7688,24478,28804,12068
-5303,-1536,-2193,23446,23624,3936
-2314,-1552,-69,20590,18572,7316
1362,-1552,6338,14410,14756,8568
810,-1552,7499,12390,13772,7376
-79,-1536,1853,11762,11820,6728
-412,-1552,-1799,11938,7844,6092
-188,-1536,1735,12854,7244,6152
-1540,-1552,1769,14198,8980,6604
-2040,-1568,-1722,15050,8016,6472
-677,-1552,-268,15758,7484,6584
-1162,-1536,-1496,15758,9264,8276
-1961,-1552,-4931,16470,7600,7068
1
-27887,-1536,-32598,31817,32467,-25064
-32558,-1488,-24469,31817,32467,-32768
-32558,-1472,2016,31817,2740,-15640
-32558,-1488,-7948,31817,-14860,-13188
-15202,-1520,6947,31817,32468,7172
-4888,-1504,11456,31817,32468,10796
9100,-1520,5351,26398,-13876,10320
21816,-1504,-1406,19150,-604,5500
26593,-1520,-6505,16510,5332,3184
20599,-1536,7959,15590,5336,3372
20934,-1520,26807,16610,15192,520
18231,-1536,15105,17582,28648,2896
5580,-1520,3183,16998,26916,-1280
6871,-1536,6844,16702,20072,-4860
-3953,-1520,264,24046,32467,6532
-13858,-1504,4182,28886,25300,2224
-439,-1520,10450,29694,15724,-5324
-1675,-1504,9588,31817,28952,6280
-3428,-1520,6787,30210,22196,6728
-7342,-1520,7722,27050,18860,11388
-6763,-1552,3523,24402,18548,8112
775,-1504,2964,20046,12672,5240
3687,-1520,2257,15738,8460,4688
938,-1504,116,12286,7136,7344
-3524,-1520,-1829,12422,5300,7228
-5485,-1504,523,12986,2936,5784
-6186,-1520,2259,14706,4372,6316
-5477,-1536,1220,16094,4928,5632
-3370,-1520,234,16778,3992,5184
-2546,-1536,-241,16950,3744,5564
-1604,-1520,669,16602,3004,5080
-726,-1504,-92,16438,3056,5200
1
-28785,-1536,-25315,31817,-16216,-14748
-16836,-1520,-6268,31817,32468,-2112
922,-1504,16890,31817,-26336,4876
16756,-1520,6496,31817,-13020,10212
23504,-1536,-8055,21230,-7328,8076
26054,-1520,-4418,19182,-532,2872
25098,-1536,-1698,18922,9868,280
21946,-1488,1341,16738,8960,64
12770,-1536,9949,15302,26240,3156
5160,-1520,16067,28666,32467,-2224
7379,-1552,-2437,7094,21404,-5916
11039,-1504,25044,30134,30256,-4532
14345,-1520,-32761,21290,32467,2256
8424,-1536,1248,18402,25980,-1052
2816,-1520,-2903,21430,19912,596
-5952,-1536,5734,23326,20436,7224
-20057,-1520,472,22002,26440,13236
-13339,-1536,-5780,24110,22864,752
1118,-1520,-1707,20442,12500,3616
6649,-1504,427,15670,6828,3652
5608,-1520,4856,12538,7832,7116
601,-1536,-840,12502,10240,7636
-3024,-1552,-1556,12062,6700,6228
-4501,-1536,539,14414,6404,5480
-4010,-1520,487,15622,8676,5448
-2964,-1536,-954,16090,7404,5004
-2318,-1520,-2733,16182,6476,4984
-1498,-1536,-1871,16110,6276,4856
-532,-1552,-1618,15398,5808,4604
-188,-1536,-1276,15158,5452,4908
-211,-1520,-1077,15026,4636,4288
598,-1536,248,14942,3896,3992
1
5756,-1520,-30720,17114,8256,6696
5926,-1504,-21082,18154,9376,10920
3649,-1520,-13970,19246,8852,10704
6193,-1504,-2458,17170,9020,11848
6397,-1520,-3764,16442,12844,14596
10350,-1504,-241,11658,16016,13444
12676,-1520,7417,8210,25588,18272
20991,-1504,10037,9610,32467,15664
17402,-1520,25313,5622,32467,13984
-1104,-1504,268,7350,32467,3224
-7930,-1520,-6680,25538,32467,-9412
-19436,-1504,-13609,31817,32467,-14908
-23873,-1520,-12501,31817,20508,-15000
-28593,-1536,-11946,31817,-8716,-5988
-4561,-1488,-17316,31817,32468,-17768
13548,-1536,-8601,31817,32468,-1488
-1752,-1520,6906,24482,-18316,12180
-12945,-1520,-113,20942,-9440,4240
-9034,-1536,3802,22898,-2744,-1832
-3455,-1520,6253,25786,7592,-2884
1647,-1504,18640,24422,8392,-888
7407,-1520,29725,30346,32467,5224
-7787,-1536,4704,31817,32467,11372
-10862,-1520,5060,22478,13624,-1736
5621,-1536,-32599,31817,32467,3028
-11650,-1520,3436,29738,32467,14580
-16819,-1536,-7195,30614,27376,3412
-10045,-1520,11648,24002,20244,6616
-9167,-1536,16993,20982,21392,9188
-8472,-1552,8524,18682,18496,5616
-1945,-1552,6383,16438,12364,4032
3196,-1520,8285,14922,9256,4256
1
17670,-1520,-6782,21618,-9740,8276
19921,-1520,-10890,18150,-8444,5060
23218,-1520,-12257,17958,-2044,1104
19103,-1520,-5953,19234,6220,904
8321,-1536,4142,19482,10912,2572
-1675,-1520,18120,23422,30192,5072
-8592,-1504,19422,30330,32467,6424
-1733,-1488,979,16730,22680,-5908
18207,-1536,17479,30590,22420,-6792
6974,-1536,11001,27810,32467,12472
-12807,-1552,-13016,25970,26292,7604
-17663,-1536,-3683,27854,16840,4408
-19590,-1552,1127,26242,21880,13428
-20399,-1536,-8614,23970,20596,8448
-7401,-1520,-269,21366,5580,936
4529,-1536,16741,16902,4964,4844
4182,-1520,12094,14622,8900,6388
-85,-1536,2969,13254,8752,6368
-3507,-1520,-236,13182,6488,5744
-5782,-1504,412,13522,5736,5120
-5839,-1520,2241,15114,5476,4200
-3135,-1536,4435,16078,6760,4280
-1021,-1488,1876,16754,6644,4276
-32,-1568,2173,16238,5356,3928
-187,-1552,3983,15958,4988,4412
-1799,-1536,2213,15842,5752,5008
-1403,-1520,-209,15626,3148,4072
-388,-1536,-131,15450,2980,4464
-506,-1520,-493,16010,3972,4556
-133,-1536,-1618,15946,2972,4144
-36,-1520,-2336,16194,2596,4228
400,-1504,-1364,16242,2988,3808
1
-32558,-1520,-32598,31817,68,-23052
-24100,-1504,-13446,31817,32468,-10284
-4736,-1552,7586,31817,-24500,5988
13050,-1504,7465,31817,-9836,9560
18224,-1504,-19784,23702,-14976,8500
19002,-1520,-13886,18026,-6412,3256
21095,-1536,-1428,19942,-896,2012
20447,-1520,8211,21686,8472,1604
8524,-1536,18905,22934,16372,4900
-1086,-1520,20782,19454,31860,-2464
11934,-1536,24504,31817,32467,1464
6177,-1520,-14698,14434,30940,-3724
9824,-1536,-3669,19458,18652,-3704
-1708,-1584,13178,28858,27496,9508
-18665,-1536,204,27518,30660,6756
-13110,-1552,-1561,29962,20068,876
-3563,-1568,5399,25830,21888,5624
-2319,-1552,5708,21630,21888,6612
1741,-1552,10048,18226,6456,72
4277,-1552,20330,13122,8072,4532
-4071,-1536,1105,12330,16620,7664
-8111,-1552,-6716,14110,9008,3636
-5238,-1536,1906,15150,4812,4576
-1565,-1552,11800,15718,6868,4788
-495,-1536,12095,15350,8272,5416
-1759,-1552,6589,15150,7464,4804
-2431,-1520,3682,15582,6236,4252
-2450,-1552,1760,15938,5792,4500
-2406,-1536,1307,15838,4912,4080
-1082,-1520,1228,15962,4468,3368
-517,-1536,1382,15754,4640,3788
-233,-1520,181,15870,4780,3812
1
16930,-1520,23681,16138,27632,6608
9121,-1552,3635,12002,32467,-4484
-1559,-1520,-26745,18874,32467,-16456
-13266,-1536,-6878,23510,32467,-21984
-32558,-1552,-14497,31817,32467,-30152
-32558,-1536,-32598,31817,32467,-28232
-32558,-1552,-32598,31817,9868,-21932
-23007,-1536,-15633,31817,-26704,-15360
9456,-1552,-1808,31817,32468,-700
25824,-1536,-8786,31817,-30228,9812
6671,-1552,-12316,23862,-23112,9240
3140,-1536,832,25710,-9924,268
7202,-1520,4210,26450,7992,-5268
14122,-1536,7283,21354,11980,-2764
13247,-1520,22345,24318,29256,3572
4861,-1536,24013,23634,32467,4152
10638,-1520,11341,27050,31700,-3808
9857,-1536,2363,31710,32467,4900
2645,-1552,8731,27430,19884,4116
3760,-1536,14709,31817,23948,2616
-5732,-1552,4177,30662,30092,10728
-25280,-1536,-12587,25602,31484,11724
-20870,-1520,4128,26702,19492,-40
2819,-1536,19354,18726,4388,-952
13121,-1472,18424,18474,12296,1056
9816,-1552,2582,13622,13948,5796
-709,-1568,-2628,9970,9732,5352
-6429,-1520,3580,12386,6284,4440
-8685,-1536,7351,14198,7656,4056
-7957,-1520,4987,15858,9452,3540
-4887,-1552,3060,15290,7080,2224
-1005,-1552,3339,16166,7300,3048
1
-1688,-1520,14871,31817,32467,56
-632,-1536,-9285,25330,32467,1624
3506,-1520,-27069,27750,32467,-14144
-5358,-1536,-32598,27238,32467,-22080
-9226,-1520,-32598,31817,32467,-32768
-11330,-1536,-32598,31817,32467,-32768
-20388,-1552,-25481,31817,17160,-27728
-26532,-1536,-26018,31817,476,-23128
-16142,-1520,-7928,31817,-18464,-13940
-1528,-1568,-3420,31817,-22868,-2064
7563,-1520,-7247,31817,-21888,12892
7765,-1568,-3137,24210,-26308,14912
13174,-1552,6168,20258,-16112,8220
20970,-1568,3918,19086,-5136,1436
24743,-1520,-683,22014,-48,-1588
11863,-1536,10962,23390,5984,2888
-6069,-1552,6612,22810,30980,7088
-23095,-1520,1084,31817,32467,-1512
8635,-1536,20462,23102,5248,-17696
20000,-1552,-32599,31817,32467,6476
-12297,-1536,-4792,23494,32467,14868
-27361,-1552,-4807,29194,21588,2412
-16222,-1536,15908,29866,21620,3108
-12929,-1552,7930,24410,26836,8748
-5085,-1536,-1401,21978,19632,3216
2582,-1552,8026,16622,8512,3068
-970,-1536,10431,14558,11472,6896
-6772,-1520,1453,13794,12136,6540
-8107,-1552,-1943,14666,7120,5292
-6701,-1552,1852,15294,6964,4792
-3667,-1536,3666,15866,6240,3992
-1934,-1520,3323,16634,7660,4340
1
10475,-1536,3901,18206,32467,-236
-4454,-1552,-10670,19414,27000,1168
3892,-1536,22003,20178,13980,-4124
8266,-1552,-32599,25722,29168,3568
-6913,-1568,6574,25730,29076,3808
-13529,-1520,10532,24098,21184,1352
-16039,-1536,13558,20746,29504,5980
-10420,-1552,2989,20610,21524,-2104
4742,-1568,5243,19882,11564,-2352
4544,-1520,6100,14370,14136,5484
-2418,-1568,5773,11014,11820,4204
-5407,-1520,2923,12002,9164,3372
-5124,-1568,2430,13434,7276,2108
-2496,-1520,4077,14894,5824,1664
-1094,-1568,2488,15570,6748,1972
398,-1552,-90,15978,5128,712
1345,-1536,-546,16830,4156,1100
1099,-1552,-1289,16894,5244,1796
683,-1568,434,16058,3468,1640
81,-1520,2261,15822,3744,2112
440,-1568,3372,15450,2984,1420
709,-1552,613,15646,4332,1760
575,-1568,-2063,15046,4052,1192
189,-1552,-2541,15490,4076,1556
-362,-1536,-2101,15714,4292,1588
-287,-1552,-1999,15878,4184,1168
-74,-1536,-1388,15798,4264,1468
-123,-1552,-1475,15442,4496,1212
-369,-1536,-1251,15438,4836,1196
-204,-1552,-1087,15362,4588,1004
-41,-1552,-983,15262,4844,1280
-339,-1568,-1685,15474,4660,1180
1
-10630,-1520,-20669,17534,32467,-19244
-27398,-1536,-9943,24774,32467,-23780
-32558,-1520,-28334,31817,32467,-27104
-32558,-1536,-32598,31817,32467,-23312
-26262,-1552,-32598,31817,32467,-31172
-14765,-1536,-3897,31817,-4780,-32768
-13674,-1552,9887,31817,32468,-20672
-18854,-1536,8561,31817,-29512,1804
-8548,-1552,4744,31817,-27872,5852
10193,-1536,8299,30574,-13112,9468
21309,-1520,14732,20502,2564,11752
12815,-1568,8744,14658,10200,10380
11355,-1552,4477,20402,18520,3392
13429,-1536,8537,17414,23676,2856
9136,-1520,15125,8442,18252,4868
2991,-1536,30725,15958,19104,512
7332,-1584,16591,25814,32467,640
5492,-1536,-4864,15586,28452,-1920
7290,-1552,17313,20078,7392,-5240
14475,-1504,32544,29214,26208,532
3742,-1552,12779,26294,29484,3892
-6764,-1536,11359,25434,19212,2720
-14398,-1520,21169,27898,26092,8868
-24666,-1536,-1473,28126,32467,8032
-18675,-1552,-7814,24822,14848,-648
-2794,-1536,2335,18462,7692,2124
293,-1552,7114,15666,10332,7288
113,-1552,3634,13170,7136,5528
1491,-1552,6559,12738,4220,4880
556,-1552,3891,13978,7068,4336
-954,-1568,-1749,15014,8064,4056
-2246,-1552,-4129,16054,5692,3648
1
-11506,-1584,-22489,20338,32467,-15096
-11145,-1552,-32598,28294,32467,-26344
-27942,-1552,-32598,31817,32467,-27696
-32558,-1536,-27515,31817,32467,-32768
-32558,-1552,-17343,31817,25880,-26412
-32558,-1536,-27078,31817,-12408,-10608
-22278,-1552,-1301,31817,32468,-2772
-6611,-1568,10424,31817,32468,11948
450,-1552,3433,31817,-22556,11664
9820,-1552,-4751,25574,-8532,4144
18647,-1552,-9253,24262,-3080,-3448
24218,-1600,3089,23418,4528,-2576
18996,-1568,-32599,25526,21304,892
10607,-1552,-32599,31817,32467,-436
11355,-1568,26292,21178,29596,-5320
6477,-1552,6102,31817,32467,568
-2501,-1568,9327,27750,27720,2440
626,-1552,24131,31546,19744,-680
5886,-1536,23473,29838,23132,-192
6947,-1552,9635,26706,25008,636
-413,-1568,-889,22794,25668,2356
-4317,-1552,5703,20762,17936,260
-2800,-1568,10328,17634,8892,1516
-5043,-1584,6310,14934,9120,2404
-8268,-1568,1975,14390,10168,2508
-6409,-1552,16,14470,9948,2148
-3776,-1568,-304,14054,8208,2316
-1465,-1552,-132,14410,6200,2336
-731,-1568,-337,14734,6468,2572
-287,-1552,-644,15142,7084,2988
-1032,-1568,-2028,15662,7004,3248
-1587,-1552,-3016,16498,6040,2836
1
-32558,-1552,-21005,31817,32467,-23528
-32558,-1536,-16810,31817,32467,-26368
-32558,-1552,1066,31817,-9432,-2252
-32558,-1536,1156,31817,-29228,-224
-22884,-1520,-8527,31817,32468,23660
-14229,-1536,7644,31817,32468,27056
9798,-1552,1147,29338,-2052,8652
30236,-1536,-11373,16238,4896,4960
28984,-1552,-1177,7794,9336,7776
11790,-1536,8577,9818,23584,11400
585,-1552,-4714,9666,23532,3564
8925,-1536,8223,12722,4988,-5976
31249,-1584,29984,17138,11312,-8760
29315,-1520,25785,19190,27868,8008
3216,-1536,-516,11346,20104,5572
-7829,-1552,-3595,18862,12512,-708
-7296,-1568,10066,29646,17364,-368
-942,-1552,14018,31817,14272,-648
-4198,-1536,15110,31817,21856,8460
-26781,-1584,-11332,26554,32467,24908
-17029,-1568,-26146,31110,19204,-3728
6559,-1584,10844,20594,5464,2056
6330,-1536,25626,14962,11116,9816
-1596,-1552,12622,11190,14436,8680
-6077,-1552,3038,10658,7232,6596
-3812,-1552,2955,12106,4944,4700
-1946,-1568,5031,12730,5772,4780
-2079,-1552,3167,14694,8460,5052
-3056,-1568,-296,15774,8500,5484
-3405,-1536,-2530,16710,6468,4388
-1397,-1552,22,17382,4692,4200
495,-1536,2541,16986,5044,4296
1
25906,-1568,-11436,31817,32468,11376
2460,-1552,-12294,31817,-26608,-1548
-4193,-1504,-10142,31817,-6908,-3584
-8468,-1552,6166,31817,12816,-1764
-572,-1552,1958,24950,19132,2024
1778,-1536,10488,16966,32124,15484
-4844,-1552,23162,8098,31172,10164
12602,-1568,18042,20174,32467,1652
8298,-1552,-9398,17262,32467,14124
5114,-1568,18,16338,24480,4828
-3847,-1552,-865,19142,32467,17616
-19539,-1536,-9735,18534,27936,11940
-8977,-1552,7842,23718,22568,9700
-9015,-1568,6313,17526,24284,14292
-10503,-1584,-4217,15742,18724,10748
-8441,-1568,730,14282,11816,7528
-4914,-1584,7164,12182,8012,7896
-4501,-1552,3415,12342,9828,8212
-3815,-1536,-276,12958,8536,7060
-1598,-1552,419,13366,7276,7504
-2325,-1536,1849,13942,7612,7340
-2998,-1552,2492,14806,6776,6428
-2252,-1536,1419,15034,7184,6400
-2527,-1552,-1459,14810,7324,6944
-2147,-1584,-2109,14914,5268,5700
-520,-1584,-88,14454,4816,6224
-163,-1552,-1026,14330,5876,6476
-413,-1536,-1143,14066,5152,5848
-436,-1552,-47,14082,5344,5804
-731,-1568,-546,14590,6364,5948
-1195,-1552,-1878,14730,6036,5680
-832,-1552,-1912,14730,4996,5448
1
-8199,-1504,-3200,16242,32467,-12640
-32558,-1552,-7709,15170,32467,-26220
-32558,-1552,-18650,31817,32467,-25444
-32558,-1520,-21134,31817,32467,-17516
-32558,-1568,-10559,31817,13628,-9472
-25266,-1552,9225,31817,-18228,-13112
-14187,-1552,105,31817,-26044,-5512
-18932,-1536,-11119,31817,-31460,8240
33,-1552,-32599,31817,-15432,2228
6780,-1536,1062,25574,-5664,4892
24377,-1552,-13275,14678,-2468,232
31948,-1536,-5443,21742,172,-4148
22829,-1536,8205,25338,10052,2832
-15211,-1552,7020,24770,32467,13816
-20258,-1600,-5202,30298,32467,-3040
10170,-1552,26234,31817,15492,-10844
-241,-1536,2475,31817,32467,24920
-32558,-1552,-32598,25038,27984,13304
-24499,-1568,3954,31817,12628,5428
-9555,-1552,23148,31186,26684,16876
2223,-1520,9482,23818,25732,8008
9423,-1568,12301,17382,10352,6176
6277,-1520,14579,12670,10820,7528
-52,-1568,6980,10582,10180,6580
-2250,-1584,2571,11366,6188,5704
-2243,-1568,3850,13150,5100,5320
-1626,-1568,5001,15386,5312,4736
-1363,-1552,3881,15726,6380,5396
-558,-1536,4929,16478,4392,4372
1634,-1584,4756,16254,4572,4948
2043,-1600,2093,15582,4972,5128
1260,-1552,-1446,14618,3688,5360
1
27768,-1536,-15460,27670,32467,-10580
27032,-1552,-23855,28086,32467,-7680
7504,-1536,-32598,31817,32467,-11004
2205,-1552,-29313,31817,32467,-23972
-2321,-1568,-16477,31817,31052,-20316
-26263,-1568,8595,31817,13500,-14640
-32558,-1584,5717,31817,2260,-10236
-18424,-1536,-30617,31817,-24164,516
1442,-1552,-4771,31817,32468,7200
21180,-1568,22685,31654,-20892,16100
16811,-1584,-4223,27114,-7940,10744
18259,-1584,-3090,24362,932,952
21121,-1552,-454,25506,10232,-2644
11410,-1568,2796,25850,12620,-856
570,-1520,8682,29518,32467,3580
-6941,-1568,10420,21598,32467,664
7236,-1552,7213,20662,10656,-6180
9302,-1584,10505,31817,32467,10120
-5209,-1536,-4293,23690,29768,6436
662,-1584,13256,31442,19932,-632
4261,-1536,24819,27698,26456,8912
-15167,-1584,-947,21754,32467,21668
-20023,-1568,-11460,28542,25320,4544
-3587,-1584,12076,21182,4604,5692
-40,-1568,15823,16610,12960,8212
1273,-1552,9630,15186,12948,6104
3215,-1536,3194,12734,8660,6900
1464,-1552,3419,10746,5212,7008
-906,-1552,2196,12618,5932,5796
-2919,-1568,-145,13906,5144,6392
-3161,-1552,-988,15366,5028,5560
-1114,-1536,-1561,15830,4044,5076
1
15456,-1552,22196,31817,-13768,8444
17298,-1536,-13581,19854,-10844,8788
18165,-1552,-12481,25382,-4728,-1776
25717,-1552,9422,24082,6568,-2676
21603,-1568,28600,26630,23524,-3056
9485,-1552,-32599,23530,32467,-3544
10166,-1568,14413,16466,32467,-2704
-1308,-1552,-15163,29550,32467,-1948
-10833,-1600,-18973,22686,21388,3536
-9677,-1552,-3287,31802,18152,4984
-6058,-1520,6902,31030,19168,8096
-5424,-1536,6091,27498,19576,8124
-6378,-1584,706,23742,19028,9328
-9425,-1584,1145,21142,16436,8064
-7931,-1584,7827,19042,9824,5232
-2041,-1552,14823,16306,7540,4316
2281,-1568,16081,15114,8584,4672
4070,-1584,9768,13938,8852,4364
3529,-1552,999,13578,8632,4668
87,-1552,-1675,13686,7028,5340
-4134,-1600,-181,14390,5692,4992
-5115,-1584,2111,15486,5948,4408
-2927,-1568,1216,16258,6144,3548
-14,-1552,-1252,16238,5388,3724
615,-1584,-3462,15598,4384,4568
-584,-1536,-3008,15458,4548,5292
-1572,-1584,-1914,15370,2596,4712
-1266,-1568,-1423,15690,3616,5192
-764,-1552,-2906,15814,3588,5024
264,-1568,-2865,15766,2780,4576
383,-1552,-2313,15670,3352,4544
230,-1568,-2732,15458,3296,4388
1
-8536,-1568,-16646,23874,32467,-14160
-17544,-1552,-18362,31817,32467,-14728
-30792,-1568,-6252,31817,32467,-17816
-32558,-1552,-23003,31817,31348,-17404
-32558,-1600,-32598,31817,-24536,-15960
-16915,-1552,-389,31817,32468,-14188
-16152,-1584,6620,31434,-30844,9052
-14584,-1600,-2785,30594,-25168,7952
-5684,-1552,-5775,21070,-11400,4664
6146,-1536,-2133,18806,-6832,2932
16978,-1552,2175,19406,-332,528
15879,-1568,14345,21782,4976,3860
2580,-1568,-32599,19490,22652,7744
2531,-1552,-32599,22466,25052,1988
8581,-1568,14211,29606,32467,2604
267,-1552,-7414,29086,30216,8056
-5672,-1568,-4431,23510,13172,4428
-3759,-1584,10204,29578,18888,7916
-15819,-1568,3098,28126,23108,12860
-24540,-1536,-102,26742,16624,12284
-21657,-1584,6626,26890,15928,8776
-9583,-1568,7754,23658,12760,6176
-1840,-1552,9108,18802,9912,6744
-667,-1536,11020,15406,9164,7824
-2833,-1552,11110,13462,8844,8172
-4490,-1568,8405,13810,7668,7508
-3794,-1552,2490,14902,7108,6516
-1879,-1552,-1086,16190,4416,6100
-511,-1536,-211,16410,4388,6156
-842,-1552,1951,16170,4152,6592
-1730,-1568,2889,15770,4000,6092
-1485,-1584,658,15854,4664,5860
1
31662,-1536,-7234,27290,-20428,11812
-32559,-1584,-15737,19046,-6308,7348
-32559,-1536,-21873,17402,-2624,4364
30123,-1568,-19946,19970,472,2852
16584,-1552,-14686,21914,6920,3812
7846,-1568,2058,28478,9420,-1136
-2049,-1552,6105,31817,32467,4776
-3433,-1568,4488,31817,32467,-3000
16358,-1568,-32599,23954,8772,-12156
23377,-1552,-32599,31817,32467,5844
-3596,-1568,-26387,22910,32467,6512
-24464,-1584,-32598,27194,25392,4244
-25663,-1600,-21078,24406,17972,6100
-16674,-1552,4708,25554,19432,7440
-5871,-1520,15608,21574,13604,3368
882,-1568,16637,15594,11104,6060
2912,-1520,12552,15314,10764,5756
3363,-1552,7558,13526,10012,6468
871,-1552,2923,12698,7208,6144
-446,-1584,3423,12974,6444,5240
-1384,-1568,3759,14058,7248,5292
-2488,-1552,2497,15014,7540,5044
-2519,-1584,337,15390,6496,4600
-237,-1568,1234,16350,5552,4072
1420,-1552,1337,16526,6224,4336
1128,-1584,205,16450,5144,4600
283,-1600,-101,16246,4324,4848
-130,-1584,1545,15666,4820,4776
-376,-1568,860,15710,5372,4488
-608,-1584,-2066,15378,4428,4708
-508,-1584,-3729,15466,3776,4752
-492,-1568,-4983,15686,3588,4860
1
-32559,-1600,2598,31817,4612,-9608
-32559,-1536,17376,29034,9916,-26840
-32559,-1552,-32599,31817,11344,-20620
-13400,-1568,-27601,29266,26260,1380
-32558,-1552,-26564,31817,32468,-13780
-22688,-1568,-32599,31817,32468,48
-6667,-1536,-8901,25018,-6124,10012
-1100,-1584,-24005,18282,-22352,6796
7840,-1568,-2157,14038,-13572,-776
19711,-1584,19246,18274,7080,1008
17885,-1568,17562,5626,26420,8724
-2710,-1568,390,1062,23304,11348
-15793,-1584,-684,10838,23368,8548
-12025,-1536,-283,8590,12884,4684
-8206,-1584,1499,14838,14604,10728
-21940,-1552,-191,21994,20796,18176
-17515,-1584,3272,18490,8308,8604
-7889,-1584,4151,24926,12276,8440
-12239,-1568,20875,25486,5384,10140
-24805,-1584,-32599,28410,23796,7788
-31828,-1568,-14657,26026,31876,19912
-32558,-1568,-32598,27430,16620,8600
-5148,-1552,14674,25858,-4844,736
7526,-1568,28163,16966,10980,13184
397,-1584,2936,12590,13748,10444
-1781,-1568,-3891,14202,4896,7380
445,-1568,4809,16858,2284,5832
3932,-1584,11555,16342,3656,4536
4125,-1536,10289,15830,4364,5444
2853,-1552,6224,15646,3676,4968
36,-1552,3937,15830,1956,4452
-576,-1536,2837,15938,-160,3868
1
-32558,-1568,-7807,31817,-12660,-10360
-15824,-1552,-4396,31817,32468,-1800
13241,-1568,13568,31817,32468,26564
-4627,-1584,-28832,26834,-26388,8472
3228,-1536,-12318,29554,-8736,-3736
4696,-1552,10199,24690,11624,-1408
369,-1568,-32599,22930,25856,2516
13385,-1536,20927,22862,32467,4352
3499,-1584,2528,12938,32467,6148
7419,-1568,21616,10834,23888,916
4573,-1584,-2302,12894,32467,8092
-18803,-1584,-23890,14310,23508,6208
-18458,-1600,5938,25106,12976,2652
-12543,-1552,28130,28566,19444,10248
-21664,-1568,7958,25818,32467,18392
-21512,-1568,-11256,25018,30352,3912
-2314,-1552,7548,22038,8392,3872
3150,-1568,15171,17718,13580,8528
2360,-1584,9063,14110,13840,7432
363,-1552,3038,11858,9740,7676
-902,-1568,2387,11238,7184,7464
-2274,-1584,4156,11398,7612,6960
-3898,-1536,4878,12894,8736,6292
-4786,-1584,3742,15034,8860,5608
-3235,-1568,1831,15362,7352,5140
-291,-1536,3272,16266,6872,4592
803,-1616,4097,15822,8032,4904
705,-1568,2719,15630,6352,4332
879,-1568,1675,15486,5340,4540
772,-1584,-776,15070,5532,5352
509,-1600,-3229,15090,4872,4780
994,-1584,-2570,15194,4128,4496
1
23243,-1552,-32599,3118,32467,-29480
-18324,-1536,-3782,6906,32467,-32768
-32558,-1552,-28047,30294,32467,-32768
-32558,-1552,-1885,31817,32467,-32768
-32558,-1552,-32598,31817,32467,-32768
-32558,-1600,-30778,31817,-12340,-17404
-32558,-1568,10025,31817,-21064,-880
-32528,-1584,2619,31817,-27508,20808
24293,-1568,21486,31817,32468,2276
-32559,-1520,-16216,20794,-9620,15948
28869,-1568,-3727,21002,-1312,-1804
26955,-1584,-506,16406,15444,-8192
29184,-1584,16259,9426,25156,-9004
19411,-1568,22093,-4014,32467,-2148
5238,-1552,-5599,-2990,32467,-6428
-875,-1568,624,-862,24040,-4708
6045,-1520,6465,2894,24124,-420
10746,-1584,-6367,4046,23916,4420
7127,-1552,-12819,5554,12908,7012
541,-1584,-3131,10410,13668,7784
-219,-1536,7506,12038,6680,3188
5763,-1584,15179,15746,6480,1060
5678,-1584,15176,21362,9660,3664
-5093,-1600,11342,26002,10808,6760
-9710,-1552,13829,31817,12552,9400
-16097,-1568,-9414,31158,32467,19368
9854,-1568,-27845,27722,5432,-332
17279,-1552,17892,15074,5044,10408
5504,-1568,20229,10906,11656,10616
-5429,-1552,1829,7754,9516,7940
-8684,-1552,-1692,9206,4632,5888
-6933,-1568,5915,11822,3612,5072
1
-130,-1568,3686,13550,32467,7428
-15843,-1568,-16289,25482,32467,-140
-14386,-1584,6024,31817,32467,-4568
-21292,-1568,10969,31817,32467,-4368
-26874,-1552,3104,31817,32467,-5820
-32558,-1552,-7551,31817,32467,-532
-32558,-1600,-13162,31817,-14724,-8920
-27688,-1552,-9166,31817,32468,2868
-17835,-1584,-9031,31817,32468,7832
-3018,-1552,-10268,31817,-27772,5536
10469,-1552,-3546,21898,-12504,3336
19573,-1568,-2287,19534,-1400,2032
13902,-1552,2983,15646,7164,5684
3307,-1568,6330,14286,13992,3008
6915,-1552,20435,26894,32467,1144
11855,-1568,28845,15974,32467,9964
5378,-1568,14886,21242,32467,4180
5705,-1552,10293,15482,32467,1020
10366,-1568,8762,19658,32467,3312
6926,-1584,8149,17370,31916,6328
3744,-1568,12649,14194,26576,4964
-2063,-1584,3500,11446,26420,6208
-10110,-1552,-12213,11606,20164,5772
-15180,-1568,-9225,11362,12456,7200
-14817,-1584,-955,13262,9024,6728
-8069,-1552,1887,14594,9628,4596
1338,-1552,-2488,15354,9332,5132
3145,-1584,-3251,13714,7400,6796
446,-1568,749,14662,7300,6244
-1574,-1552,2810,14450,8820,6052
-3219,-1568,-1371,14270,8584,6076
-3477,-1584,-3187,14702,7720,5768
1
-32558,-1552,-22987,31817,-11452,-15732
-32527,-1552,-25040,31817,32468,1972
-10184,-1568,23308,31817,32468,4268
7855,-1584,18593,28286,32468,10472
17247,-1568,1492,18830,-15660,10180
10946,-1584,-5546,18106,-10800,5312
11844,-1600,3735,21722,-3736,-4616
9923,-1568,15309,24466,1952,-1680
-19473,-1584,15346,30174,23508,6204
-16778,-1568,8097,31817,24724,-15940
4047,-1584,32103,31817,27096,-6440
905,-1568,1162,31817,32467,16608
-21861,-1568,-20260,31817,31464,12288
-20764,-1584,14875,31817,20340,8488
-7671,-1568,21450,26898,25084,7056
5412,-1584,14116,18706,17104,4496
11309,-1568,6098,14686,11276,5428
6719,-1568,8757,10586,5264,6812
840,-1584,17359,11966,8964,6844
-660,-1568,8450,14266,9272,4748
-1310,-1552,2833,15106,6888,4996
-3256,-1584,5746,15458,6576,4580
-3799,-1568,6437,15522,7732,5008
-4382,-1584,4737,15418,7020,4608
-2826,-1568,1554,15814,6584,4552
-498,-1568,-850,15526,5108,4512
175,-1552,-892,15322,4348,5284
-170,-1552,-393,15390,4224,5392
-1156,-1520,-596,15534,3856,5120
-2052,-1552,-1251,15914,4012,5024
-1748,-1568,-898,15838,3756,4964
-780,-1584,-944,15830,3448,4744
1
3377,-1584,-32599,21206,17424,2832
13751,-1568,12467,31817,32467,7204
14946,-1568,-12713,28514,32467,12932
-14019,-1584,11729,7814,32467,6740
-12641,-1568,-7046,16950,32467,-19060
-30464,-1584,-11031,22622,32467,-17644
-32558,-1568,-25843,31817,32467,-25640
-32558,-1536,-23037,31817,31632,-24268
-32558,-1584,-10673,31817,-700,-18144
-22396,-1568,2212,31817,32468,-10468
-21189,-1520,5880,31817,32468,6404
-6291,-1568,16772,31817,-32072,7388
16416,-1552,4066,31817,-5552,2160
20610,-1616,-3302,26802,8528,2620
7584,-1536,-1689,23686,11792,-788
3190,-1584,17145,27506,17044,-648
8677,-1552,19572,26666,23744,-2416
16019,-1552,17741,29126,25640,-7444
24393,-1552,24270,31817,25964,-6140
17255,-1568,17034,31817,32467,3968
-22892,-1584,-19105,31817,32467,22048
-32558,-1600,-4214,31817,32467,5484
26131,-1568,-32599,20914,13124,-492
12149,-1584,-29286,14766,30428,11672
-11190,-1568,-16479,6082,5064,6688
-12949,-1584,19458,4962,3964,6512
-10415,-1600,22342,11838,12324,6952
-1463,-1600,1005,14518,10156,3552
4667,-1552,-1953,14714,5468,3884
2030,-1536,2784,15082,6928,6852
-2243,-1552,923,16106,7312,5524
-2460,-1584,-3319,16830,6992,4440
1
-32558,-1600,-5116,31817,-21800,3832
-11816,-1568,395,31817,32468,22188
22630,-1584,10023,31817,-26380,18576
-32559,-1568,-11574,31817,-9632,1740
-32559,-1584,-9740,31817,-2076,-8060
27190,-1552,5348,29494,15944,-7404
13035,-1568,19197,29154,25184,-9772
16813,-1568,27428,26234,26596,-5700
11085,-1584,-8044,27558,32467,8680
-14843,-1552,-30839,19746,30864,5444
-18764,-1568,8696,25082,14148,2832
-10279,-1584,-32599,27890,18452,4092
-6447,-1568,14926,25370,31744,9168
-2213,-1584,-3981,22934,23456,3032
2950,-1568,9185,16998,9452,4560
1174,-1568,23211,14370,11592,6004
-2098,-1584,14659,13170,13372,6368
-2577,-1568,-205,13206,9924,5468
-841,-1568,-2582,13342,5548,4528
-484,-1616,2402,14270,6364,5436
-1494,-1600,3635,14574,7220,4892
-1788,-1584,2228,15558,7752,4848
-1705,-1584,-1046,17082,6876,4448
324,-1568,-976,17478,5296,4220
812,-1584,-1348,16262,5436,5240
293,-1600,-1980,15586,5128,5392
731,-1584,-2183,14482,3924,4480
1120,-1600,-1044,13650,4268,4900
697,-1568,-2088,13590,4196,5000
211,-1584,-4551,15286,4488,5140
1
-32558,-1584,-12393,31817,-2436,-15760
-25280,-1568,-15972,31817,-31864,-13092
-16689,-1584,10998,31817,32468,-88
-7509,-1600,19921,31817,-20492,6292
6889,-1584,6220,31426,-7596,3980
20517,-1552,-247,23022,-2968,-96
30037,-1536,10289,24102,3448,-1508
-32559,-1584,16776,24466,12452,-3428
-32759,-1568,16722,21410,12584,-3400
25287,-1568,13342,24194,32467,-1100
24949,-1584,-32599,31817,32467,-9212
-32559,-1568,20444,19598,29184,-7784
30022,-1584,-7000,31817,32467,964
6372,-1568,-5563,20134,29524,6664
-6492,-1568,998,27498,26636,4188
-3199,-1584,3317,28618,24852,3516
-3264,-1600,-246,23626,26564,10364
-484,-1616,5344,21314,19048,3552
5244,-1616,16554,16490,10812,3004
5915,-1568,12556,13286,11908,4724
43,-1552,-4136,11414,11480,6292
-3250,-1568,-9897,12022,6524,5196
-3870,-1584,-3339,13102,4744,4728
-3574,-1568,1317,13886,6740,5656
-3465,-1568,1444,14982,7896,5196
-1846,-1552,-311,15150,6620,4964
-1026,-1600,-96,14918,6592,5248
-1473,-1552,-449,15102,6080,5664
-1701,-1552,218,14794,4688,5516
-1388,-1568,48,14610,5032,5764
-1446,-1584,-1738,14642,4796,6148
-1141,-1568,-1516,14826,3844,5920
1
11530,-1568,-32599,31817,32468,5536
-32559,-1552,-32599,31817,-9064,4064
-32559,-1568,-6470,23406,-1280,6548
27177,-1568,-14058,23986,1820,-1248
22152,-1584,-3010,28318,5000,-5020
22146,-1600,22146,31817,7364,-10044
19774,-1584,-32599,31817,32467,-4920
12041,-1584,19580,26042,32467,-8552
12886,-1600,11792,31817,32467,-8236
714,-1552,-6871,31817,32467,8696
-18139,-1568,-31216,28314,29980,5112
-6580,-1568,-195,29778,15540,172
2259,-1584,21244,24998,23836,8788
4361,-1600,13591,20030,20976,4960
3031,-1584,14252,15706,13096,4724
-1496,-1584,13730,13486,11904,6060
-4152,-1568,6271,13414,10636,5388
-4002,-1584,-221,13650,7096,4496
-2237,-1584,1175,13902,5528,4496
-1373,-1616,1995,14706,7224,4996
-1836,-1584,-219,14902,6936,4756
-2514,-1600,-1171,15178,4940,4532
-2420,-1584,617,15490,4880,4596
-1902,-1568,1028,15974,5692,4464
-1131,-1568,432,15522,4700,3860
-261,-1552,291,15638,5260,4348
-492,-1600,-640,15366,4124,3928
-262,-1600,-1745,15490,4388,4252
-685,-1584,-2419,15346,3720,4232
-494,-1568,-1490,15422,3632,3804
93,-1584,-2782,15690,4128,4096
-32,-1552,-2999,15826,3648,3976
1
12649,-1568,-27500,31817,-15332,5748
18622,-1584,-17084,19046,284,3716
20026,-1536,14017,17930,7732,-3364
-32559,-1584,-32599,13138,22820,-5672
27021,-1584,-32599,-3298,32467,-3340
8047,-1568,-1220,-18154,32467,352
213,-1552,-8414,6570,22380,-576
2284,-1552,-6609,9742,21180,2212
-1359,-1568,-3453,7550,19304,7644
-9625,-1584,273,12018,18612,10572
-13520,-1568,731,16102,13808,6568
-2945,-1584,11131,20522,10556,3060
5546,-1584,21530,22422,12856,3908
245,-1568,3867,22870,20464,9904
-10483,-1584,-11268,20798,15668,8824
-18863,-1568,110,22946,15208,14228
-15727,-1600,4134,25914,20376,8156
-3667,-1584,8404,20430,13032,6668
379,-1536,6447,16374,11628,8208
-65,-1568,-119,13534,11700,7348
-2561,-1552,-2555,11910,7368,6828
-3953,-1568,1497,13294,7252,6264
-1287,-1584,5132,14698,6676,4436
2934,-1568,5114,15526,6344,3928
4638,-1552,4128,15950,6060,4164
3989,-1552,2954,16014,4168,3292
4498,-1568,3315,17550,3812,2436
1446,-1584,1865,16254,4228,4228
-2180,-1600,-49,16158,3300,4124
-3057,-1584,-150,14966,4144,4468
-2697,-1584,-1598,14434,4032,3780
-377,-1568,-1964,14186,3732,3672
1
10429,-1584,1888,31817,-5256,1592
10103,-1552,-20337,31817,-9092,4260
1917,-1568,-1435,29382,13224,5228
4177,-1552,13598,31817,21520,-4436
13108,-1584,11100,26518,32467,3540
-7197,-1568,20432,8146,29856,4720
-10077,-1584,-32599,11786,28428,-8648
11146,-1568,1286,30726,32467,2308
-6386,-1568,-26993,16890,24372,1540
-7333,-1584,24929,26406,19268,7888
-894,-1536,30349,28914,32467,11712
2177,-1584,-6726,24078,30948,8224
2466,-1584,-4477,18966,21128,11812
-2438,-1600,11610,16138,16088,11176
-1203,-1616,20873,16546,12736,6848
3028,-1584,15743,14310,12560,6108
4305,-1600,5028,12750,10948,6460
1644,-1584,132,11650,7352,6316
-1261,-1600,3258,12034,5960,5928
-1836,-1552,5669,12686,6852,6260
-1995,-1584,3442,13418,7408,6168
-1966,-1568,13,14326,6556,5608
-1875,-1552,234,14326,6148,5268
-1767,-1568,149,14958,6740,5552
-1789,-1568,-819,15114,6928,5784
-1894,-1552,-2426,15398,6088,5596
-1336,-1568,-1576,15170,5296,5652
-899,-1552,-677,15114,5360,5520
-383,-1520,-673,14974,5476,5328
121,-1568,-1217,14718,4988,5248
-24,-1584,-1481,14290,5356,5216
-340,-1552,-1260,14458,4936,5056
1
1595,-1568,-11774,31817,-21492,7848
9910,-1616,-14118,29062,-17008,2744
25254,-1536,-1732,27442,-6664,-1620
31556,-1552,9355,27550,9384,-1844
28568,-1536,10844,24086,18780,-2096
16468,-1568,6751,29810,32467,828
12008,-1552,28153,31817,32467,-8088
32024,-1536,27701,8830,25324,-8708
29784,-1552,17153,31817,32467,-3124
12710,-1600,-12991,21130,32467,3084
-2687,-1568,-10305,24262,24672,1788
-8568,-1552,5749,24622,26452,6912
-16407,-1568,-3900,20798,32467,7256
-12865,-1584,-7890,20842,16288,256
-2380,-1552,1872,16582,12672,3904
841,-1536,3692,14350,11496,6148
1847,-1552,2666,13406,9256,6448
2104,-1568,4630,11870,7108,6152
2258,-1584,7570,12286,6704,5072
262,-1584,7023,13266,9444,5264
-1501,-1568,3322,14074,9940,4376
-1762,-1552,471,14582,8444,4404
-1838,-1552,-1286,14898,8812,4328
-1914,-1600,-3516,15054,7424,4336
-1280,-1552,-3775,15442,5356,4384
-6,-1584,-707,15118,5092,4924
225,-1568,680,14386,5968,4760
-95,-1552,456,14202,5888,4616
-724,-1584,19,14702,5984,4520
-997,-1600,-1356,15082,5928,4428
-736,-1584,-2997,15110,5584,4200
-338,-1584,-3115,14990,4744,4464
1
4113,-1584,-4796,22894,18348,8620
17857,-1568,11074,26818,32467,5456
25907,-1552,-200,28882,32467,-1516
19611,-1536,-3619,31594,32467,-4156
-11909,-1552,2750,31798,32467,-18120
-22977,-1584,-10974,31817,32467,-29864
-32558,-1536,-19827,31817,29820,-23668
-32558,-1536,-21277,31817,-11800,-16520
-32558,-1552,-6812,31817,32468,-2532
-4059,-1584,-32599,31817,32468,14160
26976,-1568,10675,31817,4,9136
-32559,-1552,-32598,25218,-12904,596
-32559,-1600,-6062,29786,-5100,-4672
-32559,-1536,24774,31817,4792,-2676
27744,-1552,-32599,31817,26324,-7240
27482,-1552,15967,31817,32467,-11712
13601,-1568,-12241,25830,26780,-10148
14659,-1552,13313,31817,32467,-3672
-10099,-1552,-32598,25374,32467,2396
-18370,-1568,-15264,31817,3340,-236
-10292,-1552,-32599,31817,27968,19056
-16148,-1552,16148,31098,32467,8728
2598,-1568,17234,24026,20484,3100
6786,-1552,15650,17422,12632,6072
3417,-1552,12930,14714,14804,7688
994,-1568,7290,12406,7752,6624
1463,-1552,7555,11970,4028,5372
1642,-1584,5277,13426,7024,5160
-394,-1568,-1447,14370,9188,5008
-3425,-1584,-4537,14926,5988,5044
-4025,-1584,-652,15202,6108,5096
-1721,-1568,1792,15734,6656,4200
1
24460,-1536,-12510,31817,9396,2352
19594,-1552,-11171,27114,11516,11044
18760,-1552,21825,31817,12952,-752
-32559,-1568,-32599,31817,32467,-7128
30523,-1552,14306,16258,32467,-376
6456,-1568,18406,8998,32467,-2456
21396,-1536,23812,18302,32467,-13316
25880,-1552,-19459,20954,32467,-3800
11991,-1568,-17320,11410,29776,6700
-1561,-1552,8899,11574,23404,9600
-10390,-1568,22497,17254,23304,5228
-3598,-1568,23084,18542,19900,-864
7126,-1584,17324,18762,16312,-636
8116,-1568,13590,16422,17488,2744
4649,-1568,12653,15694,16880,3368
1068,-1584,11292,14822,14268,3248
-1721,-1600,9615,14430,11724,3456
-2725,-1552,8143,13842,11392,3764
-2787,-1552,6585,13698,10156,3868
-3640,-1568,4621,12794,10288,4584
-3914,-1552,392,13038,10096,4620
-2805,-1584,-2272,13666,8836,4460
-1142,-1568,-2085,13790,8496,4864
-927,-1584,-481,13950,8388,4992
-996,-1552,453,14714,8500,4464
-528,-1568,177,14910,8512,3912
331,-1552,-1009,15222,8168,3784
145,-1552,-1576,15138,7544,4168
-307,-1568,-1047,14702,7076,3948
-694,-1584,-1381,14478,6924,3776
-422,-1584,-1998,14326,6668,3768
-288,-1568,-2112,14234,6180,4208
1
978,-1520,5906,14474,29020,-10556
-885,-1600,-21738,23010,25576,-31900
-18505,-1552,-17761,26410,32467,-29520
-32558,-1536,-20161,21442,32467,-32768
-32558,-1600,-11865,31817,32467,-32768
-32558,-1552,168,31817,32467,-32768
-32558,-1568,-10286,31817,32467,-32768
-32558,-1568,-31833,31817,11136,-12888
-32558,-1552,-2904,31817,32468,14424
-7687,-1536,21230,31817,32468,31312
23558,-1600,-2765,31817,-15060,19464
-32559,-1552,-9039,26626,-7844,3496
-32559,-1568,-2866,21746,6032,-3324
-32559,-1552,1402,20750,16136,-7848
-32559,-1552,21676,18634,29624,-9068
21885,-1568,17284,11478,32467,-7080
24169,-1552,-8717,16618,23528,-12236
24465,-1568,2126,31817,32100,-5196
17897,-1568,8794,20814,23104,3852
415,-1552,4518,26570,22020,6588
-8612,-1568,757,28798,22028,3664
-10291,-1568,-2275,26342,22548,8492
-11881,-1584,-4297,23670,23028,6284
-5197,-1584,4353,20746,13900,3124
-2784,-1536,9273,16662,9528,5756
-2492,-1552,10544,14246,9016,5460
-1130,-1568,5824,13150,9180,5428
-792,-1568,1905,12466,6668,5056
-1041,-1584,3731,13854,6036,4840
-2189,-1568,2074,15350,8180,4904
-2925,-1568,-312,16130,7660,4456
-2927,-1552,-900,16530,6240,4232
1
-5290,-1584,-10431,30070,32467,13424
-24323,-1568,-29660,25818,26252,10156
-17120,-1584,1813,27930,18532,8624
-7203,-1552,10204,22562,24984,11288
1737,-1568,7004,19958,17032,5508
5055,-1552,10561,14854,10340,6820
738,-1568,13420,12498,10164,7824
-3699,-1600,6774,13274,10128,7168
-5219,-1552,2827,14274,7300,6616
-4922,-1568,2396,15730,9268,6236
-2163,-1584,2515,15558,7072,6144
-1612,-1584,5984,15426,6676,6024
-1413,-1568,7231,15318,6728,5796
-560,-1584,1425,15114,7416,6184
-775,-1584,-1373,14966,5564,5568
-299,-1568,1449,14958,4984,5332
-131,-1584,1691,15186,4836,4932
-496,-1568,-638,15394,5588,5380
-13,-1568,-1747,15574,3580,4684
-77,-1552,-125,15298,3828,5228
-586,-1568,168,15262,4680,5144
123,-1568,-1429,15730,4628,4660
880,-1552,-1933,15394,3648,4956
203,-1568,-974,15134,3428,5224
-622,-1568,-413,15058,3976,4844
-592,-1584,-771,15334,4204,4836
-141,-1568,-1832,15434,4152,4852
75,-1568,-1395,15186,4248,4848
55,-1552,-735,15174,3676,4600
-67,-1584,-302,15234,4296,4900
-12,-1600,-529,15094,4300,4784
-122,-1584,-751,15078,4240,4676
1
-18671,-1552,-14965,17898,32467,-17048
-32558,-1568,-21519,31817,32467,-23068
-32558,-1568,-32598,31817,32467,-29520
-32558,-1552,-32598,31817,32467,-28796
-32558,-1568,-16714,31817,-5864,-17904
-22312,-1568,-11304,31817,32468,-26268
-13029,-1552,15253,31817,32468,3304
13481,-1568,11534,31817,-31676,-6756
14107,-1552,-2853,22494,-13968,-2368
8908,-1552,4445,22774,-7592,756
9142,-1568,16645,27202,-572,836
11597,-1552,20465,28522,6400,-3032
12837,-1552,9014,31817,29048,384
10493,-1600,27743,22338,25836,1336
20994,-1584,-32599,31817,32467,-648
4889,-1616,-32598,26318,32467,7944
-18685,-1600,-19473,31817,10804,2440
-11442,-1584,-32599,31817,19308,13084
-20746,-1552,9603,31817,32467,14732
1349,-1552,885,31817,29480,-260
15131,-1552,25036,21066,6300,4216
-3086,-1600,2012,11470,22468,10312
-11124,-1552,-10814,11142,9388,6696
-5019,-1552,378,13234,708,3928
794,-1568,11660,14346,7172,6140
2985,-1552,6691,15298,10124,5136
2873,-1552,3993,14806,5048,5032
534,-1568,5664,15014,6376,5648
-1121,-1552,2722,14850,6500,4816
-2501,-1552,-352,14938,5084,4804
-3039,-1600,489,14826,4176,5776
-2835,-1584,1352,15454,3340,5192
1
-30701,-1552,-15902,31817,900,-16380
-8673,-1600,4225,31817,32468,-20152
2725,-1600,19161,31817,32468,10592
5149,-1552,-3965,31817,-28452,5356
11373,-1568,-8562,31817,-9632,428
9662,-1568,-5581,31817,2668,316
2063,-1552,-1018,28874,13336,-2280
-4428,-1568,21919,26318,21412,772
9320,-1520,28533,31817,32467,5296
1485,-1552,-10473,18210,32467,10896
126,-1568,15023,31190,27348,100
3804,-1584,30700,28510,32467,14348
-17257,-1584,-20767,18746,32467,10508
-21386,-1568,-12752,21686,28028,10344
-10586,-1568,9916,20738,20200,7312
2115,-1584,17584,16054,18224,7836
2056,-1568,1202,11798,14892,9048
-1516,-1584,-2642,10710,8092,9532
-4065,-1552,4905,11866,6664,8356
-4683,-1568,6779,13366,9648,7888
-1893,-1536,4650,14890,10504,6844
1074,-1584,1850,15106,10096,6468
2156,-1568,2922,14278,9380,6116
1140,-1568,1034,13994,8592,6268
34,-1584,-1242,14026,7400,6216
-966,-1584,-1291,14350,6488,6000
-316,-1568,1638,14582,6612,5364
964,-1584,2320,14506,6164,4992
995,-1584,952,14210,6960,5836
-85,-1568,164,14062,6184,5436
-696,-1552,-666,14174,6044,5456
-1147,-1584,-1568,14142,5632,5672
1
-6161,-1600,-4565,10630,32467,-23912
-32558,-1568,-5591,18038,32467,-21104
-32558,-1552,-20663,31817,32467,-29924
-32558,-1568,-30546,31817,32467,-28268
-32558,-1568,-32598,31817,32467,-26084
-32558,-1584,-31793,31817,-8152,-24832
-9693,-1600,-4201,31817,32468,-21560
-4370,-1568,10905,31817,32468,-2820
-3117,-1584,5108,31817,-23648,4072
2708,-1568,5887,27378,-19124,6408
10493,-1568,8167,23546,-9936,3716
19586,-1584,8725,27266,-3756,-28
24883,-1568,9045,31446,5464,-1108
13968,-1536,15610,24874,14120,4996
-4448,-1552,19772,29910,32467,10360
667,-1552,27051,31817,32467,-1452
22117,-1568,14806,28926,25008,-6224
17528,-1584,17685,31817,32467,12620
-24848,-1568,-15690,25502,32467,15128
-23859,-1568,-2151,31817,26244,2472
-1174,-1584,8387,27150,32467,6680
10773,-1568,1761,20850,24172,4336
7314,-1600,496,12418,15440,6344
-175,-1584,4435,8374,10260,8008
-7049,-1568,6990,9474,9896,7916
-7459,-1584,1810,12154,7904,5956
-3664,-1552,-337,14010,6736,5344
139,-1600,448,15194,8060,5576
969,-1584,1918,14878,7560,5552
672,-1584,2934,14618,8684,6420
-805,-1568,2045,14626,8392,6388
-1224,-1584,1169,14374,6720,6144
1
649,-1520,18693,6770,32467,12256
-13066,-1568,-555,18546,32467,-5944
-24591,-1536,-245,26898,32467,-6832
-32558,-1552,-10620,31817,32467,-6944
-32558,-1568,-19545,31817,32467,-15276
-32558,-1568,9448,31817,-8252,-15864
-27725,-1552,5197,31817,-20472,-11540
-17581,-1568,-15980,31817,32468,1260
-1750,-1568,4196,31817,32468,3256
6983,-1584,10923,31817,-27136,7912
14592,-1568,4994,31358,-11356,3520
21865,-1568,3041,31817,-1288,-1276
19044,-1584,9754,31817,12996,1072
5777,-1568,16766,31817,25992,2200
8240,-1568,13272,31817,32467,1976
1570,-1584,-2930,26358,32467,5388
-4917,-1584,16564,31817,27224,5608
-12751,-1568,-9951,31817,32467,15336
-23280,-1584,-31045,31098,32467,10872
-15030,-1584,5535,25622,23600,10356
1464,-1568,27068,24666,17096,5040
4049,-1552,12345,18114,16976,5564
788,-1552,-4249,13658,14180,7084
-6095,-1552,29,11674,7720,7264
-9150,-1568,11723,14750,6492,6608
-4870,-1552,13199,16146,7992,5624
943,-1552,7203,16706,10184,5804
3221,-1536,1853,15118,8032,6368
1806,-1584,4887,13810,6460,6628
-752,-1552,7894,14174,6856,5884
-364,-1600,5920,14834,8092,5532
439,-1552,843,14738,6624,5236
1
-23949,-1520,-12593,5158,32467,-13336
-32558,-1552,-10010,31817,32467,-21756
-32558,-1568,-17593,31817,32467,-21352
-32558,-1552,-32598,31817,32467,-27512
-32558,-1552,-19584,31817,-9664,-27840
-32558,-1568,9101,31817,32468,-16456
-19638,-1568,2900,31817,32468,4564
-5825,-1584,10375,31817,32468,8956
7782,-1600,559,29242,-15532,5264
18606,-1568,-578,28574,-5684,356
293,-1568,-32599,21810,26868,3688
-3953,-1552,22572,31817,32467,3996
-7292,-1568,-5924,28266,26180,-620
2567,-1568,11541,31817,16832,-920
-2947,-1552,19238,31817,28236,15372
-21747,-1568,-5909,31817,32467,12048
-13825,-1552,10207,31817,27008,344
10659,-1552,-32599,25502,6800,-2336
9077,-1536,29977,17766,14844,8180
2643,-1584,4900,15146,18236,3832
2389,-1584,-3517,12434,8340,2220
-787,-1536,5953,11794,6328,4596
-6778,-1552,6783,14662,13196,4856
-8173,-1584,2925,16814,12468,3112
-5433,-1600,-852,16958,10092,4040
-1587,-1552,-1480,16378,7192,4704
873,-1552,2208,15526,6132,4576
1073,-1568,4313,14842,6384,5196
150,-1552,4797,14882,4624,4572
-621,-1552,4453,14894,5348,5356
1
-29182,-1536,-20837,10862,32467,-23900
-32558,-1552,-17666,24866,32467,-25848
-32558,-1552,-32598,31817,32467,-23668
-32558,-1536,-32598,31817,32467,-26284
-27236,-1584,-32598,31817,132,-32580
-19803,-1552,-9563,31817,-32228,-21504
-3682,-1568,1898,31817,-29196,-16160
-14497,-1584,5442,27546,-23976,1712
-6878,-1552,12615,31817,-16580,-412
4756,-1536,14026,23626,-9236,2748
15453,-1584,15895,19834,-6284,1212
28060,-1552,21926,21234,920,-2060
31456,-1536,29474,17150,6172,1608
16295,-1584,16669,14906,16148,5576
-654,-1552,11511,14562,25128,3112
7163,-1568,23945,31817,32467,-4484
16076,-1584,27926,21214,30496,-724
13218,-1552,11770,28862,32467,2692
769,-1536,-4740,27358,31672,5524
-10971,-1584,-5142,28134,24488,5816
-12577,-1584,2380,31817,24528,4848
-10066,-1568,1190,26306,29912,6452
-4252,-1584,8491,23010,7116,1388
-3392,-1552,22885,18174,5532,2436
-408,-1568,31119,17018,12420,3648
3435,-1536,-7067,12638,5952,3132
2013,-1552,877,13790,5216,2912
290,-1552,5843,14670,8004,3128
-1769,-1536,5338,15070,9096,3172
-2816,-1552,2576,15466,7624,2836
1
-17113,-1568,-231,24566,32467,-25536
-25718,-1568,-19889,23106,32467,-25116
-32558,-1552,-7793,31817,32467,-26864
-32558,-1568,-27198,31817,32467,-26752
-32558,-1568,-15763,31817,9564,-22364
-32558,-1552,-483,31817,-21024,-8300
-19289,-1552,-14718,31817,-29540,6884
-5294,-1568,-18717,31817,32468,9352
3727,-1536,15705,31817,-29152,12928
9747,-1584,-3690,27066,-9060,8404
11355,-1568,-4874,26334,-5056,3092
13500,-1600,3056,28662,400,-1116
15135,-1584,15765,31817,12720,-4060
15992,-1520,-32599,31817,32467,-6768
27612,-1568,29211,21034,28300,-3468
16884,-1552,-3895,31817,27608,-4124
-1627,-1584,-4129,31817,30544,1504
-19111,-1584,-12959,31817,30308,-1272
-63,-1552,14325,29610,12708,4872
-34,-1568,19425,20134,13952,6944
-4480,-1552,21781,12902,13552,6068
-6697,-1584,21034,11642,8032,5444
-5542,-1568,16496,12790,7944,4380
-1596,-1584,7480,14710,8184,3064
2294,-1584,2630,15826,7168,2848
2715,-1568,2012,15738,5788,3260
410,-1584,3633,16214,5648,3428
-1226,-1552,5164,16802,5596,2920
-1535,-1600,5623,16862,5932,2324
-822,-1584,5281,16418,5780,2288
1
-32559,-1584,-4820,26218,32467,11176
22377,-1552,915,10310,32467,17904
4413,-1552,28412,2330,32467,11484
214,-1568,254,13790,32467,3888
-7925,-1584,8428,18890,32467,-504
-29626,-1552,2488,25102,32467,-7052
-32558,-1568,-21696,31817,32467,-16880
-32558,-1552,-16203,31817,32467,-23036
-32558,-1584,-9363,31817,23936,-17100
-32030,-1568,-11557,31817,-3244,-10796
-14669,-1552,-568,31817,-30992,-3388
3915,-1584,9165,31817,-31296,6060
7079,-1568,-3020,31817,-23960,8944
10843,-1552,2754,28094,-16100,5804
22871,-1552,5517,26542,-1244,1256
28434,-1536,3200,21854,10504,1840
4720,-1552,14132,12834,11332,6132
-6698,-1552,19496,15814,28144,2592
2145,-1600,24777,19526,32467,-3104
13493,-1568,26019,18154,24908,-4252
18056,-1552,15792,20994,32467,2436
3924,-1568,15,17890,32467,4664
2892,-1536,-1485,24650,15244,-1812
14841,-1552,8522,31817,21260,924
6319,-1552,-938,29234,31348,13500
-19616,-1568,-7783,21090,32467,12468
-7775,-1584,18149,24010,15644,840
4792,-1584,19589,18702,23632,5872
3765,-1568,-4329,12134,19684,6340
-2429,-1584,-4118,9062,11968,6200
-7758,-1584,8510,8938,9016,6548
-11488,-1568,10460,10822,11260,6896
1
-29743,-1536,-32598,31817,32467,-18652
-29920,-1536,-32318,31817,21736,-20612
-32286,-1584,-16809,31817,1036,-23524
-32558,-1584,-1563,31817,-12580,-12148
-28618,-1552,487,31817,-19624,-4
-10701,-1536,581,31817,-21880,8020
-370,-1552,-3784,31817,-23472,12316
7208,-1520,-1274,29102,-24948,11688
15045,-1568,9790,20026,-20104,5624
27427,-1568,13795,18990,-9324,1160
27995,-1584,7983,18334,-2468,1284
14931,-1552,1404,21950,6404,-600
6009,-1600,9314,30334,8392,-5056
9808,-1568,24018,31817,25424,-7728
11816,-1584,27667,31817,30676,0
2360,-1552,7233,31817,31060,272
-1453,-1568,-3717,31817,28840,780
-18998,-1568,-493,31817,32467,22176
-14596,-1552,8901,29710,23216,-4660
5642,-1568,-32599,25042,15348,-664
2763,-1568,9158,18354,26040,5696
2408,-1584,-8143,12390,16996,4284
-1701,-1520,707,9786,7160,4436
-4169,-1568,9605,12186,7780,3580
-3937,-1600,8214,14270,9904,3764
-2062,-1584,1091,15642,8156,4020
-1654,-1616,-384,15186,5024,4336
-1909,-1600,2697,15062,5152,4792
-2911,-1568,3471,15502,6120,4884
-2906,-1616,1531,15986,5172,4540
-2024,-1568,1097,16338,5456,4804
-1949,-1568,-609,16062,5372,5184
1
