11076,-1712,-1749,31817,-6048,5528
24544,-1680,-497,31817,18980,480
20954,-1680,-19,31817,32467,-14304
3230,-1680,28101,6626,32467,-21552
-21201,-1728,-11208,19422,19648,6508
-11926,-1696,-3589,16410,156,11152
-3582,-1696,1796,114,3784,14148
-3984,-1696,-8417,-1366,13328,6768
-1011,-1728,-8019,13274,24088,2024
384,-1712,-1550,11370,26252,1172
4027,-1712,-6189,6766,21920,-848
9206,-1712,-3454,2138,11044,-488
8726,-1712,7169,-5706,11804,-1828
11351,-1728,3578,-11070,9752,-4080
20829,-1728,13869,-29122,5344,-4020
23423,-1728,6238,-30346,12724,-9140
22119,-1728,6429,-27422,14360,-12844
14516,-1712,2728,-29230,15820,-4160
3666,-1712,2128,-22950,16676,-2328
426,-1680,-1007,-13286,21868,-3088
-1704,-1712,-5292,-9338,20972,-308
-4587,-1728,-1806,-5490,16272,-608
-3910,-1728,1572,-3406,13436,-1052
-1512,-1696,489,-4466,11436,-312
981,-1744,158,-4686,10332,-524
-582,-1728,1599,-4850,13380,-1108
-2826,-1712,1265,-3890,15652,-3152
-1920,-1728,-3490,-4126,17068,-2748
-920,-1712,-4713,-3862,16160,-2180
-1509,-1680,1635,-4730,14676,-780
-4223,-1712,3723,-4266,16424,-996
-3984,-1680,-1822,-2758,17296,-1812
0
-27894,-1680,-19809,31818,32467,-6320
-32558,-1728,-32598,31818,24796,680
-19355,-1696,-4689,-31846,-112,-7704
7551,-1712,-2413,-21474,6240,5320
-32558,-1696,30,3822,-17212,-10016
15457,-1712,16453,31817,9908,7288
16905,-1712,-32598,31817,32467,16848
12564,-1680,13358,7802,32467,-32768
-22575,-1696,21252,16610,32467,9596
-21456,-1696,-24167,31817,5544,-932
-11870,-1696,-5598,25698,-36,9616
-3613,-1696,4709,10518,6396,7536
-1489,-1728,-2676,-3282,10720,9732
-332,-1680,-5916,-5650,4916,9412
3066,-1744,7894,-8946,1572,5888
11589,-1712,15486,-14550,6240,3464
14716,-1712,12068,-17718,13484,2604
15557,-1712,14502,-19454,11912,-1996
25456,-1728,22081,-21794,18536,-9776
30470,-1728,4622,-28450,28508,-8436
20923,-1728,-6794,-27626,19160,-6896
15775,-1728,2290,-22634,14628,-5332
10286,-1696,290,-19858,15844,-3292
923,-1728,-3998,-16754,14172,-528
-4230,-1712,-1260,-10566,13320,-1052
-2255,-1744,-2133,-6046,16260,-2492
-2345,-1680,-8476,-5498,16040,-1572
-5915,-1744,-6817,-4718,11992,-1664
-6285,-1696,-1589,-3910,13792,-2064
-5618,-1728,-2564,-3678,16620,-1472
-5579,-1696,-4028,-4206,13728,-680
-6890,-1696,-970,-3446,14156,-372
0
-5939,-1712,8351,25866,-14112,-2836
7638,-1712,-13492,31817,32460,848
8294,-1680,-13609,31817,32467,-7284
7359,-1744,4708,31817,31676,-14540
-3328,-1712,7235,21242,22080,-5144
-8504,-1712,519,22654,10568,1000
-2634,-1712,3000,22694,13800,5312
1888,-1712,311,15390,17904,7596
-1496,-1712,-1373,10218,11960,4048
1000,-1744,1553,4838,12544,4104
4190,-1696,-2742,-458,12984,3856
5369,-1728,56,-4030,11192,-520
4244,-1728,9183,-7754,15068,-772
5953,-1728,6925,-7210,19268,408
10607,-1728,5095,-12814,18076,408
13650,-1728,13142,-17786,20456,-4524
20380,-1696,6356,-23530,22272,-3976
16970,-1728,693,-28214,17724,-5804
6508,-1696,1852,-22622,18012,-4728
-2312,-1680,885,-12698,18816,-1956
-4278,-1744,1001,-4142,17700,1216
-4578,-1712,1598,2450,19264,640
-4092,-1712,-3243,5458,18408,1284
-2037,-1712,-4408,4602,15228,892
-2059,-1744,-443,2234,15748,568
-2153,-1728,-1916,1334,16116,-208
-1395,-1696,-5012,-2,15768,-396
-1177,-1728,-4169,-738,15820,-456
-2153,-1728,-1465,-750,16852,-36
-3067,-1696,-2398,362,17272,-128
-3454,-1760,-4212,890,16620,196
-3201,-1728,-3780,718,15184,412
0
-29689,-1728,-14661,31818,32467,-2332
-32558,-1728,-32598,31818,22128,5536
-13333,-1696,7048,-18806,-26356,-14284
-6423,-1728,-4306,31818,-25696,19812
-9366,-1728,-8559,31817,32468,-16840
-32559,-1728,-21739,31817,32467,10956
22772,-1696,-32207,31817,32467,-32768
-23657,-1728,-32599,-11898,13136,19648
-32558,-1744,-14059,31817,-15460,12848
-11751,-1744,-1627,13834,-18860,19428
-7428,-1744,14302,6226,3776,12080
-7071,-1712,-3460,8262,18020,988
-4211,-1712,-10236,12202,19680,2280
-5053,-1744,-5747,6386,18600,6020
-1977,-1776,-4129,3674,16264,6072
2785,-1712,7063,-3170,8444,3480
6454,-1728,11741,-9618,12964,3204
4932,-1728,5607,-12914,13064,3472
7138,-1696,7678,-13722,13272,2780
15773,-1728,20746,-14494,12132,1092
21738,-1728,21247,-14402,22904,-104
19145,-1760,-2740,-16086,29004,-1384
12730,-1728,-2307,-19334,17616,-1684
10272,-1696,13127,-18986,18912,-1096
9844,-1744,940,-15382,25876,-768
4765,-1728,-14148,-12402,19784,400
-1712,-1712,-7181,-7942,13644,568
-3685,-1728,1265,-4378,14904,524
-3103,-1744,-4854,-990,17896,680
-3868,-1744,-10230,474,16308,1240
-4759,-1712,-9287,1418,15748,656
-5171,-1744,-4423,1534,14624,544
0
15625,-1728,20672,31817,6000,-1080
11176,-1728,-3875,31817,16816,-12652
3851,-1728,-6192,31817,32467,-14536
-6170,-1696,471,31817,22516,-6244
-9397,-1728,-2604,31817,26856,-3040
-2712,-1760,-598,30878,24528,-784
-3228,-1728,4678,10894,22764,4684
3483,-1728,733,-158,22684,6324
9720,-1728,-3792,-10838,14044,3168
17025,-1728,8601,-23058,10800,-4720
14455,-1728,10204,31818,14640,-7152
8381,-1728,-41,31818,14872,-3820
8469,-1760,-4804,-30558,8060,-2680
10970,-1760,5684,-21994,13996,-1376
-7262,-1744,-1291,-1694,18628,932
-6519,-1712,-2452,-838,18740,1632
-7298,-1744,-2494,46,15772,1060
-6125,-1744,-4126,882,15604,552
-4780,-1744,-7540,-14,16116,1372
-3907,-1744,-4612,226,14392,984
-814,-1744,698,-418,13592,-240
1186,-1744,1251,-1562,16332,376
-134,-1728,-2982,-1574,17848,1128
-733,-1728,-4214,-1566,15368,16
1035,-1760,-1984,-1594,15280,-152
893,-1760,-272,-1898,15208,1336
-304,-1728,560,-1650,15852,844
-407,-1728,136,-1962,15756,868
-1893,-1728,-547,-2250,15900,1272
-2633,-1728,-1680,-2002,15460,1096
0
17030,-1760,6819,27206,32467,-5764
7853,-1744,11174,31817,32467,-6892
-469,-1744,-2812,15750,20916,-628
2357,-1728,2971,-24686,10912,3852
2789,-1760,1901,31818,12488,3244
-3188,-1760,2036,31818,8936,7564
-13678,-1728,1420,31818,940,6236
-9312,-1760,-825,-29706,-2360,-1544
-3517,-1760,4560,3878,-9288,600
20475,-1760,7657,31817,13788,12392
10734,-1744,-32219,31817,32467,1060
21522,-1744,32764,-4822,15624,-26968
-14859,-1776,-31545,6254,29248,2832
-11293,-1744,-13618,13482,-15064,17260
3692,-1712,10636,10146,-912,12312
13186,-1744,11719,13910,22020,176
179,-1744,2383,15550,25016,4076
-12280,-1744,2500,20542,19908,3676
-11409,-1744,-3554,22474,20196,2552
-3354,-1760,-11668,9738,13528,1340
322,-1760,4629,-2042,10964,1448
-578,-1728,7002,-6790,14720,5084
-828,-1728,436,-12106,14196,3368
6460,-1728,2763,-15178,12300,-1388
17021,-1728,7266,-18066,11404,-3892
17970,-1760,9637,-21118,16304,-1776
10215,-1712,9827,-21030,19660,1128
7907,-1760,4226,-17666,20192,-1184
11239,-1744,-1552,-16450,17560,-3032
11250,-1744,91,-15070,14896,-1988
0
-32558,-1728,-13454,31818,29640,22344
-32558,-1728,-32598,31818,24384,10192
4318,-1728,-6568,-24898,-5172,-9268
25322,-1760,23423,-26058,-9300,6896
-4997,-1760,6363,31358,8020,356
20364,-1760,22554,31817,32467,4544
15363,-1728,3794,29202,32467,-12572
7950,-1776,26769,6138,11932,-2408
-16130,-1728,189,8130,13904,5392
-14886,-1744,-4848,7390,9320,4916
-9429,-1744,-5514,-338,10004,6388
-6780,-1712,-418,2274,16200,5452
-2519,-1744,532,4066,19056,2816
-544,-1744,-6140,9726,22012,2428
-4328,-1744,-8003,12294,20304,4520
-9515,-1744,-6464,12762,18024,4284
-8250,-1728,-1507,11366,14040,1812
-1631,-1760,-377,5030,14724,692
2862,-1728,442,-806,13812,2164
4560,-1728,3462,-9322,12996,1436
8777,-1728,6609,-10954,11040,-2008
16269,-1728,10182,-13374,13660,-3848
17553,-1696,18484,-22138,14932,-3164
14949,-1728,7871,-20126,21484,-2808
12514,-1760,-8708,-19838,20672,-1616
8180,-1760,-1563,-18166,15516,-640
3039,-1728,4967,-15294,14788,732
-478,-1760,2000,-10590,17300,1984
-2447,-1728,-4286,-7102,16180,2252
-2925,-1760,-5379,-4050,13340,1588
-1534,-1760,-2477,-1006,14832,180
-362,-1760,-130,-398,15908,376
0
27227,-1760,11367,9478,5248,5368
22034,-1744,24183,31817,29628,1504
22489,-1712,-18698,31817,32467,-1100
15684,-1744,11579,31817,27724,-8784
11202,-1744,14121,11162,26632,-10200
-11212,-1744,6526,-3030,17044,-460
-14914,-1744,-14906,4386,7896,4628
-8482,-1728,-10516,2922,8264,7996
-4078,-1728,-2611,2426,14852,5128
-4498,-1728,-2331,3222,11984,2288
-3904,-1728,-3120,5774,15596,2760
-2402,-1760,-2423,11782,16960,1236
-787,-1728,3640,14242,18336,-684
351,-1760,4500,13154,18988,-1168
-51,-1728,-5013,8694,18460,-736
-6147,-1760,355,1962,14140,3036
-9497,-1760,8613,-3518,14984,888
-3232,-1760,8536,-8026,18476,-1424
7461,-1792,8669,-14930,14364,-2324
19497,-1760,17308,-19190,14068,-4240
29674,-1728,22539,-22718,19620,-4432
26279,-1760,11091,-24862,25520,-4
13702,-1760,-1526,-23538,20956,1916
2553,-1728,-1103,-20190,17720,2500
-3534,-1760,-1539,-14530,16096,2632
-2613,-1792,-4737,-7682,14372,-332
395,-1792,-4191,-3614,13832,-2180
347,-1760,-3243,-986,17296,-664
-2547,-1792,-4573,198,18368,-348
-2975,-1760,-5721,958,16772,-336
-568,-1760,-4212,22,14616,-120
2162,-1760,-392,-1066,15560,800
0
8880,-1760,811,18754,-3368,4036
6326,-1744,4504,31817,-27652,2976
20586,-1776,-16647,31817,9480,10456
6472,-1728,-7470,31817,32467,-16968
-19865,-1760,32765,-11734,25756,-4900
-18190,-1760,-24618,21294,-14112,13352
-4035,-1728,1286,2598,-4132,16664
1746,-1760,10140,-734,17480,4664
-1292,-1760,-682,2798,17812,-972
-3016,-1760,-5528,4234,13316,2440
-2466,-1792,2497,5354,11256,2484
-356,-1760,2140,8306,13152,-1104
162,-1760,-577,10782,15320,-352
-1092,-1792,3487,16322,12612,-1172
-1520,-1760,320,19526,16668,-1584
416,-1712,-4047,23362,16364,-1672
-2589,-1760,6570,17754,12184,2280
-6738,-1760,7172,10602,17152,2004
-3291,-1760,-4464,6166,15660,96
-700,-1728,4056,-346,17040,2844
-557,-1728,16184,-6758,18036,416
8386,-1760,9195,-7390,19480,-5184
24786,-1728,6298,-13254,19816,-9944
24147,-1728,15036,-19278,21816,-6140
15540,-1760,11191,-15030,26900,-8028
15635,-1744,-4020,-15238,22220,-6700
10174,-1776,-3533,-14874,18200,-364
-80,-1744,7223,-8966,15200,2188
-2473,-1744,3908,-1750,17204,-200
650,-1776,-8003,2662,18124,-584
-1272,-1744,-5684,2618,14388,364
-4757,-1808,1921,3790,16128,-292
0
21121,-1728,24850,31817,-648,-2616
5823,-1760,-32598,31817,32467,-476
4250,-1760,17729,16786,10680,-20848
-16543,-1760,-13338,-802,20956,3504
-6478,-1760,-15447,7342,-92,10396
751,-1760,3874,7918,11224,7776
-126,-1728,-512,8642,18716,1296
-1505,-1760,-7185,7946,14180,4712
-858,-1728,-2557,9394,12588,2892
-920,-1760,1725,7978,17072,1408
-1392,-1760,-5255,8934,18508,2756
-2044,-1712,-1745,11458,13412,3516
-5650,-1744,3478,12302,16352,2220
-4558,-1744,-7398,13946,19596,228
-3271,-1744,-8211,17574,16744,1128
-3357,-1808,-992,16294,14808,344
-119,-1744,-3859,12066,16036,192
3375,-1744,-8217,9102,15836,-832
2659,-1744,-3612,4170,13340,-476
-2615,-1744,10910,-838,13536,-816
8679,-1744,14771,-1562,24348,-4652
16418,-1744,3514,-13294,13000,-704
3885,-1744,19212,-26998,19568,-4780
13144,-1776,7139,-22342,24940,-344
2286,-1744,-459,-27874,14200,6092
-8026,-1776,5048,-16742,18308,4552
-5228,-1744,-425,-5838,16728,2412
-852,-1776,-2179,822,16024,2080
-2798,-1744,1464,3726,18612,1300
-3443,-1776,1692,5238,17976,-168
261,-1744,-804,4982,15040,196
-1895,-1744,-2376,2218,15996,2856
0
8288,-1744,2470,19834,856,-516
-506,-1760,-2602,31817,16328,-2472
625,-1760,13731,31817,12188,-684
1657,-1744,-9918,30314,21620,1160
1530,-1728,2147,17086,17892,2488
-2415,-1776,4846,5574,23816,2224
-5323,-1760,-4661,3250,19244,3340
-3895,-1744,-1421,3926,16036,5196
-1609,-1744,597,2170,17240,3868
-629,-1744,0,6418,17720,2660
-3150,-1744,-2531,8494,17624,3628
-8850,-1776,-5241,10286,16964,2684
-9987,-1776,-6139,12174,16232,2164
-7692,-1744,-8390,14266,15232,1872
-4378,-1744,-4037,12706,10556,1100
-853,-1776,1744,11114,15940,480
-783,-1808,3991,6146,17272,260
2995,-1744,7867,6898,17496,-4224
9020,-1744,7738,1258,16056,-6776
18923,-1744,15419,-5270,21816,-7308
27070,-1728,20574,-15326,18552,-9296
-32729,-1776,3939,-27374,26260,-8496
23022,-1728,2560,31818,18408,-1864
8663,-1760,1518,-30598,21916,1844
1422,-1760,-8696,-19550,18964,3304
970,-1760,-1258,-7242,14024,2192
124,-1760,8875,650,19768,1732
-3127,-1760,1037,4446,21484,-140
-2372,-1792,-8986,6278,16140,-624
-1577,-1760,1608,4254,13112,92
-3187,-1760,8361,2698,17212,1660
-2855,-1728,-95,1902,17100,432
0
3103,-1744,-6810,21570,15164,9692
3778,-1744,5067,31817,8752,7772
7768,-1728,2887,31817,32467,3912
5978,-1776,-1961,31817,27292,-7908
-565,-1776,1736,22746,20600,-7356
-7800,-1776,67,8282,13472,212
-5382,-1744,-1339,346,9184,5560
-552,-1808,72,-2466,10308,6900
-57,-1776,2036,-946,17012,4424
-1878,-1776,854,1930,16720,-188
-4510,-1792,2726,7010,16500,-412
-5489,-1792,2880,9318,18864,-688
-5215,-1760,-4917,9434,17400,452
-4496,-1760,-3579,12506,14704,604
-3426,-1760,5799,12630,15028,-392
-2305,-1760,2440,8882,18060,-504
-1586,-1760,-7719,6422,17968,-1220
-303,-1760,-2779,3510,16856,-3484
2756,-1760,3260,106,19892,-2964
3666,-1760,2179,-5086,19284,-2536
4146,-1760,-1175,-8742,15580,-1912
9165,-1760,2698,-12130,12508,-1644
17180,-1760,4378,-15462,16968,556
20863,-1776,-608,-18978,17312,1096
18652,-1776,2954,-17998,15520,636
13098,-1776,4794,-17930,19668,852
2266,-1744,342,-16034,19456,2808
-6621,-1744,-3441,-8498,15416,2716
-9632,-1744,-2482,-2090,15376,2876
-7899,-1744,-4980,2786,15996,2036
-5042,-1776,-4942,5162,14084,356
-2693,-1776,-128,4550,14528,-344
0
6686,-1760,20083,31817,32467,-240
4949,-1728,-1391,31817,29324,-9324
9884,-1760,-1902,31817,11024,-5900
4361,-1760,14379,21522,12504,-2384
-5915,-1760,-1792,6938,13616,3872
-6226,-1792,-9065,6826,4420,7432
-1267,-1728,5121,5434,8460,8980
2298,-1760,1193,2042,16972,8156
328,-1760,-6217,958,14188,6508
-1203,-1776,-1512,2894,15532,5876
-1731,-1776,328,4290,16836,5632
-1948,-1776,-787,6238,16768,5720
-372,-1776,-1379,8694,15652,3576
-378,-1776,-3213,6078,15640,5112
-8988,-1776,-12229,7094,20308,6428
-14050,-1776,-12626,10998,12424,2556
-6466,-1776,-340,13430,12212,-448
2422,-1776,6900,10934,17280,-908
2704,-1776,-5325,7634,22148,-1244
5469,-1776,-7168,9026,18628,-6724
8424,-1776,10479,538,19144,-4972
8411,-1776,11926,-3498,24352,-5272
10944,-1776,-181,-9822,25804,-7088
15031,-1776,5607,-16462,14492,-6900
17651,-1744,16697,-22054,17596,-800
12292,-1776,2129,-24662,22020,6760
8663,-1776,79,-19734,16184,8564
6362,-1744,5750,-17886,18840,7820
1078,-1776,2601,-13870,21168,7068
-5379,-1776,-2813,-8750,18432,6288
-10903,-1744,-2537,-3618,15140,5624
-12545,-1776,-2763,-78,14860,3636
0
-20787,-1776,-3890,-25334,21060,196
-29080,-1776,9771,31818,16580,11432
6223,-1776,-27894,31818,19172,31896
18449,-1776,-19035,31818,2408,32767
-14790,-1776,-26934,31818,21252,12852
3178,-1808,31641,16734,22312,-16432
27888,-1776,10564,31817,32467,-8020
21318,-1808,26988,31817,32467,-32768
-22873,-1776,-2284,30622,6976,-6236
-18621,-1744,-25122,11526,-18308,16192
-7055,-1808,814,2022,-8684,22688
-1121,-1776,6203,-1634,6472,8452
4328,-1776,-4648,3194,17092,2612
3120,-1776,-4195,1746,18812,7476
-4095,-1776,-6258,474,16772,6456
-7043,-1808,-6560,454,14832,8316
-5655,-1776,-6618,4438,12296,7364
-4248,-1776,341,8802,14204,4032
-2660,-1776,405,7354,15848,2764
-4072,-1808,-7527,6530,15824,3044
-4477,-1776,-3051,10482,13548,2168
-576,-1776,3888,11530,15324,832
3216,-1776,-5425,9542,19736,1808
-1533,-1776,-6101,8438,16952,3784
-5062,-1744,7969,5770,9412,1896
-2670,-1776,14071,5378,19020,1784
1425,-1744,4779,962,20140,2720
3658,-1776,6098,-3630,17768,1808
9240,-1776,14577,-5062,19444,-900
15503,-1792,16139,-8038,23120,112
16567,-1792,10961,-10874,22196,460
15998,-1760,4757,-10170,24072,176
0
8229,-1776,-7304,31817,32467,-4436
16222,-1776,-22677,31817,6064,-13948
-3918,-1744,30450,13146,15256,-4844
-14823,-1776,-7637,13074,284,2840
-6396,-1776,-13985,2178,1728,8936
-5339,-1792,-3316,2906,10340,10652
-3785,-1808,359,1622,12088,10404
-1007,-1760,402,7358,15640,6460
1210,-1776,-2715,9382,13960,3104
-245,-1760,-3767,8682,13692,3192
-4398,-1808,-4378,10582,12364,4912
-7697,-1760,1544,14190,11004,3392
-5204,-1776,2803,15230,12632,-464
87,-1760,-7393,15082,15372,-1800
-551,-1776,-3887,11554,11408,1484
-3687,-1760,6854,8826,12840,1728
-1695,-1776,3870,7370,16476,-116
3690,-1792,-2101,6258,18512,-1904
7933,-1776,10106,4674,20912,-3000
12644,-1776,19325,1942,23712,-4228
15998,-1776,9442,2,30856,-4844
18596,-1808,3107,-2626,27432,-4072
18671,-1776,11750,-7226,22236,-3220
18930,-1792,14675,-10458,23108,-3612
18270,-1776,5363,-12786,22428,-2052
16150,-1792,-2376,-13886,16876,-776
13550,-1792,-2847,-13222,14644,852
7244,-1792,-307,-11174,14440,3752
58,-1792,5634,-7354,12832,3224
-5272,-1824,11572,-3134,14944,2588
-7804,-1792,5006,1890,20656,2356
-9100,-1792,-8491,5634,22856,2300
0
-22554,-1792,-23595,31818,32467,9880
-21580,-1760,-2180,-27210,20612,5736
-5336,-1808,-10393,11902,18560,260
12832,-1808,15188,31817,-16016,-7532
23142,-1776,-2599,31817,3808,-16336
17413,-1776,-14794,31817,12600,-15416
-8704,-1792,4057,19070,21044,-11020
-14942,-1792,-10836,29510,9992,1512
-10403,-1824,-2897,22306,172,8368
-6744,-1760,5359,12018,3556,8400
-5162,-1760,-407,14306,9904,3568
-2022,-1792,-2574,18886,15436,2192
-1469,-1792,-859,17114,14480,1880
-2066,-1792,5012,17594,14828,620
2845,-1792,277,14834,16796,-716
5931,-1792,-4419,9558,16680,-1268
6375,-1760,6742,3278,7016,-2080
9111,-1792,14406,70,19384,-3192
12564,-1792,4372,-7862,16972,-6352
18257,-1824,13706,-14674,17784,-6184
26768,-1792,24374,-17538,19056,-5968
21829,-1792,458,-26602,25716,-3124
19053,-1760,2234,-21814,6072,-1936
10729,-1760,9660,-18070,18520,3560
1363,-1760,-8572,-8730,18808,2708
-1120,-1760,-1206,-1974,10076,272
-2064,-1792,4769,2950,22500,-16
-4596,-1792,-6631,4662,21400,-1924
-4341,-1760,-2557,2638,14400,-2240
-4344,-1760,-648,1962,14576,-320
-5878,-1776,-4236,650,14852,-404
-6110,-1776,-3524,-186,12868,-256
0
7924,-1792,3759,31817,32467,-16872
-6786,-1744,2347,31817,32467,-15976
-11543,-1776,-8033,13094,8276,5776
-3712,-1776,-5326,-3950,1164,7820
-5982,-1776,2217,2286,8280,3156
-3537,-1808,151,6910,18324,-88
153,-1808,-4229,8050,14704,196
-1588,-1776,90,7742,14032,1856
-3536,-1776,1540,8454,11148,252
935,-1776,-6401,9426,15000,1732
-355,-1808,1792,9094,13032,2792
-4471,-1776,1759,7198,17260,80
-2485,-1744,-1216,9590,17832,-348
399,-1808,968,11354,19072,-1344
643,-1776,2229,9210,20960,-3276
2891,-1776,2542,9478,18392,-4944
5733,-1776,-262,6166,20792,-3064
6302,-1776,3283,1370,17472,-3444
9888,-1808,7964,-2462,16456,-3800
13677,-1776,2679,-8218,20836,-2292
10645,-1776,395,-14622,15992,-4028
12656,-1808,10742,-15962,17508,-6480
13388,-1808,11103,-19990,25976,-7336
5134,-1744,-4790,-20106,22524,-4684
-885,-1776,-1948,-11690,14272,-3368
-1214,-1808,3957,-3254,15516,-2188
-2930,-1776,-3298,1482,15816,-1780
-4561,-1744,-766,6714,14712,-2336
-3889,-1744,3339,7118,17532,-1908
-4726,-1776,195,2658,16448,136
-4992,-1776,-1978,2442,15104,-308
-4148,-1760,-2592,1102,15352,-508
0
7622,-1776,15820,20162,-10008,5544
18595,-1760,8522,31817,32467,-5436
12867,-1776,5633,31817,24152,-13752
6202,-1792,-427,31817,24684,-11240
-6726,-1760,-16784,10690,16592,-4244
-10317,-1760,-10722,6858,7556,3824
-4182,-1808,-6416,4710,10448,6688
20,-1792,-1721,5782,14656,2264
-4211,-1776,-2892,4386,15848,168
-5556,-1760,-6470,5938,16944,2168
-3141,-1776,-5685,6850,13120,3136
-951,-1792,2178,6274,12224,2136
-2735,-1776,3939,6198,14256,1236
-3501,-1808,1267,6894,14904,-632
-3941,-1776,1008,8214,15744,-1312
-6026,-1792,-3952,6938,18332,-592
-6967,-1776,-6579,7234,17436,-780
-5996,-1792,2636,7142,15188,-944
-1171,-1744,4346,5642,16944,-2332
326,-1776,-2508,2262,19556,36
925,-1744,2462,1358,13928,-756
5893,-1808,15256,1502,13932,-2668
17534,-1776,15964,-6,18784,-5172
18369,-1776,9291,-5234,13260,964
30531,-1776,16157,-3286,18556,-11976
-32559,-1776,11797,-20506,12880,-13416
23545,-1776,10966,31818,27432,-4204
-11777,-1776,-14835,-27538,21368,-2464
-7187,-1808,-11945,-9298,9748,-4136
-1538,-1776,938,-4234,21660,-1480
-6896,-1776,-4315,146,23972,-20
-8346,-1808,-8441,5130,16640,-2624
0
11400,-1792,17271,-9010,-20276,8308
8270,-1792,16963,31817,-2660,-19024
-32559,-1760,22154,31817,5484,-13232
12578,-1792,-4500,31817,32467,-14884
-1678,-1792,14979,-7942,28024,-18356
-17043,-1792,-29341,21290,9548,-3664
-12317,-1792,-7751,5634,6480,10588
-4600,-1792,84,170,7260,5452
-987,-1760,397,1210,13068,2840
127,-1824,-3216,1938,19744,2840
-4168,-1760,-6642,1726,17836,1988
-1917,-1760,-3608,3366,15176,3412
3117,-1760,-4333,6098,16880,1408
2352,-1792,-5382,5346,15212,796
-445,-1792,-6085,8282,17260,224
1213,-1792,-7836,11062,16988,-280
2773,-1792,-8550,10906,13872,-492
486,-1760,623,6446,12532,856
-1251,-1792,-3753,4942,17084,960
-264,-1792,-1795,2558,13424,528
1640,-1792,7914,-462,13804,940
2542,-1792,16003,-4942,18748,-16
2914,-1760,10100,-6626,21600,628
7332,-1792,5156,-7942,19764,-260
10617,-1792,9255,-12830,16676,708
9024,-1760,14552,-15622,18596,400
7931,-1760,5879,-15402,22532,192
6004,-1760,-2212,-14882,18132,652
1000,-1776,2830,-13762,15224,944
-3646,-1760,3413,-10622,18208,1136
-5510,-1792,-6883,-6462,20740,424
-6762,-1760,-11459,-3194,18692,832
0
13088,-1808,-2153,-28806,-12952,20304
-5891,-1776,-16807,2830,-1776,1196
22570,-1744,23592,31817,-1044,-7916
19495,-1776,15771,31817,30164,-16588
-1724,-1776,-23986,27302,32467,-13440
-8984,-1776,-17829,12722,23476,68
-3831,-1776,-2517,-250,10612,6708
-459,-1808,2475,-1970,3588,6660
1851,-1776,-665,1746,15796,2780
1801,-1776,-431,3514,24936,3432
612,-1776,-1503,1898,21804,4304
1151,-1776,12,1354,17324,4300
2015,-1776,1942,1586,18804,4628
-889,-1776,24,-558,17868,3824
-3809,-1808,-2277,1214,18232,3364
-5407,-1776,-4070,4266,15864,2404
-4188,-1744,370,6238,16908,1616
-2962,-1744,2539,6558,17996,1204
-3055,-1744,-6183,5298,19124,648
-4383,-1776,-5650,5454,13536,-532
-4131,-1840,6724,4510,11500,172
-2516,-1776,10981,3062,9892,528
1512,-1776,5872,2390,13564,1076
5029,-1808,6649,622,14768,592
8870,-1808,14902,-2546,16452,172
14245,-1776,14603,-6082,19372,-1900
16565,-1808,3728,-9778,23376,-2676
9850,-1776,4965,-14794,20628,48
3805,-1808,9418,-14138,20372,1804
5210,-1792,4470,-12294,19744,1432
7667,-1760,-4619,-11258,18076,1180
4995,-1792,-4034,-9282,13980,-372
0
12313,-1792,4576,31817,19600,-9668
22169,-1792,13529,31817,3964,-8696
16900,-1760,2790,31817,25988,-6656
-9026,-1792,-5574,11602,25052,-8904
-9491,-1792,-10099,8126,10900,7004
-1953,-1792,-2746,-638,11748,8680
-848,-1792,-721,-374,20612,312
-3371,-1760,273,1146,18176,-260
-2233,-1760,-2061,1738,16712,1348
462,-1760,3168,2890,15520,3256
813,-1824,1635,2646,16628,1816
-670,-1792,-1222,2922,15356,1788
-3003,-1760,-804,5158,16300,2020
-5452,-1792,-4192,2722,17096,1656
-7526,-1792,-8611,5850,16320,796
-7761,-1776,-2508,8338,14876,748
-6297,-1808,406,8818,16808,104
-4375,-1808,-2912,8918,17752,320
-3638,-1792,-2032,6538,16344,-104
-2813,-1776,7236,3890,18760,1344
-840,-1776,6476,-1966,18736,884
4891,-1776,1682,-2718,19916,1648
8044,-1776,5856,-9690,14360,1916
9992,-1808,13994,-14042,15072,12
12262,-1808,15715,-15222,15080,-880
14765,-1808,4901,-15386,20640,-648
4925,-1776,176,-19366,20620,1112
-4187,-1776,-19,-14158,17940,-560
-2686,-1808,-2005,-7158,15748,-1028
-1414,-1776,-6709,-4046,17552,2144
0
-2140,-1792,-208,19378,11200,-9144
26246,-1776,-6156,31817,20728,3016
20331,-1776,14225,31817,31360,-12888
3349,-1776,9980,18834,32467,-20824
-8993,-1808,-8328,14494,5100,2652
-4978,-1776,-7231,6770,1920,9088
-590,-1776,3181,5886,9880,5036
852,-1776,2264,754,15268,1332
-314,-1776,-4964,2062,18104,2412
-5739,-1776,-1082,2678,14512,3172
-4778,-1808,3376,3890,16012,5260
-2029,-1808,-3356,6554,19936,3584
-1936,-1776,666,5202,15336,868
-2405,-1792,-609,3522,15488,2628
-1326,-1792,-6904,8242,18196,3360
-507,-1792,-715,6942,12432,932
832,-1792,10420,5938,21360,372
1791,-1760,2370,7890,23096,-1848
5081,-1792,1177,5518,21028,-1964
5132,-1760,8580,2194,23480,-1952
4155,-1792,1009,-1870,30044,-808
5057,-1792,-8663,-10686,19124,1648
8883,-1760,13504,-22806,-1000,1160
10387,-1760,18658,-26902,11888,1800
3777,-1792,-1534,-28662,9108,1160
4632,-1760,4789,-22074,8224,568
4251,-1808,5646,-16314,18284,3112
-503,-1776,-4572,-5958,22920,492
-575,-1808,-5201,2906,21968,-928
-368,-1776,-1077,2742,19368,1176
-1434,-1776,-2927,3234,18036,2752
-2698,-1760,-6088,4086,15640,2324
0
5180,-1776,1327,31817,32467,-6704
-8358,-1776,-20582,21402,23456,-3764
-10027,-1744,-7439,8930,7420,4600
-5898,-1776,-5183,-2526,6648,4172
-5198,-1776,-9143,-7018,11536,5000
-7359,-1808,-5294,-6786,16452,6032
-4069,-1776,-1523,-738,22600,5204
-227,-1808,-5479,1938,23600,3356
-541,-1776,-2737,4810,21064,1648
-1025,-1776,-2938,7430,19480,2256
222,-1808,-3489,6442,17212,2172
-562,-1808,-869,4134,14148,2932
-2972,-1808,-1196,5422,16072,4140
-2260,-1808,-3457,6874,17156,2792
239,-1776,3111,5682,13360,2176
776,-1808,13972,7162,15952,1884
-690,-1776,4883,3034,21108,3156
-4235,-1776,-6323,1046,18208,4384
-4352,-1776,-3343,-174,14876,3472
-1765,-1776,1832,-6042,15172,3352
2531,-1808,9880,-8770,15136,2364
7253,-1776,14389,-11018,16968,932
8392,-1808,17296,-13974,20068,2140
6669,-1808,16252,-16298,18896,1696
7077,-1824,7531,-14326,18320,1300
8337,-1792,-2810,-12610,15676,1248
6200,-1792,-6226,-10402,14052,2432
2156,-1792,-3226,-6850,15260,1960
802,-1792,-3091,-3278,17396,204
532,-1760,-4160,-778,16280,284
-1324,-1760,-2544,1586,17620,1044
-4641,-1760,-565,1814,16288,1228
0
-8742,-1808,-14334,31818,25076,21132
-15836,-1824,-32598,31818,6308,24132
-17977,-1792,-2244,31818,-12788,12444
17444,-1792,2483,-5330,-7184,8292
12260,-1792,11351,30846,19324,11428
30758,-1792,-32599,31817,32467,-32768
14323,-1792,-7751,31817,32467,-29920
-8247,-1792,-5166,13122,24256,-3544
-8490,-1792,-18007,7034,-1016,5368
-1706,-1792,-2709,2746,6440,10936
-4426,-1824,700,-750,15836,7436
-5039,-1760,-2487,3142,22956,4480
-4688,-1792,-5427,2602,16792,4848
-3253,-1792,7455,3850,13176,4528
758,-1792,589,6934,23960,4468
911,-1760,-8555,4030,18296,2688
-1793,-1760,4467,6578,16264,2040
-1742,-1792,5723,10566,22852,3296
-1082,-1792,-2499,8962,19668,-188
-1328,-1792,12161,10698,16692,2180
2028,-1824,8596,8954,23240,220
2804,-1760,-12479,-362,25312,1276
2885,-1792,10765,-5562,12308,1080
10332,-1824,19645,-10214,29948,-3240
16796,-1760,-8083,-25970,22436,-2732
11667,-1808,8390,31818,7360,356
4242,-1760,2064,-30098,6516,7348
3217,-1824,-13212,-20706,4636,5980
3382,-1792,624,-8986,10232,612
-76,-1792,3799,54,27752,-3104
-3360,-1792,-1891,646,21632,-2980
-5091,-1792,1391,1642,14516,584
0
7344,-1776,-4372,31817,32467,-10956
14289,-1792,14647,31817,32467,-22876
-3570,-1792,-886,18086,32467,-10656
-15394,-1792,-16139,17230,4848,544
-8390,-1824,-817,2566,-8788,11908
-487,-1824,-84,-434,5536,13500
-663,-1792,1533,1506,20328,5348
-1096,-1760,208,7162,26072,2700
336,-1792,-844,5718,19708,5892
-2733,-1760,-3640,2246,18596,4492
-2464,-1760,-2131,4782,16500,4908
601,-1792,1338,1402,14104,4536
77,-1792,64,-3870,17900,3440
-98,-1792,-3688,-1954,16876,3748
2478,-1792,971,738,14260,3472
3789,-1824,5979,450,22212,696
8988,-1792,234,3458,18696,-916
10706,-1792,6997,2886,18184,-1372
9965,-1824,14772,-822,24672,-4952
19129,-1792,4499,-6074,18908,-3268
19715,-1792,8943,-15046,14428,2564
19358,-1792,21850,-21478,6416,-2884
23863,-1792,-628,-24914,17352,-2452
9918,-1792,-7920,-25794,9592,1556
-1651,-1792,612,-15930,16348,124
-4504,-1792,1047,-8438,19724,-364
-5207,-1792,3571,-2034,21460,956
-6905,-1792,2260,1230,19828,1244
-7009,-1792,1597,1954,15804,1612
-5195,-1792,-1360,1810,13752,1624
-3621,-1792,-1152,654,11088,1488
-3906,-1792,2527,-422,13988,436
0
-11612,-1744,-32598,31818,18084,25208
-12512,-1776,-1971,31818,7596,10924
3105,-1776,-20837,31818,10088,-812
-9363,-1776,169,-11790,-12956,1968
8846,-1808,24306,31817,-4420,5404
27909,-1808,-6769,31817,32467,-2628
13245,-1808,21346,31817,28916,-24268
-6860,-1840,-6184,-8414,27420,-980
-9174,-1808,-15124,4282,6144,8232
-3413,-1808,5074,1866,4488,8512
-285,-1776,3504,-938,14224,3060
-3375,-1776,-5631,-218,17252,1684
-2809,-1776,-1035,-118,11808,4916
-355,-1776,1561,510,14384,5040
45,-1808,553,2654,18344,2804
-403,-1808,-296,2898,16132,3012
-1484,-1808,795,4222,18604,4708
-4044,-1808,-2917,7578,19408,4024
-4014,-1776,1910,13078,17696,2624
-5280,-1808,1955,16298,21572,2028
-6774,-1808,-8767,17462,20304,2728
-6205,-1808,-12253,18594,19092,2968
-7356,-1808,4282,11990,14228,2008
-7554,-1808,14479,6950,20316,2572
-3476,-1808,-280,1682,20060,804
1601,-1792,16099,-5810,18012,632
15480,-1744,19046,-14658,15148,-388
26453,-1792,7829,-27706,2828,1080
25959,-1792,20876,31818,-4756,2828
16557,-1824,-7535,31818,8128,1096
6734,-1792,2189,-24754,24192,992
4070,-1776,208,-11858,32467,-204
0
14037,-1808,25588,31817,10348,-2176
18973,-1824,8208,31817,32467,-14200
9109,-1792,-15867,31817,32467,-27212
-4141,-1824,622,14058,27540,-11492
-7379,-1824,-13128,-158,8388,1640
-7768,-1792,-2813,278,1124,11080
-4264,-1792,1734,-4758,8224,9848
269,-1792,-561,-874,21108,7568
2495,-1792,-3889,1870,21260,5096
34,-1760,-230,3478,19152,3644
-1178,-1824,1398,4698,15752,2220
-1539,-1792,4645,7502,17212,1128
-845,-1824,-2523,12082,21972,-1372
-3666,-1792,-6692,16778,20552,-736
-5865,-1824,2182,20106,16064,-1416
-7839,-1792,4636,18338,17308,1708
-5511,-1824,-4492,16906,22768,560
-3015,-1760,6130,9014,10852,1528
-2117,-1792,28618,-7098,18828,-3172
7846,-1792,27978,-16734,23452,-6924
28414,-1792,22822,31818,18604,-5196
-32559,-1760,13693,31818,13952,4504
14835,-1792,-3329,31818,7244,8016
-2290,-1824,-8032,-31722,4544,8932
-3419,-1824,-6922,-12622,18084,3960
-4140,-1792,-9630,-1650,26628,-176
-5952,-1792,-5021,4746,21064,-3732
-2678,-1792,7202,9034,14084,-3508
3076,-1792,-3203,5222,18496,-476
-1664,-1760,-9156,-522,11160,1612
-1881,-1792,3356,-562,9944,-1548
4101,-1792,3789,-2882,16364,-2640
0
30876,-1792,-9361,31817,32467,-28140
3386,-1792,19557,21146,32467,-18976
-24,-1824,-778,-2838,21252,2704
-67,-1776,543,2606,16548,-1532
1958,-1808,-6678,630,10136,1056
-124,-1808,-1306,162,14768,536
-3510,-1808,1191,5646,15540,-4072
558,-1808,-1893,16138,15472,-5840
1955,-1808,3275,22782,18108,-4848
-6990,-1808,1264,26750,28308,-8000
-11095,-1808,3170,27822,18048,-4364
-3566,-1824,9398,20454,17824,-3528
6229,-1792,6884,1050,21420,48
7704,-1760,24690,-13206,13156,-1820
8414,-1824,29567,-28230,21304,1716
15947,-1824,-2218,-23138,22720,5472
24155,-1792,-2244,-31922,13644,92
28561,-1824,9346,31818,20404,-4704
11817,-1792,-21711,-30930,20840,-5524
290,-1792,-16107,-12326,11276,-11848
-5869,-1824,1084,-3230,17960,-8256
-8075,-1776,1264,5226,19200,-4868
-6634,-1808,-2817,8766,14872,-1784
-4526,-1808,-4376,6754,15192,508
-3369,-1808,-2654,2814,14368,472
-3731,-1792,-598,1294,14616,428
-1778,-1824,-698,1054,16040,-1944
1046,-1776,-3281,78,16828,-3520
363,-1792,-2942,-126,16248,-3284
-2161,-1824,-2087,-214,14836,-2632
0
3748,-1808,14112,18622,32467,-3880
23695,-1824,10553,31817,12552,-23584
11145,-1792,17887,31817,32467,-11560
-5125,-1792,6519,21562,32467,-12776
-12930,-1824,-12415,13738,3220,3944
-7622,-1792,-10471,5506,-3416,11860
928,-1824,2208,7342,12212,10960
1097,-1760,-373,3874,18604,4080
-2835,-1824,-1305,5450,18700,724
-7162,-1792,-1615,8694,18740,1016
-7553,-1792,-9209,7558,17120,1956
-8180,-1792,-7518,9338,15580,2872
-4087,-1824,503,13414,16964,232
3157,-1792,-1356,11786,20100,-1700
6742,-1792,-9378,10846,20180,492
1082,-1824,4177,7002,11156,3612
-1919,-1808,13004,3662,24332,-704
7195,-1792,1535,-182,23252,-7140
13491,-1792,11027,-8358,17128,-7020
9623,-1792,17990,-24114,22876,-7884
12120,-1792,-3107,-26258,11740,-7984
8601,-1760,14089,31818,-1960,7256
2400,-1760,21174,-27666,18676,8984
6116,-1824,-5798,-17450,15652,10048
2874,-1792,366,-12202,11172,14416
-2176,-1760,3050,-5778,16444,8276
984,-1792,-2712,-1790,17956,2368
3770,-1792,-4893,-602,16480,1248
1277,-1792,-1471,-906,17120,1088
-1393,-1760,-1024,10,16700,180
1491,-1792,-5263,818,16876,-2344
3899,-1760,-6187,-442,13844,-656
0
9129,-1792,-1289,-6906,4840,-2444
4611,-1776,7652,31817,31236,1112
20324,-1792,2101,31817,32408,-32768
15164,-1792,-2106,31817,32467,668
2687,-1792,15910,23050,21924,-5712
-8805,-1792,-3621,54,5152,3920
-8586,-1824,-10720,5198,4780,9168
-2940,-1760,2161,5298,9360,11372
2856,-1792,7173,3510,13392,8140
4616,-1792,5520,3502,17808,3648
879,-1792,-126,6582,16192,1872
-4595,-1792,687,8142,14788,2872
-6479,-1824,-287,12122,13536,1748
-8352,-1808,-3878,12402,15988,1972
-11544,-1808,-5100,15370,14728,3896
-11927,-1776,374,11422,10976,4488
-5167,-1808,-5879,11018,20648,92
-754,-1808,-3581,5026,13740,80
-1386,-1808,18852,-1610,18360,468
2973,-1808,12344,-634,26492,-4868
10912,-1776,806,-3630,20188,-4960
12759,-1808,12181,-6230,18696,-4516
10751,-1776,12278,-5782,23604,-2376
11223,-1808,-580,-5726,25520,-2008
11328,-1808,-5641,-8730,17796,1576
11280,-1808,13818,-16794,11728,624
15872,-1808,9711,-19506,19632,384
18075,-1776,-12705,-17774,19424,2716
11673,-1808,-3003,-16434,10820,5536
5852,-1808,9276,-11870,12900,5808
2095,-1808,2970,-7138,16588,5460
-809,-1776,-9610,-3890,15948,4408
0
-11680,-1792,3867,-22174,30408,7976
-14973,-1776,-17769,24030,31980,-7152
268,-1808,6466,31817,23324,-3980
3386,-1808,-4542,31817,32467,-2276
5279,-1808,5752,31817,19604,-10676
-1685,-1776,10727,10054,6344,396
-7754,-1776,-12611,7378,3136,3660
-2135,-1808,-277,8814,9060,3444
-2664,-1808,4699,1910,15640,5696
-7109,-1760,-5516,2222,16624,5768
-3263,-1808,-2646,4178,15640,8052
4093,-1792,5985,2618,13040,10420
5381,-1744,2607,3182,21344,6756
2220,-1792,-2844,1874,22172,4788
161,-1792,3197,4378,18576,3704
-1085,-1792,3002,3214,22020,3808
-1574,-1792,-7236,6030,18916,1044
-2798,-1792,2649,8370,12760,916
-7446,-1792,11123,8446,20712,1288
-1447,-1792,-11528,10394,21808,-588
1632,-1792,-2077,6166,12828,-112
1232,-1824,10757,130,13560,-120
5980,-1792,2681,-3650,17428,304
11232,-1760,2522,-9414,12576,1012
13751,-1792,7617,-10490,13644,-1064
28604,-1824,7241,-9042,13500,-4660
30539,-1824,1880,-21498,15100,-2248
24382,-1824,4289,-23538,13252,-6204
18976,-1792,3849,-26498,12756,-7200
9643,-1792,-5025,-24830,16548,-3556
1572,-1824,-6641,-15382,16896,-4512
-4989,-1792,4781,-8186,20200,-3268
0
-30944,-1792,19968,31818,13992,13592
-12781,-1824,-32598,-31026,32467,7240
24387,-1824,-29547,31818,-21144,26004
-9749,-1792,-12609,32654,7884,12532
14576,-1824,6906,31817,21244,-7900
7435,-1792,-32599,31817,32467,7384
3591,-1792,16549,31817,30464,-14000
-2611,-1824,-10547,21818,16560,-7072
-12369,-1824,-12111,3790,5048,2468
-9576,-1824,-8843,-466,10912,9760
-3261,-1824,-3247,534,13080,7072
-522,-1792,-1475,-2518,16040,7164
-42,-1792,-556,-3958,16420,4700
-1191,-1808,3495,-2482,19680,3280
-2380,-1824,1370,-826,19020,2628
-1048,-1808,-73,2102,16696,2108
1314,-1792,-565,4278,16024,3564
2054,-1776,747,4574,14960,3188
-510,-1808,-2332,5010,15788,3940
-4000,-1808,-6336,6674,15452,3920
-5938,-1808,-9030,5990,15076,4368
-6311,-1776,-7984,7178,14628,4840
-4469,-1808,-2362,8410,13780,3976
-746,-1808,-1253,7662,19148,3388
312,-1808,-6858,6598,19064,3828
60,-1824,-3561,5794,15592,2844
666,-1824,4283,3078,17284,2848
1976,-1824,4241,1042,18860,2148
4960,-1792,1276,-878,16808,280
5176,-1824,6989,-4458,21032,3016
5937,-1792,12619,-7174,19284,2456
10387,-1792,8782,-7710,19316,984
0
-11096,-1808,-32598,31818,-3968,17420
-7194,-1808,23231,-32562,-8800,11360
1046,-1824,2571,-17162,-9376,7692
9808,-1792,-2645,31817,2144,-4456
14516,-1792,16371,31817,22500,-20816
13607,-1840,6645,31817,32467,-16124
1907,-1808,3655,2814,28124,-4964
-11049,-1776,-15610,6206,4640,8756
-7174,-1808,-6132,3298,1832,10612
623,-1776,-1423,558,12468,9128
2921,-1808,-1103,-318,16880,5576
129,-1808,-2761,426,17680,4064
-2891,-1808,-4075,1142,17160,3392
-1833,-1840,-4623,3802,15284,2784
-1708,-1840,-3121,5734,15532,2964
-3066,-1808,-1031,7774,16984,3848
-4349,-1776,-2597,7258,17440,4184
-6296,-1808,-3394,8346,17448,4392
-7569,-1776,-3197,10278,18380,4984
-6189,-1808,-511,10810,15964,3288
-2755,-1840,2114,10142,19272,2876
-979,-1840,3233,5610,17108,2024
-1095,-1840,8828,2374,19432,2084
218,-1808,5806,-1806,18732,888
7064,-1808,-826,-5138,17692,2424
15778,-1808,9980,-10446,15244,1456
19539,-1808,16539,-19846,19800,2892
27340,-1808,7575,-28026,16680,-4664
-32559,-1808,9568,-28454,9612,-10264
-32559,-1808,18326,-31862,10716,-3740
9617,-1840,11296,-29630,17460,2828
-10085,-1808,-2254,-15054,24100,5704
0
-23476,-1808,-32199,-16722,-3904,-5612
-32559,-1824,10784,-22738,-23656,-12496
-32559,-1792,28135,6158,12388,32767
-17440,-1792,733,31817,32467,-32768
22952,-1808,-4133,31817,32467,-32768
4814,-1792,-19275,20266,19644,3836
-3197,-1856,-17300,11478,6532,9588
-2150,-1792,-1472,2274,9136,7616
30,-1824,45,-1810,14060,8288
1620,-1824,632,-734,15812,8080
-783,-1824,3274,-574,19988,6468
-1284,-1792,1898,-582,19088,7224
-923,-1824,-2434,-850,17596,6988
1362,-1824,-5284,30,14264,6072
-708,-1824,-2787,-1358,13264,5312
-2601,-1824,-778,762,13728,5412
-1294,-1792,-1395,3394,14720,4836
548,-1792,-1819,5506,12452,4084
1535,-1792,4822,6974,13924,3164
1529,-1792,4953,7730,15968,2812
2740,-1792,-4982,8074,19328,2892
1092,-1824,-2118,6514,13888,3640
-1691,-1824,11489,5238,14328,3228
-949,-1792,2860,4406,21660,3300
895,-1824,-1675,2214,15732,3080
4518,-1808,4316,-66,16352,1280
7864,-1808,5947,-2166,20536,1160
9262,-1776,8039,-4894,19084,1288
10921,-1808,11868,-5898,20512,1696
11773,-1808,7214,-8954,26432,1204
10815,-1808,-1254,-13450,22280,400
12282,-1776,2142,-14570,16512,-1888
0
27092,-1792,219,-27054,-27976,1608
-32559,-1824,31735,-16822,6092,26976
23393,-1824,-23578,18874,32467,13528
8319,-1824,30193,31817,22640,-16576
20494,-1824,20989,31817,32467,-5112
4259,-1792,9593,5690,32467,-11908
-14819,-1824,-9659,15830,16112,2140
-11430,-1792,-11173,11410,-7112,8836
-5699,-1808,-1848,1418,-4116,11072
-809,-1808,6519,-610,8020,10864
3300,-1808,2391,666,24012,7636
1489,-1808,-154,-234,22140,5672
60,-1808,-1002,1130,19732,4160
-1863,-1808,-1375,3526,18932,5004
-2701,-1824,2483,3122,15596,5428
-1955,-1808,3041,4282,17988,5732
-1369,-1808,-4832,6638,19728,3504
-424,-1840,-2997,3842,13224,1676
-3693,-1776,5367,4714,18328,3228
-5954,-1808,72,6174,20060,1880
-3680,-1808,-5406,4626,16236,320
-3630,-1808,6073,598,11888,5128
-1446,-1840,5942,3038,19932,896
6344,-1776,-5019,258,19008,-3084
16170,-1808,16096,-4094,9888,-7340
31544,-1824,25864,-8406,15364,-11108
-32559,-1824,11742,-21862,10520,-9884
16852,-1792,11194,31818,15652,5320
-9784,-1792,5697,-23770,22288,10192
-8036,-1824,-8717,-16602,15836,1000
4948,-1792,-3633,-13082,10976,-432
1523,-1824,7628,-12310,13892,3064
0
12881,-1808,2023,31817,18492,-9352
5624,-1824,11463,31817,32467,4096
6002,-1856,16037,31817,26876,-9600
-2827,-1808,-5827,10922,15988,-4380
-12522,-1824,-1172,4674,2056,-108
-7369,-1824,1807,3834,11584,7300
-4704,-1792,-1179,578,16460,6184
-4275,-1792,2120,-978,16828,6024
-2928,-1824,-267,-1266,16560,4896
-610,-1824,-6093,-1542,15104,5632
817,-1824,-2358,-1154,14508,5144
1239,-1824,1395,-958,18324,3648
1277,-1824,-4661,-682,17780,2448
1176,-1856,-2242,-26,14792,2044
815,-1792,3525,30,16044,1752
-1476,-1824,-4106,2126,20036,812
-3120,-1856,-2471,4290,12300,-144
-5983,-1856,11417,7278,16708,-116
-5345,-1824,-935,9946,20272,-772
-3972,-1792,-7778,6694,14096,1688
-532,-1792,7466,10534,15036,1168
-1143,-1824,16553,9534,20676,-1460
6609,-1792,10149,4542,20836,-3820
10170,-1792,8647,-4970,16952,-2324
10738,-1792,11308,-12018,11880,-3920
13215,-1792,7962,-15290,18056,-2176
14640,-1824,1128,-17150,16456,-1788
14814,-1792,7234,-21202,13756,-3152
11541,-1824,2146,-23486,20528,-2084
5079,-1824,-6790,-21098,15828,-1664
3080,-1792,671,-15370,16080,-2572
139,-1824,294,-9718,21412,-2852
0
-21325,-1808,-32598,31818,12968,18604
-21017,-1840,-31130,31818,-8392,21936
2987,-1776,18607,-29194,-12876,4780
21565,-1840,14983,-7166,10212,14268
17591,-1808,1664,31817,32467,-17392
25527,-1776,15838,31817,32467,-17180
2606,-1776,-3965,28314,32467,-16432
-10250,-1808,-6015,13634,18388,-568
-9281,-1840,-6545,-1390,-516,8036
-2876,-1808,-5001,-794,4880,10288
567,-1808,1591,-1746,13860,8456
1993,-1808,2962,-2266,17968,4748
2554,-1808,616,-3350,17120,3804
3200,-1808,393,-2346,16120,4092
-1489,-1840,-2966,-2906,17748,2604
-3034,-1808,-4069,-1106,15236,2568
-569,-1840,541,262,14520,3260
976,-1808,1686,258,16484,3340
1646,-1840,-2560,350,16040,2604
386,-1776,-3591,634,14728,2788
-1601,-1808,-1709,2718,14740,3044
-2627,-1808,748,4422,15580,3384
-2435,-1776,-3294,7570,21092,1832
-2412,-1808,-4075,9790,16928,2032
-4048,-1808,8018,12434,18164,928
-4796,-1856,15418,17466,22296,844
-7313,-1776,-7344,12854,29120,3736
-12212,-1824,-11564,8830,22204,4824
-12275,-1840,10023,3902,11708,1956
499,-1792,24632,-1778,14496,-3444
16481,-1840,25164,-14658,12208,-3124
31591,-1824,21802,-26158,19308,-4596
0
3460,-1824,8866,31818,18300,22592
-20753,-1824,-20539,31818,31684,7828
10424,-1792,-8129,-7958,32467,14704
-4782,-1792,6603,16822,32467,12392
969,-1824,8356,31817,32467,-9792
7271,-1840,-1883,31817,19132,-8188
3404,-1840,898,13642,3452,-1336
-3525,-1840,-1851,9914,6836,1624
-2319,-1808,-5456,13018,10912,7096
-56,-1840,-998,10190,11384,10056
-453,-1840,141,5614,13876,7712
21,-1808,-609,3282,12316,7664
903,-1840,-724,2666,13268,7000
-1403,-1808,-4799,174,14272,6800
-2094,-1776,-7204,510,11900,6652
-719,-1840,-4607,1182,11420,6624
660,-1808,584,1934,11976,6912
1523,-1808,1656,1810,13544,5932
297,-1840,-2693,2870,15244,4300
-2193,-1840,-1193,6278,14324,4960
-3919,-1808,2326,6638,14088,5476
-4017,-1808,-151,10466,13452,5136
-4124,-1840,-734,12490,11428,4184
-5240,-1824,5119,8334,9428,5672
-7404,-1824,-243,10730,14284,5240
-9819,-1856,-9004,11934,13100,4832
-10276,-1792,9187,16230,12032,3212
-3609,-1824,22669,16678,24872,-1392
5717,-1824,7794,16930,32467,-2804
3282,-1792,25939,8734,32467,-5980
20422,-1824,21745,2462,32467,-18556
31506,-1808,7882,-23622,32467,-7940
0
-12481,-1856,2750,-9098,-4700,4928
8809,-1792,-32599,31818,10924,-5552
28240,-1824,9921,31818,-4312,11488
25877,-1824,4754,31818,-13436,8836
-3682,-1824,14038,31818,7592,-388
-24323,-1824,-10445,32190,8396,676
4243,-1824,31774,19902,32467,-21472
-14640,-1824,3529,31817,32467,-8120
-26756,-1824,-9789,19274,22072,-3340
-17852,-1824,-7905,-862,-15112,12032
-6179,-1808,-4289,-4438,-11300,11760
-5372,-1808,-2834,-11242,6668,8096
362,-1840,480,-10822,6444,-748
5204,-1840,-4676,-16058,11336,14424
-10430,-1840,2359,-3734,16708,4520
6300,-1840,10534,27414,23280,-2108
14240,-1840,-10546,18174,20052,5176
1110,-1808,-3884,19994,20992,6072
3566,-1808,-8129,9690,28516,-308
1023,-1840,-9289,2098,16720,4460
-5061,-1808,-5999,5774,10212,6496
9,-1808,70,6066,10252,7288
3254,-1808,3419,1974,12800,6712
-1964,-1808,1278,-922,13912,5000
-3637,-1808,-5528,2738,15024,5404
-569,-1776,-3451,2050,12712,5808
-901,-1808,-3286,966,14896,5708
-2229,-1840,-4142,2954,15460,3608
-3748,-1808,303,4914,16272,3700
-3794,-1840,3068,7138,16128,4088
-3592,-1840,3061,10634,14164,2448
-4372,-1776,1167,14450,14508,3108
0
-32559,-1776,2658,31818,4636,27088
6302,-1840,-32399,31818,32467,32767
-16472,-1808,-4158,-23370,-5460,6988
-6568,-1840,13832,31817,32467,4628
16631,-1808,23511,31817,32467,4676
25540,-1808,26894,31817,-12884,-24952
-8582,-1808,-6759,17842,25192,-14212
-19333,-1840,-25116,11326,8724,2044
-9764,-1808,-6972,2210,3184,16344
-581,-1808,468,-2194,12292,11696
-2535,-1808,-2265,-1674,21688,3840
-4084,-1776,-4837,-1762,18232,4820
-2040,-1808,-4281,-954,16204,5564
253,-1808,-5069,-1494,16540,6880
12,-1808,1169,-1322,15384,5656
-797,-1808,3016,-3102,16112,6036
3035,-1808,-926,34,15800,5828
2421,-1808,2763,-542,15400,5164
1186,-1840,3657,-238,14508,4516
62,-1840,846,570,16092,5304
605,-1808,-3053,2554,15068,4364
1484,-1808,-470,3486,14192,4212
1537,-1808,370,6134,15112,4600
-412,-1824,-1293,7766,15584,5368
-2620,-1824,-1980,11102,15392,4164
-4349,-1824,-3420,14354,17700,2912
-3872,-1792,-7775,16814,15708,608
-2161,-1792,-10290,18002,14712,404
-3512,-1856,-2578,13134,12632,3220
-6874,-1792,8870,6962,12720,4008
-5741,-1792,4656,3158,17348,2740
-1406,-1792,510,-466,13464,1260
0
7499,-1792,8885,31817,4520,-9040
6809,-1824,-24295,31817,25864,-2728
1402,-1792,-14124,31817,14580,-4432
554,-1792,3978,19530,15444,-1992
-2767,-1824,330,4010,17764,2052
-2357,-1824,-4076,4450,13048,2940
-78,-1824,8608,4490,12888,4592
-109,-1824,4903,2682,18832,3172
-1101,-1824,-4368,1266,15492,2832
-757,-1824,-1522,1706,16700,3564
-491,-1824,756,1498,15888,4224
865,-1824,-1536,3158,13912,2352
194,-1792,1634,3330,14148,3584
-3227,-1824,-930,5190,13760,2604
-2625,-1856,-2681,5258,11116,4732
-1166,-1792,-2955,5298,11548,5364
-2101,-1824,-5779,6994,14040,1980
-5872,-1824,-6372,5606,13340,292
-6292,-1824,-6325,5242,14144,2416
-4200,-1792,-6535,5782,15012,4020
-2640,-1792,1255,2566,15764,2932
-367,-1824,-523,2510,18912,2392
144,-1824,-2961,4422,18400,764
-721,-1824,-528,2846,19276,92
484,-1824,538,4022,17540,864
2388,-1824,1585,5706,17812,556
2258,-1824,1492,6158,19732,4
2277,-1824,2851,6214,19364,-664
3485,-1824,655,6106,20084,-1036
3829,-1824,-2288,4538,20696,-1320
3118,-1824,2660,3642,21696,-236
5728,-1824,7603,1518,22832,-340
0
-4140,-1840,-1908,31818,14428,-16752
-32559,-1824,12010,31818,8512,9300
19546,-1824,-22131,31818,8496,32767
-32558,-1792,-6330,31818,18220,15672
6325,-1824,4776,9786,6860,-32768
12821,-1824,-32599,31817,32467,6732
9501,-1824,4775,31817,32467,-13212
8481,-1824,-9633,31817,32467,-15492
-12546,-1824,-15153,13046,-864,1852
-7884,-1824,-27307,-7250,-12444,13904
2454,-1824,-7818,-4926,9628,14480
5159,-1792,810,-8098,14232,7492
-739,-1856,-1000,-6266,7092,7520
-2921,-1824,-1259,-630,19152,7812
3363,-1824,-11491,8742,23348,3068
11990,-1856,4651,9714,8468,-232
554,-1808,-3053,5910,17004,4744
-10780,-1824,-4399,12842,6420,2772
-7684,-1792,7930,14730,6388,3692
-464,-1856,14436,9478,8188,5032
-4300,-1824,12032,1654,13972,6460
-8035,-1824,-1586,6506,17440,4460
-2931,-1824,-11901,11278,13164,1020
-3272,-1792,5827,9802,12316,3448
-8531,-1808,-1607,15430,22996,1600
-9086,-1824,-6119,13450,14720,-120
-4168,-1840,1006,3426,13112,2216
-2924,-1824,-6841,1658,16392,6176
-4346,-1808,5374,-4766,9308,6872
-1906,-1824,14753,-10230,20080,5720
3813,-1840,1818,-6402,22588,5000
1053,-1824,3670,-8778,20492,3656
0
1188,-1856,17750,854,8204,-10316
29572,-1840,31444,-26714,-1196,-7796
12862,-1824,1187,31818,-2228,14732
-1751,-1824,9018,31818,-8832,3008
-5440,-1792,805,31818,26912,-1524
-18602,-1824,2069,-15714,32467,1156
-22805,-1824,-1552,-11498,27236,-2684
-15071,-1856,-4312,3862,31664,-3340
-23296,-1824,-22400,-4118,30576,2400
-20548,-1824,-9984,-678,8420,-3204
-510,-1824,-9166,7334,23244,-5896
-3076,-1824,-13811,1838,26172,-3380
-5118,-1824,4804,6646,17272,-8368
6014,-1824,-1670,7142,19096,-220
461,-1792,-4938,-2418,11828,6616
735,-1824,18670,14722,15756,996
5166,-1856,3381,15250,25088,4372
-182,-1856,653,14334,17296,992
-433,-1824,-401,9762,20192,1472
1548,-1840,-9037,4094,10712,5924
-1324,-1824,-1092,5394,11192,5532
-565,-1840,1023,5170,16260,5780
1605,-1824,-1784,2818,13236,6108
-343,-1808,602,2918,14092,4060
-1312,-1792,-1067,5326,16920,2272
-344,-1808,-1564,6654,8940,2832
-1778,-1808,398,7898,8432,3372
-3356,-1840,-2257,12366,12968,1964
-3085,-1808,-5172,13858,11600,1204
-2688,-1808,19,12878,11700,3252
-5420,-1840,-3193,8834,16304,3740
-2585,-1808,-4325,7730,15124,3180
0
19664,-1824,-15521,31818,10908,-6608
-6450,-1824,30539,31818,32468,-7348
-8056,-1824,18331,31818,-5140,3024
-20771,-1824,9480,31818,26364,20404
-11683,-1824,8479,-22698,32467,7672
-1466,-1824,-5743,2806,32467,11664
-6988,-1824,90,21754,32467,-3252
5436,-1824,3690,24534,32467,-15520
4669,-1824,-2202,11918,23596,-2372
2102,-1824,-1977,4166,-6244,992
8493,-1824,1012,14078,8512,2080
4003,-1792,-11596,11474,15100,3524
5303,-1824,-3205,13046,9076,472
6485,-1824,4551,13846,25524,-76
2206,-1824,-555,7642,19888,1880
2526,-1824,-2761,4782,15416,3684
416,-1792,-3340,3634,12136,4812
-917,-1792,-4578,7358,15120,2800
-1980,-1824,-3047,6918,14592,3424
-3421,-1824,-3114,5042,10944,4464
-3452,-1824,-1153,5050,11148,3788
-5503,-1792,-3826,3298,13556,4420
-3943,-1824,-1824,3050,13596,3752
-3659,-1824,1249,3238,15200,2160
-5770,-1824,-5721,2586,16536,1112
-6038,-1824,18,4586,15028,1820
-2912,-1808,2378,7602,15268,1000
-5300,-1840,2131,5178,18232,332
-8258,-1840,1706,8870,20292,-2228
-2337,-1840,1675,10090,24280,2348
-3998,-1840,5105,4154,22404,3008
-4134,-1840,4773,5762,27988,-1912
0
22197,-1856,-3707,-26742,-1280,1408
10505,-1824,5187,31818,-12664,4844
10294,-1824,6385,31818,32468,3252
-9252,-1824,7710,31818,-16104,1124
-24925,-1792,11988,31818,2668,-7044
-16658,-1824,10088,-8646,32467,-2032
-18060,-1792,13753,26470,32467,-16332
-5342,-1856,-15687,22718,32467,-6540
2060,-1856,5539,5918,10792,8284
2824,-1792,6909,4206,-352,3180
5644,-1824,2993,11378,10944,-8192
1012,-1824,-4790,9766,23008,-4748
-70,-1824,526,9362,13472,-884
1743,-1824,-5652,2634,9244,5092
-1640,-1824,-5775,2122,12448,4872
-2488,-1792,-2352,3470,16580,5556
1202,-1824,-4701,3418,15780,4908
772,-1824,-2038,2930,18496,3068
-738,-1824,3248,1618,16048,2272
-1018,-1824,-476,1902,16084,1532
-2024,-1824,-4203,2958,16360,2156
-2811,-1824,-1541,2898,13984,2400
-2943,-1856,-2186,3498,12508,2288
-4162,-1824,-4551,6214,14408,420
-5918,-1824,-5007,6346,13236,1596
-5716,-1792,-4689,6950,12632,2288
-4205,-1824,-3208,5378,12824,3872
-6029,-1792,-1359,3874,13980,3988
-5405,-1824,911,6366,16512,3132
-2444,-1824,-755,2618,17272,4332
-3479,-1824,864,1194,18116,4176
-2542,-1824,2809,2582,18584,2108
0
-22448,-1824,-2048,31818,12960,-632
-17190,-1840,-12078,31818,14620,568
-6873,-1840,-5567,-11750,32272,7736
1125,-1840,5657,30038,32467,2236
16665,-1808,7196,31817,31480,-2448
17492,-1808,10014,31817,32467,-13000
-326,-1840,7024,19574,22308,-12324
-4588,-1808,-15076,15766,12284,-1332
-3435,-1840,-11970,9034,10084,3464
-4127,-1840,246,4514,11528,7332
-1225,-1808,-189,2846,14556,5004
369,-1808,-3655,34,17164,3368
-2377,-1808,1299,-366,16676,2460
-2030,-1808,-616,1634,21132,-328
515,-1840,-4840,-806,16256,1260
-3485,-1808,-2003,-838,15044,428
-5118,-1808,-362,526,15432,-804
-3299,-1808,-1351,398,15380,1396
-3102,-1840,-2963,2574,16872,1052
-3325,-1808,1288,4330,15864,556
-1394,-1840,-522,5802,16056,524
-510,-1808,-5714,6658,17328,2216
-1957,-1808,-3250,3866,13564,1416
-1324,-1840,-1853,4170,15908,2864
777,-1808,-3594,5210,16656,3484
-755,-1808,-3602,3786,18956,3028
-1679,-1808,2694,4962,16204,1912
2017,-1808,1684,3570,17904,1364
3077,-1808,-2298,4146,18108,1780
4586,-1808,6204,4474,12388,-1236
8826,-1808,18697,4194,14428,-3288
12384,-1840,3916,1426,25084,-2636
0
-10770,-1840,12647,12362,32467,-10288
-1032,-1840,15951,31817,32467,-12332
12900,-1840,14422,31817,20432,-13512
342,-1840,1172,26670,14296,-14284
-8524,-1840,-11255,10786,17156,-788
-6161,-1808,-13000,226,9688,7164
-2153,-1872,-2304,1166,12268,8696
-1989,-1872,2431,1458,16052,4224
1247,-1840,-2012,1946,15888,2724
-175,-1840,-4939,1478,15888,3408
-3450,-1840,-2558,3030,15720,1852
-429,-1808,-3715,4582,16600,2348
653,-1808,-2884,2822,12872,2868
-917,-1808,972,2026,12712,2956
332,-1808,866,3430,12360,3136
2381,-1808,-1959,4466,12600,2212
1908,-1808,18,4374,14596,1720
419,-1840,-497,5482,15976,1372
-178,-1840,-2071,7818,16524,880
-420,-1808,-2277,8446,15656,328
-3774,-1792,-2695,6594,14848,1272
-4600,-1824,-3374,7602,15140,1348
-2838,-1856,-2460,6214,14592,2312
-1487,-1824,-4760,6618,16984,3684
-1662,-1824,3262,5358,16324,2244
-1361,-1824,7816,4130,19564,900
1938,-1824,-2488,5186,21492,336
855,-1824,3789,1442,18936,152
2166,-1824,11109,882,21832,740
4750,-1792,6967,-942,21308,368
10691,-1824,4828,-2734,18396,-1548
13374,-1824,6872,-4498,21160,-1448
0
773,-1808,-12250,31678,32467,-19384
5697,-1808,16003,21590,18724,-9608
-7865,-1856,4814,14582,32467,-10044
-6200,-1824,-22252,8502,6588,-3988
-2456,-1824,-7229,6206,5912,8176
-6242,-1824,-3861,7706,16740,5856
-1634,-1824,-11484,7414,15608,2888
2592,-1824,-2831,5490,16260,5276
-2408,-1824,49,690,14216,4520
401,-1824,-6507,5942,20988,1320
746,-1856,-2824,3054,15844,3624
-358,-1872,1284,2534,16728,2740
193,-1840,3043,5682,17952,944
249,-1808,-3031,3958,15352,2388
-1667,-1808,-304,3710,12232,2556
-3009,-1808,1036,3434,12644,2012
-3336,-1776,-4395,2698,12080,1528
-4926,-1808,-6219,4074,12676,2348
-6020,-1808,674,4530,12352,2800
-3211,-1824,3299,4706,16780,276
-2188,-1808,-9461,4462,18400,1296
-6274,-1824,1353,2182,10636,456
-5862,-1840,8520,2778,15708,-160
-1124,-1856,-2389,3762,21392,1536
-1210,-1824,10063,2326,20252,628
-2126,-1856,21876,1330,30352,-4168
6604,-1824,-1739,-4118,20948,-2524
1068,-1856,17466,-13222,27164,1128
1666,-1824,4470,-13258,16768,-3952
11610,-1824,-1575,-17606,13480,6100
6533,-1856,2429,-15762,11264,5916
3821,-1824,5248,-12286,14892,-884
0
9445,-1840,25024,21062,32467,-17008
13455,-1840,-13188,31817,32467,-16552
2907,-1824,10533,30746,20368,-11020
-9940,-1808,-9551,13566,14552,-2180
-9000,-1792,-10230,2082,10568,2936
-2374,-1808,-2584,-34,11348,2164
57,-1856,1593,154,17436,252
-2611,-1840,62,922,18260,-1792
-2918,-1824,553,666,18344,1500
-1112,-1808,-1411,54,17764,4388
-630,-1808,-4129,-386,16380,4824
-211,-1840,-2986,318,15172,2804
387,-1824,-1409,814,14804,1484
115,-1792,-2662,3498,12792,1864
-1623,-1792,-1567,4290,12560,2344
-2752,-1824,-2487,7526,15276,2128
-2340,-1824,-3341,9702,15148,1600
-3499,-1824,-1953,9406,17396,2536
-4150,-1792,-3896,10378,19328,1272
-3141,-1856,-3724,11318,20608,1704
-3075,-1824,932,7498,15888,1176
1255,-1824,6038,7030,21076,-1496
6717,-1824,11501,2242,20884,-1132
9430,-1792,11855,-2954,16768,-800
13765,-1840,8873,-6310,21896,-4996
14754,-1808,9460,-15726,15972,-4908
13398,-1808,8011,-26570,15660,-408
8502,-1808,528,-22254,17488,4180
4380,-1808,-6843,-22066,17896,2980
2939,-1840,-6466,-13570,10956,400
0
-3783,-1856,-13870,-25494,6472,8056
-7158,-1808,2937,31818,-6404,8200
4607,-1808,3094,31818,-5116,4248
-8113,-1808,-15660,31818,7200,11684
-13165,-1776,11496,-30162,9200,2412
13049,-1808,4443,12818,32467,7504
-52,-1840,-12354,31817,32467,-1688
197,-1840,7057,31817,29392,-4548
10885,-1808,-4273,31566,19264,-2800
3726,-1808,5183,15274,11920,-1344
-2544,-1808,9078,9682,11208,-888
-1304,-1808,1161,11358,16444,-1540
-493,-1808,-6513,8442,12236,1084
-3044,-1808,4346,6766,12164,1588
-1180,-1840,-985,5706,14656,412
2098,-1776,-5606,5086,11464,2288
-563,-1808,2824,2866,12352,3072
-2077,-1808,2066,3362,15224,1148
347,-1840,-2784,3622,13124,1648
-1203,-1808,4443,386,14796,2404
-3307,-1808,-544,1062,18004,1616
-389,-1776,-7134,2082,15096,628
836,-1840,5040,1738,16788,1072
-460,-1840,1220,1422,21488,-88
-1566,-1840,-11187,6146,19944,-2964
-4574,-1808,-1781,10870,17072,-2088
-5499,-1808,-1718,14246,18636,-1396
-2458,-1840,-11843,19346,19528,-3400
-1719,-1808,-8216,15346,10808,-500
-6357,-1856,10140,10054,14528,2612
-5606,-1840,9227,5662,20036,-116
3956,-1792,-632,-1158,12700,3060
0
-32559,-1808,-9441,31818,-380,25536
-1370,-1856,-25829,31818,10844,22696
-19011,-1856,-3936,31818,-23864,-1912
361,-1792,31434,28702,25456,6708
10678,-1808,31895,31817,32467,-6368
23390,-1824,19305,31817,32467,-32768
-10920,-1824,-4665,3326,23564,-12208
-14820,-1824,-13396,9982,5768,7156
-3342,-1824,-6793,-446,8040,9560
1697,-1856,1199,394,17664,4304
-1625,-1824,-1491,650,18900,-980
-4669,-1792,-3295,206,17756,-80
-2026,-1824,-5748,654,13900,1552
442,-1824,86,-718,13052,3800
575,-1856,1014,1386,15548,1736
917,-1792,-2607,1634,17720,860
546,-1824,-2371,2042,13924,2524
-2200,-1824,1810,2102,15360,2540
-1190,-1792,447,2334,16096,2180
-604,-1856,-1858,3950,16696,1052
-646,-1824,-2492,3990,15716,1088
-1517,-1824,-454,5642,15284,1852
-1228,-1760,-3156,8114,15744,1264
-882,-1824,-4660,5846,13640,1316
-3088,-1792,-1959,6674,15132,3652
-4813,-1792,-1270,8234,17096,3856
-962,-1824,-1146,6754,15652,1496
2543,-1792,790,5626,18048,3172
-2453,-1824,2872,4454,20188,6784
-2836,-1856,2183,6482,18152,1272
7690,-1792,6375,5402,15424,-1696
12817,-1824,17381,2714,17544,-144
0
21212,-1744,3884,31818,21764,572
27198,-1744,-8148,31818,32467,32767
-17204,-1744,-7130,-24778,11892,-1688
732,-1776,26561,31817,6464,5060
9629,-1744,-9129,31817,32467,3520
-3380,-1776,888,31817,9172,-11668
-9823,-1792,-20367,-634,-11936,3392
3014,-1792,-5931,3938,7040,3260
1066,-1760,4507,-3594,23324,-5900
-1610,-1776,-2173,-214,12020,2528
-2518,-1744,558,-2046,15752,3004
-8673,-1776,-4777,818,15840,-328
-7847,-1776,-12148,3242,15524,200
-7999,-1744,-8676,2306,14548,3088
-8344,-1744,-5394,3658,15032,3812
-7946,-1744,-6250,2830,14428,3472
-8218,-1744,-6505,3858,15652,4512
-6515,-1744,-4533,5962,15540,3668
-1568,-1728,-6655,3318,15312,1800
-662,-1728,-7387,4770,16784,5064
-3983,-1760,-4453,7166,17376,5604
-5615,-1760,-3436,7314,14704,3672
-3631,-1760,-2354,6390,12652,2600
-4231,-1760,341,7522,16816,4672
-2654,-1760,4965,6082,15596,3372
2937,-1792,9325,4414,15836,2220
5031,-1792,9011,-974,17668,3488
5643,-1760,6370,-4158,18828,3548
7991,-1760,7077,-10042,12292,3208
10947,-1760,14069,-11806,14284,2436
0
-32559,-1776,20661,31817,4912,-700
28154,-1792,16187,31817,32467,-24480
-13550,-1792,-435,2770,32467,-20292
-15506,-1760,-20899,25394,-8188,13560
-2037,-1760,-3227,3718,-6464,14696
-366,-1760,4616,-2086,8692,5092
-810,-1760,-4663,-1150,19444,412
-1108,-1760,-5870,-14,19436,1464
-1137,-1792,-2293,-1766,17424,4748
-4166,-1760,-1194,-1202,16840,2848
-3737,-1792,-3339,-394,14080,2788
-30,-1760,-4197,926,13168,1400
2047,-1792,-646,-670,13992,1648
-1000,-1760,2516,-1202,17504,2124
-2008,-1792,-4468,2666,18628,208
-2865,-1808,923,3322,15236,328
-4513,-1760,7250,3822,15888,3668
-2566,-1776,-2230,8374,19984,2460
1337,-1760,-11409,7150,15452,1448
-1886,-1808,-4557,5530,15120,5208
-4262,-1776,-4077,6138,16988,4744
-784,-1776,-5514,4790,15052,2188
5296,-1744,411,966,13760,304
7968,-1776,8273,-4742,15840,1060
10382,-1776,11360,-8454,19284,-2008
16746,-1744,11379,-11670,21008,-3484
18375,-1776,10503,-17142,13784,-516
12001,-1808,14821,-25014,10556,1748
9907,-1792,10843,-21278,15052,796
13653,-1760,-8268,-19718,19724,868
5953,-1792,-2356,-19694,11440,1884
-1911,-1760,4313,-14230,13884,-540
0
-5951,-1760,10795,8634,32468,-12344
-32617,-1744,197,31817,6672,8140
20533,-1760,-7083,31817,32467,-32768
-12290,-1760,13580,-21950,32467,-23648
-11248,-1792,-27468,20266,7436,17536
-2291,-1760,10391,302,1444,11404
892,-1792,8679,1938,18336,-8
-3845,-1760,-5783,-142,16804,1248
-4603,-1760,-8250,-1294,13828,4980
-614,-1760,-1355,-50,12048,4184
-287,-1744,1369,-1574,14292,4124
-3104,-1776,-3413,-1506,17556,3200
-4151,-1776,-6891,206,14952,3196
-886,-1808,-1192,1086,10612,5728
3312,-1776,1347,858,13960,4156
440,-1776,-1287,-342,18932,4236
-5090,-1760,-3286,3210,17404,3816
-3210,-1760,-3616,8914,16180,1672
3,-1792,-4953,6686,13348,1740
-1835,-1760,-4433,6870,13856,3348
-4635,-1792,1088,7778,13468,4632
-4483,-1760,157,4770,13356,3252
-2706,-1760,-220,3442,13600,2240
-3034,-1744,3334,1970,13992,4724
-4363,-1760,6426,-3410,13288,4424
-1232,-1776,5436,-5146,21392,3912
-707,-1776,1069,-8774,20888,6740
152,-1776,5466,-10726,17660,4620
7307,-1776,9488,-10762,20064,2364
10068,-1744,11401,-13386,20180,4520
6516,-1776,10406,-14482,18360,5004
4389,-1760,6528,-12238,19008,3336
0
-27219,-1792,-16313,31818,32467,20092
1708,-1776,-32598,-26598,15788,16632
17739,-1776,14957,32514,-17344,17220
-2209,-1808,21194,-23546,-14260,8040
20362,-1760,-12390,31817,9408,-7032
29865,-1760,15506,31817,23644,-5220
11024,-1760,1736,31817,32467,-26252
-11662,-1792,-2066,-15558,27180,-9280
-10756,-1760,-25868,15078,-9984,12708
118,-1760,1384,-330,-660,10412
1472,-1760,3412,-2662,15852,2624
-3029,-1760,-5660,-1442,18616,1940
-4385,-1760,-7481,1466,16308,3404
318,-1776,-2494,4234,12392,3064
-2526,-1792,1328,2094,14452,4344
-4042,-1808,-7020,6362,19820,4924
-2234,-1776,-8396,8234,13828,3008
-1773,-1744,1400,5350,17668,4484
-1099,-1776,-1886,7706,21260,2944
2040,-1808,-3350,6714,17376,2004
3276,-1776,6863,3826,18220,3964
668,-1808,2119,-3362,18812,6088
-823,-1792,-1313,-5538,16248,5480
2221,-1760,5473,-11286,12560,3984
10490,-1760,9954,-14626,11920,1892
17634,-1760,9220,-19526,14928,1368
15897,-1760,6427,-19934,17128,3332
9927,-1792,813,-18162,18992,3056
5196,-1760,-1805,-16018,17500,1940
1878,-1792,-898,-13998,15524,2336
0
8860,-1792,-32598,32602,3400,11816
16217,-1776,-32599,31818,-26712,17260
-879,-1776,3047,2334,32467,-9452
31625,-1760,-280,31817,32468,3724
22553,-1792,5140,31817,32467,-7884
8036,-1760,-526,19290,32467,-32768
-15748,-1792,6793,-15966,24036,4248
-12719,-1792,-24655,11670,-9776,14272
520,-1792,5306,1410,56,12596
4872,-1792,5786,-4970,13256,3844
-154,-1792,-3774,-3698,17932,1296
-1205,-1744,-3176,-1602,17572,4784
-362,-1808,-2973,714,16852,4344
204,-1776,-1083,2290,16600,1948
-1616,-1808,-3899,4038,17972,2524
-4517,-1776,-9129,4814,17300,3976
-5924,-1776,57,8478,12932,4300
-1941,-1776,3535,11102,17624,2984
1510,-1808,-3351,8402,17832,4092
-2833,-1808,1315,8066,12372,4400
-4900,-1776,10970,4774,14512,4640
-3264,-1808,791,2110,19388,4068
-603,-1776,-1632,-882,13316,5256
776,-1808,11851,-6006,12364,4640
6184,-1776,14316,-8982,13780,1100
16804,-1808,15197,-10538,14880,-1152
18712,-1792,15038,-11666,16384,-644
18366,-1760,15296,-15922,21444,-3252
23964,-1760,6145,-18886,25748,-6960
22759,-1792,-4073,-22238,23484,-5164
10788,-1760,962,-20522,20000,-3628
786,-1760,3826,-14022,20900,-2808
0
-21777,-1808,-9217,31818,32467,5424
-26669,-1776,-32598,31818,14672,5792
-15764,-1776,2221,-29166,-13028,-784
360,-1776,10756,-7634,-8780,6236
16511,-1808,15962,31817,27556,4316
-32559,-1776,5139,31817,19612,-23488
1992,-1776,6676,24722,32467,-19076
-14063,-1792,-19079,2826,15236,-2348
-98,-1792,-803,1466,16468,2360
-1498,-1792,371,1642,18136,2084
-1592,-1792,-4545,-330,19304,3596
-1229,-1792,-4879,-2142,13692,3896
-444,-1760,-2088,1990,17932,3092
-12,-1824,-2616,3894,17780,1800
-1203,-1760,-5178,3470,16960,2072
-4276,-1792,-5633,5066,17336,2648
-6615,-1792,-3658,5558,16064,2460
-5829,-1792,-4284,5394,17924,908
-4735,-1760,-7446,6670,19284,1668
-3979,-1792,-3650,4882,14856,1952
-1492,-1744,3654,4350,17480,-104
332,-1792,6817,782,19156,852
319,-1776,3450,-3018,19588,1768
1155,-1792,7732,-6994,15220,1480
7874,-1776,15576,-10718,6124,-2892
21635,-1776,19028,-15522,26848,996
16521,-1744,6217,-25982,6196,7444
11708,-1808,2134,-16666,11016,2380
14082,-1776,-2115,-18282,11832,1672
8998,-1776,1700,-20442,11592,2248
0
-7743,-1792,-32598,31818,13968,25848
-2350,-1792,11194,31818,-28148,28868
-5626,-1776,-9513,31818,5352,16888
5802,-1776,25277,11610,-16900,-2916
27519,-1776,12764,31817,19076,-14592
18322,-1776,-1489,31817,32467,-23984
1589,-1776,12724,17182,19732,-12336
-7507,-1840,-10429,-118,4124,8316
-6997,-1760,-9197,2810,-2380,9448
451,-1760,-2722,1022,3528,6916
5860,-1824,1452,302,21556,2616
808,-1760,-4546,-482,27176,-360
-7499,-1760,-7297,4058,21924,-2384
-7725,-1792,-6063,7378,16480,-2292
-6848,-1760,8642,13934,19252,-940
-6297,-1824,4478,13450,24172,-296
-2827,-1792,-13052,6678,16480,-52
-6395,-1792,10810,966,5452,4600
-2266,-1760,-32599,-9942,12556,-2332
21141,-1760,10968,-17978,15740,5300
20215,-1760,24484,31818,496,3880
18887,-1760,20449,31818,18864,4548
13598,-1824,-14159,-31290,19656,8148
8966,-1792,1201,-19482,16004,188
2969,-1792,4589,-12238,24136,-6308
-3275,-1760,-4488,-4694,22748,-6360
-4871,-1760,-6143,550,13768,-1920
-3767,-1792,-1342,1226,14300,580
-2075,-1792,-1922,38,13708,892
1239,-1792,-3336,-86,14328,-516
0
23272,-1760,-32598,31818,5828,32416
-12956,-1792,14266,31818,1284,18380
3155,-1760,-1678,-6978,-6208,-8840
12373,-1760,8728,31817,32467,-13296
15775,-1728,18944,31817,32467,-26088
9373,-1792,1621,31817,32036,-12924
-13259,-1792,-17063,8054,11636,356
-10271,-1792,-10297,-494,5552,8852
-1624,-1792,-3242,502,13472,7992
338,-1792,2528,-3410,15768,5068
-4212,-1760,-341,-2574,17476,156
-6135,-1760,-895,374,20884,-72
-3894,-1792,-5723,1242,18292,1828
-361,-1776,-6553,4002,17468,2776
-901,-1776,-5121,5622,16444,3212
-1978,-1776,-1537,6210,15844,3512
-2630,-1776,-2923,9954,21468,2528
-3996,-1776,-10278,11494,19152,2292
-6824,-1776,-791,9306,12436,2048
-7602,-1808,11375,10130,16736,1452
-5985,-1776,4690,5374,15616,428
-2192,-1776,4060,6422,12216,-924
411,-1808,20963,-2706,-2696,3352
6474,-1776,-32599,-2090,1208,-64
-32559,-1776,32171,-8706,26592,-7024
-32559,-1776,14571,31818,20524,-6232
27766,-1808,18176,31818,32467,-9008
-5118,-1808,-13897,32666,32467,-6488
-6383,-1808,-26350,-12858,15420,-10036
-2146,-1776,216,-190,8664,-5020
-3143,-1808,6827,4598,17272,-788
-4196,-1792,-8962,6906,18428,-764
0
-11887,-1760,-1502,-1518,31460,2756
-13976,-1824,-21212,8598,-3504,13688
-5400,-1792,-4521,1038,576,15116
3373,-1792,4539,-5558,10172,9400
2956,-1792,-1154,-4582,20204,2388
-1135,-1792,-4601,-3862,18816,2652
-706,-1760,-5338,-2714,15688,4696
-266,-1792,-3949,-1470,15344,4200
649,-1760,-1518,-2098,12696,5608
442,-1792,-1007,-2886,13532,6056
221,-1824,343,-2862,13548,4116
85,-1760,1740,-3370,17520,4320
582,-1824,132,-4058,14492,4840
16,-1792,-542,-2810,14180,3988
-174,-1824,8,-582,17024,3060
-106,-1760,-3699,3458,17024,1132
-1506,-1744,498,8758,18440,204
-4319,-1792,-514,13094,20208,224
-5981,-1808,-10813,16206,17456,1024
-5629,-1792,-6350,18214,10340,2852
-7682,-1776,8359,11750,13648,5216
-6167,-1824,8825,4146,14688,4528
-716,-1792,9189,-4386,12812,3652
4030,-1792,20335,-16378,15052,6212
12338,-1776,15907,-19290,17904,1476
19493,-1792,18755,-23114,16456,-1128
16692,-1776,16888,-23338,22112,1096
6429,-1792,4690,-20314,23552,2860
-169,-1776,-4411,-14342,20064,2012
-3791,-1792,-7066,-10766,17924,3100
-7541,-1776,-8000,-6826,17808,4348
-8642,-1792,-7624,-2410,16528,3216
0
2803,-1760,8826,31817,24068,-15396
13048,-1760,-8046,31817,32467,-19992
-2164,-1792,-5262,28302,10948,-2076
-10036,-1760,-10331,2422,3604,7996
-2614,-1792,-4346,-1470,8804,10752
3253,-1792,-82,-4522,17112,4864
1496,-1824,-713,-7522,22296,280
-3522,-1760,-1843,-6606,21296,-648
-5045,-1760,-4972,-3526,19020,216
-2562,-1760,-3913,-562,15220,876
-224,-1792,-2921,2126,15824,2112
-475,-1792,-761,3938,14236,3656
475,-1792,530,6682,13888,3152
335,-1792,2928,7802,13116,2648
-947,-1792,3136,9634,13792,3084
-4314,-1824,-3306,9374,16496,4712
-7025,-1824,-6804,11110,13876,3220
-4528,-1792,-1261,12274,16220,1160
-1851,-1792,5033,8650,19352,-156
1513,-1792,-1633,6218,22856,-3408
5345,-1792,6363,3114,21632,-5696
12965,-1792,20010,-10234,21156,-9188
23455,-1792,19126,-16582,25056,-7616
28716,-1792,11171,-17270,23136,-3864
27376,-1792,14747,-22710,24776,-3428
21062,-1792,8450,-24074,26896,-544
12145,-1792,-5320,-18798,22292,2092
5691,-1792,-8956,-13262,15312,1972
2686,-1760,-4755,-7442,14576,1988
670,-1808,-4803,-2330,16336,2856
-2256,-1776,-10427,1442,18780,3192
-3321,-1824,-11682,3310,15420,2120
0
15141,-1808,-10478,31818,6516,23156
17811,-1792,866,31818,12316,28764
-1061,-1824,-23220,-16334,18836,14036
23730,-1808,20440,31817,1124,-19904
18720,-1792,25518,31817,32467,-8076
6811,-1776,-355,31817,30092,-11804
-2236,-1792,-402,31817,16764,-4480
-7948,-1776,-10810,5614,8992,5972
-5002,-1792,-7420,-8222,4976,11148
-270,-1808,189,-9726,9132,10388
1854,-1776,1228,-8674,13688,6164
1917,-1808,3552,-4062,17032,2100
616,-1808,3310,2626,21640,1348
-1932,-1776,-999,7970,21036,2036
-2354,-1808,-2260,10274,13812,1988
-3984,-1776,3520,9210,8776,4052
-7469,-1776,6684,10710,10924,4696
-7586,-1808,4265,15350,12788,1596
-2801,-1776,829,15002,15924,-2024
-3895,-1808,6234,9318,19856,-1256
-10561,-1776,12684,2186,20248,-388
-7208,-1792,2243,-546,23520,-1516
-598,-1792,-2658,-3818,18252,1348
8949,-1824,20493,-11130,13048,-3720
26273,-1824,30398,-14582,23852,-9076
-32559,-1792,12954,-17646,31748,-4304
25378,-1792,3170,-20066,23504,-328
13681,-1792,3098,-18102,21372,496
8050,-1792,-5632,-14642,20440,40
3478,-1824,-9809,-11430,17076,2588
-3537,-1792,-1175,-6742,12836,3332
-7717,-1824,1491,-974,16604,1820
0
3374,-1760,-23590,31818,-1608,16768
-7521,-1792,3697,31818,696,19144
3849,-1760,-17264,6866,-15000,-5080
29549,-1760,-32599,31817,13972,1572
25403,-1792,9611,31817,32467,-22816
-8281,-1824,-11425,6226,32467,-12544
-11999,-1792,-19302,14330,-1220,9756
-2643,-1792,423,-1326,-3616,11892
1396,-1792,2558,-3558,7496,6136
-645,-1792,-3880,-726,18252,1220
-3266,-1792,-5480,1182,18416,3072
-1145,-1776,-7652,582,15500,5488
4780,-1776,-3060,3094,13512,5424
4730,-1808,905,3026,15680,5064
-572,-1808,-3502,3210,15452,3708
-4797,-1808,-8501,4550,13040,3932
-5254,-1776,-7261,9846,12356,1612
-3106,-1808,-5117,13346,14304,1312
-3941,-1776,-1345,13822,17756,2420
-6771,-1808,-4510,12750,16640,3672
-6885,-1776,-2470,11802,15544,3768
-4832,-1776,8221,8526,15980,3936
-2338,-1808,8212,1838,17592,3556
1284,-1808,4825,-962,20848,3984
5002,-1808,9579,-11246,18472,1564
12197,-1776,17293,-17942,21440,-1104
17929,-1776,13158,-30506,24544,-2268
18797,-1776,4512,-31294,20016,904
14521,-1808,5783,-25974,15984,5288
8242,-1808,3975,-18510,15304,6564
2897,-1776,-850,-10570,15304,6200
-2370,-1808,-4679,-4406,18148,6784
0
6486,-1760,-32598,31886,29316,16892
22644,-1824,-26889,31818,-10040,18956
3571,-1760,-6188,31818,5804,13008
-1325,-1824,-6230,12294,11376,-6288
14331,-1760,24206,31817,32467,-5332
8009,-1792,14173,31817,32467,-5936
1461,-1824,-6204,29874,16624,-2584
-2198,-1824,-10798,7514,12200,4116
-5163,-1792,-11667,-902,9464,8104
-2484,-1824,-4214,-3958,6828,8084
1728,-1792,-244,-1618,12492,5444
3355,-1824,972,-1682,16796,4264
-1650,-1792,-2240,-1710,17084,3320
-5347,-1824,-1308,-62,14156,4092
-5213,-1792,-2576,5214,16268,3168
-4144,-1792,-4797,6290,14312,3684
-3866,-1792,-3163,9310,12156,1920
-6051,-1792,830,10646,11688,988
-9279,-1760,-1621,13578,18368,1404
-9238,-1792,-12275,15394,17524,608
-8260,-1792,-6641,12346,12324,788
-8607,-1792,10852,10406,16896,3564
-7759,-1792,9857,5654,24096,4580
-5007,-1824,4393,-414,22676,4228
2208,-1808,10604,-5978,17568,2452
11026,-1792,18795,-10670,20336,1708
17323,-1808,26300,-15122,20840,700
22079,-1776,25713,-17582,28120,-1864
24142,-1808,7116,-17338,28676,-900
16986,-1808,-3299,-19130,21088,2520
6191,-1840,868,-15554,15856,3208
-682,-1808,2020,-9066,18536,2892
0
-32559,-1824,-32599,31818,-22884,29200
26203,-1824,-9709,-31702,32467,25888
1188,-1824,-32599,31817,21584,-28924
-1136,-1824,-20,31817,32467,-11376
-13430,-1808,-8822,31817,-1568,4160
-11150,-1824,-12833,4594,-3544,13700
-3051,-1808,-6260,-690,1588,13704
4270,-1792,1771,-2010,11172,12168
4002,-1808,5221,-1986,17344,5828
1094,-1824,2328,-3534,19292,1072
-1708,-1808,-1437,-2850,20800,508
-4331,-1824,-4445,402,19208,1576
-5439,-1808,-2982,3926,16592,2448
-4638,-1808,-1300,5262,16148,3444
-3505,-1808,-3660,7250,15908,2984
-2857,-1776,-10658,8986,18392,3184
-5929,-1808,-9056,8126,13436,5716
-7218,-1824,-586,8838,12656,3848
-4155,-1760,8406,8494,15940,2572
-2708,-1792,7378,4910,19712,3708
-956,-1792,1311,906,20444,4032
-418,-1824,11861,-3798,15600,3324
5272,-1792,15677,-6542,19244,660
15709,-1824,5971,-10278,19532,-984
19790,-1824,9389,-12534,16896,1264
18731,-1792,18482,-13942,22072,72
19830,-1824,8630,-12842,24784,-1344
19611,-1824,-2397,-13534,20392,476
12922,-1824,2200,-13042,16072,1864
6645,-1792,2784,-10082,17288,1208
6169,-1792,-4592,-5474,16360,148
0
28121,-1824,-3081,15814,11616,6644
10984,-1792,-409,-19058,-32340,25284
9106,-1792,-4775,31902,32468,432
-1369,-1824,-6183,-26434,31460,-11400
-7136,-1824,12275,31818,30308,-9692
-9539,-1792,25116,-31778,3776,-4432
-9409,-1792,10474,-15998,19024,1800
-11593,-1760,10499,-6922,32467,-12344
-14053,-1792,2150,3934,32467,-5756
-13514,-1824,-8640,3022,17900,-2556
-9491,-1792,-2503,9994,21776,980
-4360,-1792,-2359,12890,21004,5840
-1606,-1792,-1919,5870,14344,4580
3880,-1824,1005,3230,13420,-68
902,-1792,-2861,-2154,19796,3132
-869,-1808,-5552,-5970,15640,5544
4288,-1808,-4805,-5294,11316,6540
3468,-1776,4370,-4126,15304,5152
2212,-1808,-1068,-3490,18460,3872
3671,-1808,-3270,-2890,15760,4364
2323,-1808,2149,382,18360,3248
3905,-1808,-2788,754,16436,2564
3657,-1840,-285,1642,17660,2216
1926,-1776,596,2670,18752,1128
2747,-1808,-4409,2270,18464,1252
2424,-1808,-2734,4250,15800,1536
1274,-1808,-306,3894,15544,1504
490,-1808,-1833,5882,17052,1504
-1947,-1808,-5962,7474,13992,2048
-4505,-1808,571,11490,12440,2064
-3951,-1776,1293,15934,13412,1048
-2987,-1776,-5091,13982,13004,2728
0
-8626,-1808,4528,10530,32467,4124
2479,-1792,-3075,31817,32467,6324
222,-1808,6402,31817,31656,3236
5618,-1856,9949,31817,19980,-7748
581,-1824,7857,23998,11572,-9284
-3645,-1824,8751,7642,4428,-2496
-829,-1792,-2433,8186,9096,1616
-3070,-1824,-3085,5934,12820,7292
-3801,-1824,3503,4274,16724,6624
1544,-1792,-356,4174,20772,6788
922,-1824,-697,1122,17948,6496
-756,-1792,319,1330,16432,4316
313,-1824,1545,3898,16632,1544
-1594,-1760,328,1850,18228,1220
-3531,-1824,-2296,1498,15832,2756
-3511,-1824,-2168,2602,13064,3564
-735,-1792,1206,3974,15920,3260
-2810,-1824,-3591,3126,17764,4080
-4063,-1824,-5060,5402,13156,3000
-2595,-1824,209,4990,12992,3116
-645,-1792,-3740,5082,16984,3688
-3898,-1824,-5352,4642,12684,2516
-4301,-1792,3306,3270,14732,2172
-1048,-1792,-1469,2642,16244,3208
-970,-1824,893,1878,13528,3300
-197,-1824,3368,1434,16652,1648
2510,-1792,2282,658,17620,1504
3700,-1792,3653,1062,17840,1264
3750,-1824,2754,-366,20752,756
4730,-1824,-375,-674,18980,136
5825,-1792,1507,-1006,19100,1268
7485,-1824,1109,-1254,19500,1092
0
-17966,-1824,8650,31818,-4152,3676
-10528,-1792,7428,-25766,32467,-10864
-8000,-1792,13286,24322,32467,-16736
-15065,-1792,-8564,30226,32467,-6584
-18080,-1824,-7700,16346,18768,4708
-12379,-1824,-10222,2246,3860,6388
-1633,-1792,-1623,-682,3580,4132
2972,-1792,-3975,2678,15984,400
5921,-1824,-1763,1214,9972,1344
1137,-1792,2509,614,11556,3692
536,-1824,75,9110,14728,-824
2921,-1792,-7330,10390,17476,4200
-276,-1824,4106,11442,14880,5816
-910,-1760,3922,12690,21576,4496
2497,-1824,-2835,8982,18792,5172
2582,-1824,3182,7422,14412,4292
-880,-1824,5912,7422,17744,3532
-275,-1824,-4576,6058,14892,3924
-85,-1792,-6078,4678,10800,4240
-2268,-1824,-1603,4018,11396,5140
-4902,-1824,-5880,3970,13308,4272
-4470,-1792,-8655,5642,10824,3764
-3428,-1824,3038,7930,11352,2928
-3582,-1824,6672,8146,17084,2312
-3725,-1824,-2269,9170,17940,456
-5504,-1792,1704,7450,16624,100
-7189,-1824,14165,5046,16780,1864
-2789,-1824,1511,1566,18228,1032
-398,-1824,-1403,-746,16900,3096
-2657,-1824,12082,-3510,17936,3864
2868,-1792,16237,-2478,18948,-160
13157,-1792,6908,-4718,23280,-280
0
