4455,-1472,-26642,15994,32467,-2392
3803,-1472,-3393,25910,25016,6536
3508,-1456,-5600,24534,16040,712
-1763,-1472,11555,23390,14236,4540
-2612,-1456,19933,20686,16944,1568
-193,-1488,710,17334,16776,2152
893,-1424,-7697,14806,8008,3116
-96,-1472,-2964,12654,6544,3544
-122,-1472,2690,13870,3324,2080
147,-1440,5326,14630,5864,3096
1206,-1488,4686,14634,5108,2284
325,-1488,2274,14870,6240,3044
-378,-1488,-38,15198,5068,2504
-796,-1472,-809,15698,4412,3256
-326,-1440,262,15894,3176,2984
-351,-1488,1129,15474,4292,2852
-619,-1456,-853,15398,4868,2688
-1020,-1456,-1765,15526,4140,2896
-584,-1472,43,15330,2904,2628
-583,-1472,40,15434,4700,3096
-881,-1456,45,15466,4696,2928
-577,-1472,-272,15690,3608,2692
-725,-1472,361,15478,4160,3008
-1063,-1472,-199,15898,4688,2880
-616,-1488,168,15714,3892,2712
-449,-1488,976,15494,4752,3328
-673,-1456,-793,15478,4728,3164
-326,-1440,-62,15442,3492,3140
1
-8217,-1488,-28314,31817,32467,-13880
-15325,-1488,-28204,31817,32467,-8364
-17963,-1488,-30555,31817,32467,-20580
-8732,-1472,-32598,31817,7060,-18436
-7007,-1504,-25924,31817,-25216,-15184
-5926,-1472,-17005,31817,32468,-6276
-3162,-1488,-12622,24610,-29928,-1808
-3448,-1456,-3192,13098,-21444,-2384
-1011,-1520,11970,5194,-4588,5724
6193,-1472,17190,3866,-3920,6204
14148,-1472,14393,5110,-1388,4460
17265,-1472,14107,5946,-672,804
17662,-1488,14726,8278,1140,-804
14984,-1488,18417,12010,6128,-1132
15830,-1488,19421,17058,19204,-4380
7960,-1488,-2583,19006,32467,1884
1950,-1504,-13678,21678,26468,-2844
4457,-1504,725,31018,28856,164
6791,-1504,6614,28866,28472,704
6657,-1456,6988,23734,22260,568
3404,-1520,6420,18598,16588,-136
-40,-1520,4985,17486,14452,876
-297,-1520,2048,16542,11216,-232
535,-1504,972,15318,9972,984
383,-1472,858,15150,9004,1568
77,-1440,1004,14690,7952,1944
216,-1520,868,15078,7252,1452
847,-1456,2386,14778,6096,1904
395,-1456,2406,14386,7108,2260
-522,-1472,22,14962,6296,2236
-29,-1472,330,15266,5320,2444
-15,-1504,666,15390,5412,2312
1
4182,-1488,-30503,31817,32467,-10420
-2819,-1504,-30302,31817,32467,-7120
-1011,-1472,-32060,31817,27552,-16316
2409,-1504,-32598,31817,3984,-16712
674,-1520,-16482,31817,-23536,-14472
-8227,-1488,-11804,27014,-19620,-10748
-6884,-1488,-7004,20822,-14500,-4832
-7386,-1504,4553,13858,-13508,-1096
-744,-1504,15440,8454,-5992,2296
2198,-1472,4891,4490,-3328,8324
6748,-1504,1730,4818,-7408,7668
14198,-1456,21549,6966,-11804,7440
22373,-1488,16442,9238,480,820
26090,-1504,6574,10986,6952,432
18762,-1504,1281,11578,9288,1112
14886,-1504,11473,19526,27540,-5912
7207,-1520,28501,22046,32467,-1688
1881,-1488,-32598,13062,32467,-2308
-5063,-1504,-18017,16222,9628,876
-3043,-1504,27511,28722,15480,4120
1362,-1472,-181,26894,30620,1740
3449,-1456,-13243,23342,12132,-592
-693,-1520,12724,21826,8880,2336
-290,-1488,26116,22058,15080,1388
4668,-1504,13991,18386,14360,-864
8586,-1472,8443,15606,10076,392
2933,-1504,4300,13782,9316,3088
-1684,-1520,1769,13058,7104,2128
-1749,-1456,-968,13210,6180,2064
-1708,-1520,-1656,13922,5400,3324
-2177,-1504,1169,14770,5496,3112
-1764,-1472,2890,15362,6532,2616
1
4675,-1488,-32598,31817,32467,-12800
163,-1504,-32598,31817,32467,-7200
699,-1504,-32598,31817,28472,-19404
5274,-1504,-29862,31817,-1184,-17980
4656,-1520,-12046,31817,-24136,-15092
-4498,-1520,-17905,31817,-27816,-10232
-6791,-1488,-15282,17998,-29956,-2200
-6423,-1504,5774,11346,-13440,2760
-343,-1504,13593,3126,-2820,1472
2890,-1504,16466,-1318,-1068,5356
8029,-1504,12749,1198,-4264,7420
11210,-1472,11899,4038,-7508,5460
15469,-1488,16099,7298,-4204,3324
14942,-1488,12020,12302,-1132,2104
12837,-1520,14152,17922,2048,1116
9352,-1504,4584,21638,10944,1280
7444,-1504,1103,31817,28804,-8736
-5576,-1504,10751,31817,32467,-1160
1082,-1488,-2524,31817,32467,-656
-1179,-1488,-2997,31817,24712,5332
-2194,-1488,16181,25206,16992,-80
-1334,-1504,12360,18954,22336,1248
97,-1536,-4086,17074,13416,2024
1812,-1504,-294,15526,4664,2880
2252,-1536,8498,13218,7380,3020
662,-1488,1796,14242,8320,2172
224,-1504,499,14882,3868,2696
1011,-1520,5854,14930,4412,1684
464,-1488,4085,15378,6612,1720
-710,-1504,-1852,15646,4852,1828
-177,-1504,1765,15798,2136,2508
634,-1504,2584,15646,4324,2660
1
966,-1520,-23075,31817,32467,-10684
-2732,-1520,-19990,31817,32467,-6400
-7290,-1520,-32598,31817,32467,-15156
-5672,-1504,-27331,31817,6212,-12660
-6411,-1472,-22407,31817,-5136,-13616
-16085,-1504,-22675,31290,-18168,-8140
-16188,-1472,-15842,17338,-18588,-1584
-7656,-1488,823,14254,-27108,96
-770,-1488,12519,9702,-10284,4144
780,-1520,2530,7230,-5380,5652
1027,-1504,11212,5050,-4500,4712
7260,-1504,14610,9190,-5948,1400
18096,-1472,14925,13566,-6068,-296
20310,-1488,16099,15694,-4936,1588
23659,-1488,18258,22846,-1496,-3788
26960,-1488,14699,27322,7572,-2676
27890,-1536,2867,30578,31244,-14968
8213,-1504,22325,31817,32467,-2668
11713,-1504,-6578,31817,32467,-7952
6268,-1488,5983,31817,32467,2232
1579,-1520,14489,31817,32467,-916
4433,-1488,14870,23878,31308,-1300
4673,-1504,2230,15326,17728,1388
2219,-1504,-625,12798,12268,2856
777,-1504,-2770,13298,8852,2644
171,-1504,66,13638,7220,2088
-775,-1520,924,14746,7028,1364
-381,-1520,3541,15430,6292,956
48,-1536,3435,14978,7740,1136
-967,-1504,-462,15342,5308,2292
-1281,-1536,126,15274,4544,2236
-1004,-1520,-381,15654,3916,2840
1
-12058,-1488,-19816,31817,-20764,-23224
-15911,-1488,-19360,31817,-26356,-13464
-16907,-1504,-20483,22990,-18848,-1140
-12154,-1504,-5837,12890,-19128,-76
-5611,-1520,11347,2290,-6896,8692
-4047,-1520,3490,-7814,3868,10604
3630,-1520,2264,-5050,464,7828
11792,-1472,8615,-2258,1504,6468
14767,-1504,6163,1950,-572,5988
14942,-1504,1418,1778,-5480,6984
18458,-1520,1286,7418,-10108,3008
19478,-1520,11317,11594,-7036,1488
17572,-1504,13808,16822,740,-436
16031,-1472,7635,20342,11548,-3244
12968,-1504,3054,23394,31048,-3652
-2160,-1520,3899,21702,32467,2536
-3605,-1520,-25057,26378,26020,-2204
1945,-1488,17750,31817,11012,944
5482,-1536,31769,31817,32467,1672
3337,-1504,-10263,24650,31544,-956
-8454,-1536,-11932,19226,16936,3712
-11054,-1520,2768,19834,11128,1940
180,-1520,9507,17506,9840,2272
4157,-1488,2528,14894,9652,3116
2613,-1504,855,13514,5732,3928
582,-1504,3928,14142,5536,2588
808,-1504,2197,15362,5908,1932
1390,-1504,1035,15378,4800,1052
604,-1520,458,16006,4320,2020
112,-1520,-47,15790,3796,2160
567,-1488,0,15602,2880,2452
-29,-1520,-902,15450,3424,2364
1
-5475,-1504,-16834,31817,29052,-25996
-7949,-1488,-11515,31817,10492,-22280
-19287,-1520,-9017,31817,-21680,-20000
-29371,-1504,-12511,31817,-15812,-4096
-26779,-1504,-7897,27482,-20584,4176
-21102,-1504,2109,11526,-15328,10552
-13452,-1504,-1746,-3994,-5608,15448
-1263,-1536,1948,-13366,1632,12488
5192,-1488,-154,-12458,3568,12344
5394,-1520,-157,-11934,3792,11140
8509,-1504,2558,-8006,2668,8024
10165,-1536,1664,-4470,40,7168
9144,-1536,4259,2534,-4252,7176
10234,-1504,8565,10862,-11012,5308
10686,-1520,2768,14510,-14664,6496
12255,-1520,8352,22002,-17084,920
13139,-1488,26751,28086,-8568,-4188
11658,-1504,27925,31817,32467,-5016
4143,-1504,-7174,31817,32467,-6480
12939,-1488,-5323,31817,27788,-6856
1495,-1520,-32599,31817,32467,5064
-13562,-1520,11687,6630,32467,-3028
-2385,-1520,-19298,29594,20344,7044
8692,-1520,-10488,11346,11276,5980
-718,-1536,8178,7798,6372,6352
-3729,-1504,11417,11958,9024,2284
2903,-1536,7245,16470,8516,272
4998,-1520,4307,16650,6236,1044
405,-1520,-115,14714,6848,2068
-2241,-1520,-139,15270,3644,1976
1
2877,-1504,-10477,31817,32467,4072
-2586,-1488,-16167,31817,19144,-5392
4196,-1520,-32599,31817,30300,4580
8453,-1520,17472,31817,32467,-1960
2360,-1520,257,19002,31636,2312
-6918,-1504,-6087,18766,19360,3616
-2726,-1536,-1342,16006,11644,3380
2245,-1520,4430,11526,9808,4344
1696,-1552,3528,12306,8224,3136
1735,-1520,4739,14438,6136,2192
1771,-1520,6429,15574,5752,1664
826,-1536,3899,15610,6844,1736
-113,-1536,1448,14854,4796,1752
-705,-1504,-58,15550,4352,2604
-513,-1488,-30,15482,2700,3152
-529,-1520,725,15362,2692,3052
-782,-1520,426,15714,3268,3232
-662,-1552,-18,16042,3708,3224
-163,-1520,-481,16090,2472,3228
105,-1504,599,15786,2752,2976
-780,-1504,-1565,15450,4272,3348
-1207,-1504,-2759,15842,2992,3212
-368,-1488,-144,16046,2496,3196
59,-1488,900,15550,3260,3136
87,-1520,-364,15666,4424,3052
-441,-1520,-2415,15590,3356,3004
-389,-1568,-623,15778,3156,2892
-433,-1504,-630,15774,3952,2940
-379,-1520,-1058,15530,3940,2792
-522,-1520,-202,15738,3340,2864
1
-28185,-1520,6682,31817,32467,7956
-7227,-1520,-32598,31817,32467,-21616
4905,-1520,-32598,31817,32467,-8880
-1474,-1504,-32598,31817,32467,-18540
8082,-1536,-32598,31817,17816,-29204
3175,-1536,-13018,31817,-6308,-16516
-10305,-1536,-25819,31817,32468,-20624
-17588,-1536,-24116,21042,-10008,-5952
-13333,-1552,-1695,19066,-12148,-4780
-15674,-1536,3535,6502,-8776,6616
-11784,-1520,2553,-1614,-2896,9856
401,-1552,1853,-1894,-6204,12408
9669,-1520,4175,-1658,-192,8952
12251,-1504,5774,-1926,-1680,5692
13525,-1504,11872,4318,-5252,2664
15244,-1536,7029,5298,-5672,2484
16307,-1504,5740,8414,-7496,4432
17581,-1520,14744,14082,-4736,3716
18027,-1520,20991,21106,-1608,-324
25862,-1520,22964,25102,11564,-9260
26198,-1488,21211,28454,27768,-6680
1347,-1536,-19730,31817,32467,-4152
-11828,-1504,-9153,31602,18352,-5884
-6961,-1504,29828,31817,25788,-1448
-1449,-1536,1604,31817,32467,-1188
2639,-1520,-16927,24858,16652,-1404
-3665,-1520,-1969,21394,8752,4808
-6348,-1520,8401,20826,9764,3212
-1515,-1520,1816,18222,13584,1620
2562,-1536,-6774,17226,2312,44
2986,-1536,3695,16666,3484,2728
705,-1504,5978,15330,4732,2240
1
10407,-1504,-22224,31817,4456,-12652
1590,-1520,-3683,31817,-14016,-6088
-9584,-1520,-4240,22438,-6260,-8716
-10788,-1520,-5244,23574,-9948,-8956
-15533,-1504,-3013,13990,-9216,728
-16050,-1536,10886,11590,-4640,2364
-15839,-1504,529,3930,4920,10644
-9236,-1536,-6653,-7034,-148,12168
-2778,-1520,1389,-11470,-344,14884
4026,-1552,5089,-10906,2380,11528
8054,-1504,-297,-12938,2868,11676
7175,-1504,-1136,-10458,3156,10528
5691,-1536,2870,-6742,2168,8164
5713,-1520,5024,-274,1548,6420
8602,-1520,2830,5458,-2612,5448
10899,-1520,-1035,5518,-4312,5464
13331,-1504,5386,6966,-6336,5160
17274,-1536,15398,11770,-4928,2288
25873,-1504,10848,17474,3416,-2268
27679,-1536,-6447,18266,14048,-2148
19329,-1536,6329,18978,27360,-7924
2843,-1520,-32599,31166,32467,3212
15740,-1520,-22410,15810,32467,-7384
6044,-1536,-26242,15486,28132,4080
-3824,-1504,-10504,19586,12812,5972
-7987,-1536,10303,26950,13024,3652
-1553,-1536,4671,29598,15300,440
-2880,-1520,826,26402,20480,4536
-7449,-1520,6935,21514,14208,2768
-5699,-1552,12599,18758,12896,2060
291,-1504,-3233,17462,12732,3392
2012,-1536,-7339,13218,4772,3928
1
15512,-1536,30238,27610,25588,-2752
5122,-1504,-811,31817,32467,-2992
349,-1568,-30814,26634,23384,-4260
441,-1504,26422,31817,21504,3504
1490,-1536,15521,30866,32467,64
1049,-1552,-14456,20474,25504,-80
-4326,-1520,-8508,18582,14968,3560
-2437,-1520,8681,18034,11412,3556
756,-1536,9972,15326,13468,3916
1091,-1536,-174,13410,11096,4024
-186,-1536,-1800,14162,6100,2888
107,-1504,2515,15582,3600,3140
1213,-1520,4878,15562,6356,2160
932,-1552,258,14842,4916,2140
-819,-1536,-1284,15346,4104,2936
-517,-1504,-45,15570,2600,2544
-599,-1504,-848,15758,3932,3040
-645,-1504,-2869,16114,2844,2764
-20,-1488,-815,16098,1960,2744
-205,-1488,-952,15878,3016,2864
-317,-1520,-1647,15838,1604,2428
-111,-1504,-174,15742,2336,3196
-484,-1536,-1341,15722,2820,2812
-263,-1536,-661,15730,1728,2616
-467,-1520,-434,16038,2868,3036
-360,-1552,-944,15746,2352,2840
-511,-1552,-995,15918,2920,2848
-650,-1504,-919,15970,2576,2636
-298,-1504,-244,16074,3316,2968
-602,-1504,-1110,15570,3412,2740
-827,-1536,-1549,15682,3752,2592
-345,-1520,-269,15998,2740,2576
1
6663,-1504,-29665,31817,32467,-6660
15966,-1552,-32598,31817,32467,-256
11238,-1520,-32598,31817,32467,-21564
12710,-1536,-32598,31817,32467,-32768
11992,-1536,-14049,31817,-21808,-31252
-9427,-1536,-24600,31817,-28260,-25276
-22625,-1552,-15962,31817,-27944,-9468
-21152,-1520,-6244,22058,-25620,896
-19481,-1520,3713,2058,-17840,11600
-11233,-1520,10942,-4290,-6632,15600
4694,-1520,2340,-9262,-1160,10680
13916,-1536,3848,-8262,-1648,9896
14909,-1504,12042,-7718,-272,7860
12494,-1536,14207,-5742,-376,6216
11333,-1520,9196,1090,-3540,4336
11756,-1552,8121,7598,-9008,1912
10360,-1552,13483,13302,-12132,3856
9540,-1504,13949,16942,-16244,2180
13901,-1504,28960,31817,-21232,-1136
22225,-1536,25907,31817,-3380,-12828
19990,-1488,7824,31817,5160,-21072
17373,-1520,-32599,31817,32467,-2284
16217,-1552,-13322,31817,32467,-8732
11490,-1536,12944,31817,32467,160
-97,-1504,25225,31817,32467,-8
-2705,-1536,-3069,13178,32467,-1632
802,-1536,2023,12174,10352,5284
-819,-1520,-1910,12182,7336,3652
754,-1552,-262,15986,5244,2132
1020,-1536,1738,15414,5720,2936
1
-6708,-1536,-1517,31817,-24548,-16652
-12290,-1536,-4500,31817,-5824,-12836
-20684,-1536,-7622,28526,-16568,4464
-19978,-1520,6203,21606,-12228,9072
-14532,-1536,1398,2718,-5652,15048
-2647,-1488,-2916,-7622,-2328,16288
4376,-1552,-2021,-13530,-1464,11348
9157,-1536,5005,-13962,16,7864
9123,-1536,991,-15286,1140,7940
5643,-1536,779,-14702,-12,8216
3242,-1520,3122,-14846,3144,8512
849,-1552,917,-11154,1396,9816
744,-1520,348,-6942,-2744,9832
4271,-1504,3270,1570,-7760,7656
8423,-1568,3812,10290,-11304,5936
10134,-1536,-2797,15338,-14604,3292
8777,-1504,9655,19358,-11472,180
9941,-1536,15215,27666,-4368,-5272
11014,-1536,8062,31817,10928,-4328
5811,-1536,12012,31817,14508,-9280
4984,-1552,13732,31817,32467,-1540
3340,-1520,-6950,31817,32467,-2272
3203,-1552,24146,31817,32467,2532
11975,-1536,23558,31817,32467,-1052
1671,-1536,-1835,18666,32467,3840
-5726,-1568,-6922,13086,27448,3792
-2095,-1552,-3765,16170,16644,4588
3339,-1520,3838,12498,11536,5268
2342,-1520,1529,10134,10808,4716
-965,-1536,-626,13538,7756,3816
-1489,-1536,3435,15930,5068,2540
-1200,-1536,5398,16146,5520,2024
1
-3967,-1536,-15516,31817,32467,-2140
4839,-1504,-32598,31817,32467,-8152
852,-1536,-32166,31817,32467,-23732
683,-1520,-32598,31817,32467,-27820
12593,-1536,-14239,31817,32468,-32768
-17071,-1536,-2423,31817,32468,-8468
-15941,-1536,1557,31817,-27528,-3368
-14830,-1520,-4501,18818,-26896,8204
-10308,-1552,4423,698,-5056,15152
-1863,-1520,7439,-8566,-788,13376
7933,-1536,-1345,-8926,1900,11048
15647,-1536,1384,-6994,-240,6820
15192,-1568,7418,-2998,-440,4896
9352,-1536,2596,6190,-3808,3196
2691,-1552,3190,10622,-13704,1592
-498,-1520,12398,13926,-17000,1616
579,-1536,21068,25426,-11328,-696
1778,-1536,14705,31817,-2328,-2824
9457,-1520,18070,31817,17372,-14456
2501,-1536,6825,31817,32467,772
4049,-1520,-3059,31817,32467,-1392
1055,-1552,24217,31817,32467,6952
-747,-1552,7553,30890,32467,144
753,-1552,3106,22410,25668,888
-1231,-1536,1377,18798,20412,5696
-2646,-1536,602,16038,16644,6008
-297,-1536,774,15186,8692,4276
426,-1584,1362,15662,7860,4536
626,-1536,3042,15702,6348,3488
346,-1520,2753,15678,5908,3468
-488,-1552,537,15498,4972,3236
-1125,-1520,-953,15622,4760,3756
1
-26221,-1536,26756,31817,32467,12712
4391,-1504,-31565,31817,32467,-5912
17081,-1488,-32598,31817,32467,4824
15013,-1552,-32598,31817,32467,-17260
25927,-1488,-32598,31817,24592,-25288
24003,-1520,-32598,31817,-4988,-31604
14747,-1552,-30179,31817,32468,-25092
-5929,-1536,-20363,22146,-16372,-13492
-16912,-1504,-14294,16034,-12336,-6740
-9667,-1568,-14394,16678,-10704,-3892
-12144,-1504,-4370,522,-6856,8040
-5857,-1536,185,114,-7508,9212
3767,-1552,7211,-594,-11436,5412
7748,-1520,13638,2534,-10380,424
3360,-1504,14937,6478,-15756,-2944
2276,-1504,25120,11714,-15976,-7172
108,-1536,32484,16398,-12536,-6880
-22979,-1520,-32599,31817,23620,1324
-9241,-1520,458,31817,32467,-3396
-10052,-1520,17532,31817,32467,7004
-9032,-1536,32009,31817,32467,4516
-4210,-1536,11893,30954,31240,2660
-2985,-1536,5593,23710,15916,2356
-4061,-1536,12785,20778,14928,3436
-5529,-1536,6553,18386,17528,2240
-3829,-1552,-3877,19122,12620,2352
-2015,-1520,528,17194,6280,2228
-1991,-1536,4456,16130,6796,2132
718,-1504,1306,15886,5048,1212
1288,-1504,-2270,15250,4744,1448
1
16457,-1536,-23007,31817,32467,-3828
22692,-1504,-32598,31817,32467,7148
17635,-1536,-28964,31817,32467,-18752
26316,-1552,-32598,31817,15136,-23168
22620,-1520,-24300,31817,-23348,-23408
6821,-1536,-17286,31817,-27396,-26152
-3276,-1536,-10457,31242,-22536,-16700
-14659,-1504,-14212,17490,-20508,-6488
-13679,-1520,-2772,-606,-18912,9212
-5867,-1552,8449,-4790,-14468,12884
4877,-1552,12568,-5254,-8992,9360
13250,-1536,7618,-1106,-7912,5968
13558,-1504,8609,4550,-7296,2344
8869,-1568,15887,7422,-9092,-1272
4105,-1536,22380,11790,-8172,-3440
4092,-1536,18067,18582,-2764,-3788
-3513,-1520,7828,25610,1052,3544
-10253,-1536,18837,31817,13168,-1376
-10066,-1536,29199,31817,32467,-2092
-6203,-1536,-28147,31817,31820,296
-11078,-1488,23121,31817,14632,6332
-11621,-1520,-32599,31817,32467,1888
-4923,-1552,-8980,25690,32467,-1236
-7837,-1504,-11106,22054,18580,4752
-6005,-1536,5800,18430,8276,2656
898,-1536,9386,17522,9568,2380
136,-1536,-1739,14218,11520,5288
-1107,-1552,1520,13818,3596,2784
-626,-1552,5908,16074,4192,1928
2388,-1504,2479,16370,3796,644
-56,-1568,-3200,15630,4692,2268
-2382,-1504,-2969,16234,1488,1848
1
30194,-1504,-32598,31817,32467,-16132
30198,-1520,-32598,31817,15364,-32276
17349,-1536,-9918,31817,-14744,-32768
-4922,-1520,-17894,31817,-31248,-22160
-8865,-1520,-28276,28046,-28232,-20236
-12625,-1504,12030,13262,-17984,-1528
-9945,-1504,2757,8798,-9788,11496
-2334,-1536,4761,218,-9336,13408
6174,-1552,10115,2146,-5928,10016
11788,-1552,8923,4626,-3676,5076
13033,-1520,5535,6426,-4600,516
10999,-1552,9499,7986,-4180,-540
5233,-1536,16666,10522,-2756,-556
-8629,-1536,13002,26994,29840,5068
-11387,-1552,5902,27734,23492,-6080
-3907,-1552,5065,31817,32467,-728
-15163,-1520,2804,31817,27644,6608
-13370,-1568,16956,31817,21488,-1004
-9635,-1536,5023,31817,31496,5424
-10092,-1520,-3532,24602,23132,5040
-7069,-1552,6522,21222,14312,3580
-1422,-1520,2865,19434,13032,5700
2814,-1552,1145,15278,7104,5540
4477,-1568,1923,14238,4252,3864
3887,-1536,1100,15274,1576,2912
2236,-1536,3486,15806,3712,2272
1154,-1568,733,15862,3788,1080
-140,-1552,-1896,16006,2192,1804
-167,-1520,106,16086,944,1880
374,-1536,1077,16002,3148,1820
1
20486,-1552,-32598,31817,32467,10360
17754,-1520,-32598,31817,32467,-8008
21293,-1504,-32598,31817,32467,-17192
22824,-1536,-16447,31817,-3244,-28312
6639,-1536,-15933,31817,-30672,-26276
-8485,-1520,-17554,31817,-23900,-18936
-16688,-1520,-28993,19482,-25080,-13120
-10713,-1552,15086,13258,-18744,-416
-8826,-1536,4616,358,-6680,11464
-2039,-1504,5019,-6462,-2596,14328
8059,-1536,12143,-4530,-3048,11572
12915,-1552,9385,1674,-1260,8884
12176,-1488,3771,6054,-4652,2636
10330,-1552,13620,8350,-9520,-1720
5845,-1536,21454,11814,-6628,-1436
2726,-1536,20047,18202,-1380,-2056
-846,-1536,14934,26018,3932,-1752
-3360,-1568,17935,31817,9004,-5404
-6469,-1552,-3054,31817,32467,1484
-15731,-1520,-15598,31817,29992,2968
-17181,-1488,22926,31817,32467,9956
-9292,-1536,8190,31817,32467,3448
-10026,-1504,3047,25898,28948,8284
-8277,-1504,5371,22394,18768,4104
437,-1520,7094,19190,10960,5312
4605,-1520,3356,12662,10036,6132
-964,-1552,-2940,12414,6744,4812
-1017,-1504,997,15342,2104,2560
-388,-1536,4631,16054,5700,3464
-271,-1536,-992,15862,6012,2036
1091,-1520,-706,16422,1864,2168
2069,-1520,248,15878,2480,2088
1
24838,-1536,-21684,31817,32467,9276
15365,-1536,-32598,31817,32467,2836
25313,-1552,-32598,31817,32467,-16900
22447,-1552,-32598,31817,20240,-28600
14894,-1536,-15293,31817,-19132,-32768
-2542,-1536,-19366,31817,-25000,-25956
-7577,-1536,-25052,31817,32468,-18808
-12903,-1520,-130,12582,32468,7608
-9354,-1520,7009,4226,-14512,15948
645,-1552,169,-8702,5944,12476
9243,-1504,9295,-13954,2424,10484
9985,-1536,8526,-4718,4124,6192
4503,-1536,5446,1910,-140,2508
11,-1520,7815,4758,-4216,-832
1506,-1552,16117,9222,-8732,-2180
1134,-1552,22442,11874,-8148,1016
-1300,-1536,23999,19018,-7148,-1616
1317,-1536,19620,27842,1772,-5260
-3743,-1568,2681,31817,8064,-4704
-15284,-1552,21370,31817,9292,-5508
-22693,-1552,26094,31817,32467,2028
-8716,-1552,-3473,31817,31588,-4536
-10317,-1568,32565,31817,32467,11268
-11566,-1536,7571,20342,32467,4764
4409,-1536,-9841,23670,7560,6596
7848,-1536,1489,10442,13340,10140
-1674,-1552,3100,10350,7276,5524
-493,-1552,1893,14046,5444,1964
5297,-1520,3516,15278,4448,352
3855,-1536,2353,15106,5516,708
-1274,-1568,-2495,15918,1596,608
-1100,-1536,2810,16230,16,488
1
22248,-1552,-16474,31817,-6932,-26180
5462,-1520,-21039,31817,-29996,-19092
-9106,-1520,-12920,31817,-18260,-14200
-12408,-1536,3430,17794,-16656,-6324
-12027,-1536,-3328,6494,-14368,4748
-7612,-1536,-891,-7806,-7676,13308
716,-1536,3360,-7426,-5272,13976
7244,-1552,6217,-5322,636,10504
9926,-1520,6311,-2910,-188,5204
7587,-1584,10570,2646,-3296,816
3257,-1536,13311,5198,-8056,-1164
-803,-1504,18042,8938,-13180,-616
-4048,-1536,21045,17582,-8132,-588
-5329,-1552,22702,27190,-4172,-684
-2236,-1520,14328,31817,6504,-5156
-4112,-1520,20599,31817,22704,-10928
-15131,-1536,550,31817,32467,-664
-8331,-1536,4342,31817,24124,-3284
-10702,-1536,31489,31817,32244,4448
-10886,-1552,18993,29890,32467,5136
-10435,-1552,-15522,24270,18920,-136
8287,-1552,646,19674,5480,3780
9422,-1536,10807,11010,9648,6916
-2599,-1536,-766,9598,8968,5128
-5634,-1536,880,13050,2760,2944
1035,-1536,6247,16122,5260,1476
1234,-1520,600,16842,7132,2348
-672,-1520,-629,17086,2548,2116
850,-1568,4053,16586,-292,1780
1970,-1568,2147,15698,3744,2104
1016,-1536,-2472,15538,1552,1904
549,-1520,134,15710,-4,1740
1
16064,-1520,-25937,31817,32467,3120
18683,-1536,-32598,31817,32467,12868
19996,-1536,-32598,31817,32467,-11096
25745,-1536,-32598,31817,7876,-18588
-16454,-1520,-545,24742,-24764,-13964
-9681,-1536,3513,11682,-16316,2724
-9673,-1536,2313,6362,-10480,2936
-3221,-1504,9001,826,-7296,9588
6109,-1520,11178,1890,-6032,8672
11229,-1536,8481,3866,-5752,6300
11081,-1552,10375,4906,-8528,2096
8247,-1520,15250,7410,-7268,-224
4801,-1536,18507,13118,-4528,-2548
2609,-1568,15669,19250,1500,-1676
-3123,-1536,12922,24858,6652,-56
-2682,-1552,-32599,31817,23832,-2940
-5708,-1552,-504,31817,32467,-16
-9649,-1520,-21278,31778,16896,4132
-10405,-1568,-32599,31817,17524,5200
-3330,-1568,17586,31817,32467,-224
-5948,-1568,-9308,24934,25912,3308
-11575,-1520,7228,22378,17004,5680
-3072,-1536,14494,19502,12480,1780
1667,-1520,-5635,15622,14868,3052
-106,-1520,-9008,13834,4236,4940
-2367,-1536,3996,14278,4864,3388
-64,-1536,-247,15594,4708,1632
766,-1536,-1809,16066,3200,2476
-828,-1552,163,16642,1064,2040
841,-1552,3911,16898,684,1472
1
4674,-1568,-32106,31817,32467,-3828
31709,-1520,-32598,31817,32467,20060
26464,-1520,-23270,31817,32467,-168
30117,-1552,-32598,31817,32467,-19728
27882,-1552,-2065,31817,-23868,-32768
5975,-1536,-22683,31817,-27608,-26468
-13343,-1568,-6631,31817,-25252,-15164
-18852,-1568,-18204,25166,-14312,-10864
-20004,-1536,4211,5478,-16112,6652
-7924,-1552,7701,-3438,-9952,13408
6196,-1520,6151,-3286,-9920,11088
13435,-1552,10490,1806,-9144,5944
11772,-1536,7782,6914,-6728,228
7766,-1568,15148,11078,-12488,-4048
6370,-1536,23634,15622,-11440,-5648
3458,-1552,25892,22902,-4500,-4568
-3170,-1552,21305,31817,2120,-6284
-3394,-1536,-32599,31817,11456,-8280
-11888,-1568,9074,31817,32467,9640
-10052,-1536,-27317,31817,21688,-10880
-9635,-1552,25469,31817,27668,8396
-5255,-1536,25288,31817,32467,-2248
-12206,-1552,-9583,21894,32467,4472
-7151,-1552,-5930,22626,12896,3932
388,-1568,5990,16822,9784,4976
3332,-1568,3010,12938,10344,5276
-733,-1568,-2140,14174,5396,4552
-1393,-1568,4742,15594,4764,3120
-159,-1584,1454,16210,8084,1552
1646,-1552,-3801,17098,3240,1236
1800,-1552,745,16742,720,1708
1953,-1536,3424,16186,2268,1204
1
17115,-1520,9301,31817,-19036,-24204
3690,-1536,-24638,31817,-8148,-9740
-3878,-1536,-2737,31610,-25236,-8724
-17760,-1536,-2745,13470,-12956,456
-19100,-1536,-7871,5062,-10852,9268
-8567,-1552,4614,-9234,-3628,14184
-2136,-1552,-439,-16578,1968,12760
5898,-1536,-169,-12622,-1232,10540
7756,-1568,4138,-11382,2868,9916
5414,-1536,1486,-13094,3400,9112
3192,-1520,2115,-10178,56,8936
3284,-1552,2519,-4994,-4192,7748
3953,-1520,7671,3694,-7344,5472
2842,-1568,8471,11122,-10692,2572
-1596,-1536,8628,11346,-12120,788
-1784,-1536,16386,16682,-9000,-1440
1507,-1552,15352,23226,-940,-3508
1888,-1552,18934,22858,8184,-1848
8577,-1520,30775,31817,31192,192
1835,-1536,5082,27062,32467,464
-371,-1536,95,31817,31696,1228
-2566,-1536,27957,31817,32467,4800
-1380,-1552,-292,30710,32467,3128
-6098,-1552,-6713,23262,25304,3508
-10905,-1552,-2545,18690,19932,5888
-8465,-1552,-5148,17682,11412,3968
-2753,-1536,1990,15890,11272,5356
-3486,-1504,1140,14370,11868,5520
524,-1568,5917,14886,7316,2952
2927,-1584,-918,14790,10232,4068
1712,-1552,-1139,15882,4524,3268
1199,-1552,5908,16386,2720,3488
1
-3243,-1552,19318,31817,32467,4992
-426,-1552,-21854,31817,32467,1172
191,-1568,-32598,31817,32467,-3540
-7787,-1568,-28611,31817,32467,-21344
-6049,-1536,-13959,31817,12412,-32768
-21438,-1536,-23085,31817,32468,-32768
-22194,-1552,-6531,31817,-16256,-13096
-21567,-1520,-427,30782,-15336,-696
-19357,-1520,-7045,14450,-6400,9960
-5419,-1536,4366,2910,792,14392
584,-1504,-744,-5534,1512,14060
5670,-1536,-7854,-9938,-1436,12956
12253,-1552,5500,-9826,-4952,8736
10441,-1520,10002,-8282,876,4844
6177,-1552,2499,-5406,764,904
3250,-1568,9583,9154,-10224,-824
1385,-1568,18864,13450,-11272,628
1561,-1568,9286,18446,-13544,1616
2130,-1536,10682,22382,-11384,-320
949,-1520,28495,30918,-2392,-2476
10761,-1568,17518,31817,15044,-16536
18843,-1536,22569,31817,32467,7464
11459,-1536,-636,31817,32467,-416
10877,-1520,21362,31817,32467,-168
452,-1552,17161,31314,32467,4768
-5303,-1520,5267,25546,32467,1756
719,-1536,10547,19306,24148,716
-1763,-1536,6944,17090,25548,6632
-4587,-1600,-3242,11954,15304,4864
-2930,-1552,3450,11170,8964,2640
226,-1552,2696,13774,8280,3356
1628,-1536,3505,14850,7312,3196
1
-5229,-1536,-10510,28826,32467,-4716
2531,-1536,-30134,31817,32467,-8412
-10412,-1552,-17443,31817,32467,-15320
-13482,-1520,-32598,31817,32467,-23116
-11021,-1568,-6474,31817,15900,-29468
-14555,-1536,-10151,31817,-21704,-24180
-20877,-1584,-6010,31817,-25636,-19264
-28392,-1536,-6079,31817,-13668,-924
-21654,-1552,-5001,20942,-7936,14332
-8639,-1584,-2062,3610,-2532,19144
883,-1568,-2300,-8470,-1540,20144
9531,-1504,-3501,-14474,-3288,14112
11365,-1536,-2798,-14582,-2812,9300
8844,-1552,-158,-16914,476,7604
3216,-1552,1210,-12114,1248,6540
611,-1568,-317,-4114,-1864,5688
4434,-1568,911,5482,-6148,2908
6810,-1536,9420,11826,-9128,-572
2945,-1536,12359,18162,-16560,-1336
-2293,-1520,2188,23978,-26208,-680
3021,-1520,-32599,31817,-30292,-7068
14148,-1536,18471,31817,-464,-17468
-51,-1536,29788,31817,32467,-11488
-5043,-1552,-882,31817,32467,-4652
13339,-1552,-32763,31817,32467,-3648
14813,-1552,-32599,31817,32467,-12840
-2539,-1568,5865,16434,32467,-412
-9012,-1536,-22142,16062,26592,-576
529,-1568,-3194,12790,12548,4088
1283,-1600,2751,11586,16176,6560
-540,-1552,4433,10846,11696,3288
-424,-1552,3546,12598,9108,1932
1
-4719,-1584,11015,31817,32467,14328
-3205,-1568,-3423,31817,32467,10920
5202,-1568,-32598,31817,32467,6596
16096,-1568,-32598,31817,32467,-5044
10856,-1520,-32598,31817,32467,-19988
8687,-1552,-26369,31817,16748,-32768
-2712,-1520,-8876,31817,32468,-25336
-15241,-1536,-20375,31817,-24216,-16632
-12291,-1568,-8524,25242,-20928,-428
-15451,-1536,-8082,15850,-11868,6384
-16599,-1552,-12311,4342,-4576,8564
-5678,-1552,-7587,930,-6960,11016
1525,-1552,34,-6930,-3404,11844
6305,-1568,-818,-5138,-3784,7512
7010,-1568,-1039,-850,-8320,2672
4432,-1568,5881,6086,-11052,-2552
2051,-1568,17021,10042,-14212,-4936
-3132,-1552,19240,12038,-11428,-6492
-11152,-1552,18559,16746,-10272,-5580
-15033,-1568,27428,27082,-8428,-7024
-11853,-1536,28706,31817,7764,-9296
-7442,-1536,-32599,31817,32467,-7272
-3181,-1536,-687,31817,32467,5424
-20063,-1552,8670,31817,21024,11220
-11430,-1552,29440,31817,30940,4248
-3547,-1552,13644,31817,32467,5232
-10724,-1552,841,21606,27708,8212
-9664,-1568,7831,21350,14528,7468
-2513,-1536,10114,15938,12852,5516
-1624,-1536,1111,13098,14704,4788
-3974,-1552,-2806,14550,8656,4428
-1845,-1584,-2208,15654,8404,2756
1
14743,-1536,-32598,31817,32467,3660
18766,-1536,-32598,31817,32467,-1568
16221,-1520,-29827,31817,32467,-17040
-12493,-1552,-5771,31817,-4440,-11016
-10668,-1568,-956,31817,-15472,-9488
-14486,-1536,4501,23226,-11220,3556
-19004,-1536,-5689,12998,-9232,7604
-9968,-1520,-8214,1454,-10104,11756
-1211,-1552,-2338,-8594,-10416,13608
5433,-1520,-245,-12470,-5556,11316
9416,-1568,-352,-11418,-4616,9016
9247,-1536,2781,-10346,-4092,7320
7102,-1536,5135,-8726,-180,7084
3867,-1552,2234,-2242,-888,4776
4739,-1552,8118,8030,-7752,788
5941,-1552,21144,12254,-10504,1560
4738,-1568,12482,12918,-10324,2912
7862,-1568,10481,21938,-9668,-3932
13418,-1536,17928,30158,-2620,-5792
10079,-1536,17133,31817,10452,-5556
10922,-1584,20497,31817,28836,-16684
8907,-1568,20299,31817,32467,-1036
4836,-1568,7817,22838,32467,676
-6459,-1536,-6812,17338,27732,3376
-5831,-1552,-6135,16134,16672,3744
-559,-1552,2212,11538,14984,2628
-1093,-1536,-8076,13194,14560,4924
-2455,-1536,-3710,14978,8088,4428
1
-3892,-1568,-12928,31817,-19528,-30112
-10295,-1568,-6425,31817,-21772,-9920
-16977,-1552,-9086,24426,-18860,-1476
-12365,-1584,116,14478,-15452,9732
-7575,-1584,-7628,-4478,-9776,15020
2242,-1568,576,-9546,-9816,14668
7056,-1536,557,-14294,-5488,12632
12012,-1568,2454,-12666,-2340,10120
6011,-1584,-778,-14478,2136,12100
-158,-1552,-1899,-13182,4180,10740
2538,-1536,4294,-12214,2796,11692
1188,-1568,87,-11570,2536,13076
608,-1536,206,-9150,88,11688
1566,-1552,496,-5494,-1992,8588
4158,-1568,1877,2290,-8484,5148
6779,-1584,8619,10466,-17608,1952
-1123,-1568,19411,26658,-4628,-6072
-6350,-1568,12087,31817,7628,-7840
-12595,-1552,17515,31817,14400,-10940
-8264,-1584,17749,31817,32467,2728
-17035,-1552,-27999,31817,32467,6444
-19037,-1552,15010,31817,18312,9080
-11550,-1536,-32599,31817,32467,12220
-11381,-1536,-2145,19078,32467,9432
-3069,-1536,-10024,24962,6688,10424
5214,-1536,1873,16554,10980,10876
-1837,-1584,9631,9198,10820,9464
-7581,-1552,7255,12086,11624,5316
-2611,-1536,2191,17026,8832,4400
3201,-1568,3219,16962,5056,3252
1
10989,-1520,-27024,31817,32467,19256
12345,-1520,-24296,31817,32467,15848
10323,-1520,-20333,31817,32467,740
10830,-1536,-27764,31817,22836,-16008
10064,-1504,-5673,31817,-18028,-24964
-7089,-1552,-8585,31817,32468,-13480
-18775,-1552,-6621,19574,-21104,2728
-14954,-1520,-8200,9938,-16504,7040
-7311,-1568,-19,3138,-4580,10788
-6359,-1536,-10927,-7430,5792,11088
2059,-1568,-3873,-8462,3696,12016
4596,-1552,1793,-4826,-2460,5012
1877,-1520,1659,2182,-4868,3440
59,-1536,-3735,7486,-12056,1576
1211,-1536,11918,13174,-22816,-456
-2470,-1536,22472,18918,-17252,-1268
-6443,-1552,13638,30082,-8512,-9012
-10595,-1552,11709,31817,48,-11132
-19039,-1552,29431,31817,8128,-6536
-21405,-1568,-1545,31817,32467,16252
-17689,-1536,21557,31817,32467,5688
-4659,-1536,-32599,31817,32467,84
-6847,-1536,445,25102,32467,9912
-7349,-1552,-1451,20194,20176,6196
-2011,-1552,7493,11230,18404,8936
-4843,-1552,-1388,9986,19884,8316
-3015,-1536,-1082,16046,12480,3808
1678,-1536,-1909,19890,8712,5068
692,-1568,-4555,16762,4044,5272
-760,-1552,2630,15450,1656,4404
1
11341,-1552,-22464,31817,32467,10296
9327,-1536,-22648,31817,32467,10412
6851,-1552,-32403,31817,32467,-11988
13829,-1536,-32598,31817,17800,-21856
14582,-1568,-3749,31817,-25440,-20840
-6032,-1536,-13130,31817,-13124,-13624
-5803,-1520,-17969,31222,-28376,-5852
-8580,-1552,-3586,10774,-17748,5928
-10653,-1536,-4334,2510,-7388,8712
-6420,-1536,-7986,-5890,-4052,9620
1492,-1568,1842,-11170,480,11008
3128,-1552,-1226,-9986,3764,9428
7635,-1552,4790,-5974,516,4888
10028,-1552,5973,-4178,-296,3440
5853,-1536,403,2242,-4380,1912
1408,-1568,-2946,8966,-16328,392
-4058,-1536,14526,12542,-18696,636
-5178,-1552,21350,20898,-10660,-1252
269,-1552,16423,23442,184,-7336
-698,-1584,13481,28586,17736,-1272
-12539,-1536,22392,31817,32467,6212
-12928,-1536,-6591,31817,32467,3852
-16034,-1568,-17416,31442,24980,7256
-16321,-1536,11928,31817,14652,6388
-17520,-1552,4645,31817,28016,8804
-18140,-1552,-16812,31817,21548,7980
-11912,-1568,2240,28230,12648,11204
-7327,-1568,18797,24262,20936,8736
-698,-1536,-1774,16910,23452,7020
7074,-1536,-9393,16278,6032,5472
4198,-1584,4772,11086,4632,9280
-480,-1520,6956,13870,3984,6700
1
-32559,-1552,-32598,31817,-6852,-32768
-32559,-1584,-32598,31817,-14904,-29200
-32559,-1552,-16698,27382,-13728,-25336
-32559,-1568,-6404,21970,-3188,-26420
13543,-1536,-11095,13354,-16348,-11532
-9318,-1536,8065,7046,-17552,-1928
-6611,-1536,27360,4130,-4424,4632
-12135,-1552,-2864,-1146,-6424,11624
-1905,-1584,4904,-4446,-11116,14228
4692,-1552,15521,-5898,-4552,11344
8515,-1536,5062,-3634,-3712,5908
6954,-1568,1732,-1474,-8148,3176
721,-1536,18623,5582,-14448,-3036
-1441,-1568,29814,12350,-11828,-10164
-9777,-1552,19490,13326,-13792,-9544
-20581,-1584,26300,20286,-13032,-9272
-24671,-1536,-32599,31817,-6264,-6780
-22192,-1536,-32599,31817,11076,-7456
-21420,-1568,-32599,31817,32467,-3916
-11606,-1552,10137,31817,28780,2380
-15524,-1552,30247,31817,32467,10440
-18760,-1552,11570,31817,32467,14836
-8156,-1536,2173,31218,32467,11048
1322,-1568,22079,17450,20128,10312
3850,-1536,7935,15266,18032,6416
-65,-1552,-2885,11410,5528,7640
-1801,-1552,15626,14070,6308,3148
797,-1568,5371,14778,9372,2932
-300,-1536,748,15774,5392,3740
-1085,-1536,4199,15770,2224,2856
-2378,-1552,1095,15290,4416,3472
-2305,-1552,14,15598,900,2768
1
6489,-1536,-17423,31817,4268,-15408
-475,-1552,-2262,31817,-18160,-13408
-4895,-1552,-6042,31817,-14832,-13020
-9429,-1520,4641,30322,-15708,-6904
-15652,-1552,-3526,16526,-4424,6260
-14744,-1536,-6572,-1002,-2320,14752
-4434,-1536,-125,-10398,760,15908
3720,-1568,-2976,-15762,2204,13008
6388,-1552,-2062,-15918,952,10892
5867,-1568,915,-14582,636,9444
4020,-1552,109,-13426,1392,9348
1929,-1552,181,-12010,-228,10740
1339,-1536,2131,-7902,-1568,9388
199,-1536,1562,-1082,-4052,7268
1809,-1568,6419,9030,-9508,776
-2354,-1552,11867,10286,-12460,3200
-8138,-1552,9596,11850,-13348,3780
-4656,-1552,23661,20382,-17660,-4372
8650,-1552,-32599,29870,-7816,-9832
12225,-1536,-32599,31817,13504,-8628
-2869,-1536,25810,31817,32467,-8480
-3242,-1552,4643,31817,32467,-19872
-8269,-1568,7744,31817,24072,924
-11187,-1552,16879,31817,32467,1016
-2897,-1552,-3633,31817,32467,-228
-3230,-1552,-4732,25266,22388,8192
-2134,-1536,1399,17546,23996,10000
303,-1536,-491,14398,15076,7452
4459,-1568,4178,14222,10228,4080
3661,-1552,-2116,14714,11780,5540
2977,-1552,-1345,14994,3280,3644
-32559,-1504,-32598,31817,32467,10480
-32559,-1536,-32598,31817,21164,-2820
-32559,-1568,-32598,31817,4208,-29116
-32559,-1520,27875,31817,-28160,-32768
17686,-1552,11941,18682,-17356,-30668
2170,-1520,-32598,10962,-18116,-18180
-26962,-1536,3080,19502,-17700,-4620
-9795,-1568,19440,-3382,824,17376
-2457,-1568,3712,-4530,312,12716
2205,-1536,1857,-9382,-2224,17064
7316,-1552,8483,-8858,-940,13308
9578,-1552,10345,-9210,-968,9064
8761,-1568,4109,-2970,-4616,3752
3937,-1536,7207,-138,-9636,672
-2476,-1536,18853,3142,-10504,-1720
-5933,-1536,26532,6634,-8100,-1364
-4257,-1552,27407,10374,-3192,-2412
-3025,-1552,23110,16262,-900,-1620
-6616,-1536,26885,22054,1732,-2540
-9369,-1568,-32599,31817,5612,-7176
-14727,-1568,28570,31817,32467,3444
-16561,-1568,-16352,31817,25800,5792
-19304,-1552,28288,31817,11068,-164
-4658,-1520,19943,31817,32467,1608
-4721,-1552,-4880,31817,30760,6080
-14662,-1536,3132,24910,27552,11580
-2869,-1568,3632,22418,15080,6368
3979,-1536,4146,14834,13772,7584
3190,-1568,-1416,12974,7560,6168
1545,-1552,6025,13582,3300,3708
2973,-1584,5615,14866,5588,2496
2654,-1552,-1360,16590,4180,1672
1
18599,-1568,-13602,31817,20,-18740
-2537,-1536,-8619,31817,-14572,-17364
-6409,-1552,-960,31817,-14844,-11696
-13356,-1520,3197,17590,-14152,-208
-14822,-1520,-4556,9566,-7728,9424
-7800,-1536,-9524,322,-9236,11764
-171,-1536,2801,-9198,-7040,11848
4756,-1536,5951,-9630,-1824,10064
5867,-1536,-2227,-13954,2600,9764
4985,-1552,-4020,-14978,624,10004
3520,-1520,5735,-13234,2608,11228
818,-1536,1165,-9718,4180,11740
-223,-1568,-388,-4014,-232,9120
1291,-1536,6020,2122,-7712,5568
279,-1536,9152,6042,-11576,4784
-1268,-1552,7090,9310,-14376,1912
-455,-1552,8505,14726,-13000,-2488
120,-1552,13954,20050,-5712,-4864
-2247,-1536,18801,24686,7284,-3176
-7069,-1536,27513,31817,22372,-3760
-5670,-1568,7451,31817,32467,2924
-16521,-1520,-16517,31706,29384,4152
-11420,-1520,20277,31817,18180,5624
-9282,-1536,8412,31817,32467,11844
-8593,-1568,-3984,29410,23956,6340
-13661,-1552,8734,23630,20908,13160
-13679,-1552,6509,21098,20344,8356
-4640,-1552,-5889,18434,18236,9272
526,-1568,-3397,16026,7468,8648
1999,-1568,10726,14018,7416,8752
2001,-1536,4301,15434,8624,5376
1342,-1552,-141,16022,3568,4464
1
26969,-1504,-18781,31817,32467,8016
14900,-1552,-32524,31817,32467,2824
20761,-1520,-23949,31817,32467,-18276
18056,-1536,-27865,31817,11516,-21024
9132,-1536,-13469,31817,-19096,-20956
2067,-1568,-7245,31817,-20892,-16760
-6771,-1536,-16083,23858,-20780,852
-7117,-1552,404,4266,-11640,3584
-8828,-1520,-7148,-13094,-7044,10328
-2441,-1568,-5212,-6910,-7924,12744
3434,-1536,-3771,-11150,-1728,10148
6343,-1536,662,-12042,3956,8248
4562,-1552,1846,-14650,4768,7352
2214,-1552,516,-13682,2172,8600
2635,-1552,-3050,-10214,3800,9308
2993,-1536,-1430,-5690,-660,8616
2681,-1536,4102,-294,-4540,6340
634,-1536,4386,6230,-12808,3028
-135,-1552,6005,11026,-21252,-1168
-2829,-1552,20002,21758,-23352,-2720
-6085,-1552,28489,31817,-17556,-10000
-4550,-1536,15756,31817,-5648,-14980
-20545,-1536,-12540,31817,15820,-12920
-32031,-1552,-32599,31817,32467,-5536
-10371,-1552,8408,31817,32467,-5716
3028,-1552,-32599,31817,32467,3412
-10770,-1520,12700,21814,32467,11360
-1779,-1568,-9561,21678,10548,3116
8438,-1536,3466,12574,15232,9868
-147,-1552,2954,10402,12956,6948
-3221,-1536,2801,14742,10340,2516
4663,-1520,1610,17498,6380,-228
1
18952,-1520,-32598,31817,32467,10020
15648,-1552,-20907,31817,32467,-1492
17033,-1536,-26817,31817,32467,-9132
14651,-1568,-23487,31817,3364,-16584
11678,-1536,-14610,31817,-20900,-13008
594,-1552,-8833,31817,-18344,-8276
-6150,-1552,-1088,21594,-23364,2140
-9162,-1536,-262,2986,-16872,6036
-6917,-1536,-6443,-2226,-7784,12580
-762,-1536,1380,-10922,620,11932
1613,-1552,1812,-13194,6544,8480
3841,-1552,-2529,-11590,6188,6456
5836,-1504,1130,-12626,4904,6324
3892,-1536,3046,-11938,4308,7244
802,-1536,458,-6870,1164,6708
-2285,-1536,-1795,402,-4708,4336
-5704,-1520,3661,4622,-13660,3564
-5799,-1552,12820,8974,-13320,2052
-5126,-1552,12197,14282,-8188,424
-8344,-1568,8399,21594,-9376,92
-12065,-1536,27158,30458,-7596,-4068
-7627,-1568,8817,31817,7732,-12096
-26415,-1520,-7247,31817,10316,-2776
-24186,-1584,32432,31817,32467,648
-11294,-1536,-180,31817,32467,24
5529,-1536,25642,31817,32467,10320
4181,-1568,7511,12286,27868,10264
-1642,-1520,-4403,3698,9836,8800
-2106,-1552,10472,11154,7652,4680
3448,-1536,5666,14662,12640,1344
1803,-1536,-6631,17526,12052,2424
-1803,-1520,-4544,17630,4124,2912
1
22145,-1520,42,31817,-13224,-14808
4314,-1584,-207,31817,-12236,-12636
-8455,-1536,-7431,31817,-13788,-3740
-9875,-1536,297,18070,-14704,1956
-12035,-1536,420,5194,-7920,10636
-9921,-1520,-8608,-11334,-6320,13604
-59,-1552,-2390,-12642,-3984,10060
4944,-1520,954,-13690,1348,7224
6745,-1552,-3047,-12998,604,5644
4193,-1536,793,-14914,2308,5928
3102,-1536,5273,-13638,3700,6892
609,-1568,1052,-11886,2768,8984
-622,-1520,-2184,-6394,-2144,8608
359,-1552,5097,1850,-7708,6020
-1327,-1536,10502,5934,-12244,4808
-4928,-1504,6365,10998,-13080,3076
-6421,-1536,3223,17166,-10512,268
-8522,-1552,11038,24142,-8424,-1628
-8982,-1552,32151,31817,-7748,-3396
-636,-1552,27287,31817,7812,-14400
-13923,-1504,-23990,31817,20436,-4976
-23292,-1568,-32599,31817,24708,1900
-7425,-1536,3053,31817,32467,-8068
415,-1504,14983,31817,32467,11976
-6924,-1536,5216,19858,30120,7060
911,-1552,-2918,13754,16364,6964
-1410,-1552,8393,10542,13816,6656
-3051,-1552,6590,11070,14044,6240
-434,-1536,850,16918,3616,3336
-612,-1552,2110,16634,3520,3364
1
2381,-1536,-22288,31817,1432,-13096
-1386,-1536,-4792,31817,-17196,-13664
-4636,-1552,-11715,31817,-14000,-8752
-8179,-1552,-5638,20614,-13360,-2592
-11876,-1520,-918,11298,-6940,7384
-10013,-1520,-3600,214,-3468,11828
-2459,-1536,-1848,-11014,-1764,13556
3893,-1536,-700,-14770,-452,10548
4248,-1536,-3379,-14810,1312,7388
4097,-1536,4802,-14038,228,6484
2632,-1552,3014,-13594,2052,7892
-753,-1520,-886,-14226,1052,10000
-10,-1552,776,-13122,276,11228
1364,-1536,1738,-9162,-1356,9928
2008,-1536,2671,198,-5036,6092
-816,-1536,4845,9390,-9548,840
-7060,-1536,5636,15054,-17012,96
-10207,-1520,18855,20790,-16476,-2572
-6616,-1552,21573,30098,-5864,-7976
-7934,-1536,17962,31817,3168,-4188
-13846,-1568,17857,31817,7580,-8024
-18260,-1536,16082,31817,32467,-6892
-26040,-1552,-12400,31817,32467,10224
-12348,-1520,27730,31817,28064,1940
-2454,-1552,25460,31817,32467,5820
-9854,-1536,-14799,19822,32467,7796
-2170,-1536,1411,20970,8072,7564
332,-1536,6841,12358,10624,6644
-5364,-1536,-6145,12578,11076,5940
-2083,-1568,1142,14814,1684,2604
3441,-1552,9127,14982,5504,1684
2706,-1584,1266,15186,6528,2264
1
21170,-1520,-11878,31817,32467,1140
24888,-1520,-25659,31817,32467,15636
14697,-1520,-16435,31817,32467,-268
11517,-1536,-31121,31817,12804,-11780
8253,-1568,-4996,31817,-19948,-19060
-3586,-1568,-1633,31817,-20612,-11216
-8705,-1568,3333,28022,-27100,-11012
-10907,-1552,-2172,9510,-15632,732
-11928,-1520,-4746,2658,-1032,10868
-4258,-1520,5695,-8126,6764,11572
-1504,-1552,-6227,-8950,7636,14180
5217,-1568,-4873,-8422,6464,11776
8465,-1568,708,-6430,2752,7452
6903,-1536,-1246,-3486,-2152,4600
1191,-1536,-3109,3422,-7184,2884
-1930,-1552,3267,7650,-9556,2088
754,-1552,10421,11166,-6984,2356
1839,-1552,11689,14458,-3236,2040
-828,-1536,12183,20042,-148,-180
-1773,-1536,17953,26486,3308,-3176
-191,-1568,2121,29550,13104,-8516
-17892,-1568,19394,31817,19416,-2152
-18932,-1552,-10035,31817,32467,-5924
-16340,-1552,7149,31817,21532,7664
-5683,-1552,31091,31817,32467,3724
-12336,-1568,-14008,19422,32467,3400
-993,-1552,2724,12166,8084,6452
3080,-1552,5788,14894,5656,3668
3487,-1552,3275,15494,5844,2008
277,-1520,-1590,16674,4204,2640
1
6127,-1568,-8505,31817,-1916,-23956
-2958,-1568,-4776,31817,-31276,-17260
-15466,-1536,-17379,31817,32468,-1820
-11597,-1552,1710,20582,-25444,3888
-9570,-1584,-6435,242,-9760,17496
-1466,-1520,-3962,-14970,3400,13768
6920,-1568,-363,-12906,7208,8748
7763,-1536,911,-14838,8572,7024
5970,-1568,184,-14354,6804,6088
2337,-1568,-2141,-13862,3244,6968
609,-1552,956,-9990,2228,8320
272,-1584,2798,-7826,1700,8896
41,-1552,3958,-3682,-1092,8944
47,-1552,5609,3918,-7276,6200
857,-1568,5859,7202,-13176,5316
-1260,-1536,13192,12886,-16200,2676
-818,-1504,21713,22282,-12916,-3412
2004,-1536,19221,29962,-3872,-8904
634,-1536,10758,31817,6060,-9952
-10321,-1568,-983,31817,10856,-8548
-23834,-1552,21118,31817,26128,628
-14501,-1520,6883,31817,32467,3248
-2449,-1568,27739,31817,32467,-2916
-7827,-1536,22738,26022,32467,8100
-5027,-1568,-12008,26350,19108,4568
3333,-1552,-5071,11162,5532,6708
-1975,-1552,-39,10838,8228,7180
-5011,-1552,3985,12766,6012,4864
198,-1552,6029,15150,5972,2540
2522,-1536,7140,16346,5740,1828
912,-1536,957,16446,4364,1500
-661,-1568,-853,16778,-868,2064
1
24645,-1584,-7663,31817,-4688,-20072
8020,-1584,-7460,31817,-9240,-16048
-1828,-1552,-6719,31817,-10980,-15164
-4606,-1552,4134,25902,-11580,-2480
-10421,-1552,7079,11602,-9844,7768
-9361,-1536,-2548,-1774,-5452,13436
-840,-1536,-5341,-14122,-5428,13160
2889,-1504,509,-12418,-1948,12140
5128,-1536,744,-12822,1100,7568
5178,-1536,2426,-13942,1436,5736
2432,-1552,175,-12926,3704,7172
687,-1584,655,-13386,5620,8212
-1589,-1552,3803,-9314,3388,9364
-2463,-1552,6465,362,-2952,7464
566,-1536,12710,8274,-11604,2028
-431,-1536,14765,11646,-15500,3840
-2499,-1568,20692,19162,-18840,984
3811,-1568,30463,29982,-11868,-9112
11249,-1552,22552,31817,1884,-10532
6832,-1552,16477,31817,10988,-14856
-1141,-1552,17572,31817,26188,-16376
-2330,-1584,8454,31817,32467,-27452
-4100,-1584,8423,31817,28284,1120
-2834,-1536,31849,31817,32467,-2992
-5906,-1536,-1981,21246,32467,936
-3382,-1568,-8573,23278,13504,5268
-2920,-1536,-3625,12654,5152,4384
-1334,-1552,5754,15262,4564,1852
1291,-1552,3864,16926,6636,696
1267,-1568,-2916,16850,4344,1088
1
9442,-1536,-3006,31817,-10752,-16456
-2817,-1536,-9601,31817,-24936,-10792
-8170,-1552,-7091,31817,-26824,-2316
-9929,-1552,3802,17018,-13796,3044
-13025,-1552,-11528,930,-5836,9176
-6245,-1552,-2875,-12194,-7400,11368
570,-1568,2151,-14194,-152,10192
4510,-1600,-2468,-13798,4324,7288
5248,-1536,2430,-13590,4716,5452
3627,-1536,4687,-13918,4548,6552
2065,-1552,-1972,-12450,5504,8072
1513,-1520,-1745,-8306,912,8244
-339,-1552,5117,-2,-5612,7612
-2678,-1520,11011,7838,-12380,5020
-5345,-1568,4843,11806,-16380,2288
-4024,-1536,15865,19198,-17244,-1432
-3772,-1568,22868,24990,-7580,-3908
-2766,-1568,19593,31190,3568,-8628
-3293,-1568,16144,31817,9244,-8368
-221,-1552,20153,31817,27024,-10520
-8014,-1584,-7414,31817,32467,-3156
-5122,-1584,1434,31817,14588,-5348
-4031,-1568,29980,31817,32467,6500
-13437,-1536,3598,21710,32467,4688
-1403,-1536,-287,27146,5860,4768
4118,-1568,4923,14110,13284,8688
-2142,-1552,2562,10286,10024,5468
-1483,-1552,1399,13830,8148,3636
2455,-1552,4598,15902,5444,2216
1417,-1536,-843,16754,6812,1888
-1435,-1536,-2759,16782,1404,2248
-1342,-1504,2104,16326,160,1192
1
13247,-1552,-17022,31817,32467,-9116
22706,-1552,-29306,31817,32467,5092
12261,-1536,-23683,31817,32467,-14560
13075,-1536,-20900,31817,12420,-18572
-1293,-1536,-8380,31817,-5876,-19052
-12169,-1536,-13207,31817,-12736,-14008
-11717,-1552,-5177,28354,-14592,-5832
-15259,-1552,-3539,14506,-8500,2996
-13720,-1552,-3965,8118,-4300,9716
-5949,-1600,-5935,-3954,-5164,10928
1029,-1536,-1941,-6930,-5340,10524
5701,-1536,-2907,-5738,-5112,5276
7225,-1536,-374,490,-9240,2116
7677,-1552,10301,7762,-10488,548
7784,-1520,13582,12114,-13400,-372
9023,-1536,19450,19294,-15372,-2372
8782,-1520,21765,26590,-9408,-2612
11118,-1536,27483,31817,-2216,-8696
12481,-1568,11217,31817,13460,-8288
9406,-1568,15666,31817,27096,-26384
-16095,-1536,27997,31817,32467,272
-6655,-1552,-464,31817,32467,-4448
-1527,-1552,29610,31817,32467,2112
-495,-1520,22766,27190,32467,4192
193,-1536,-1838,17374,25320,2008
318,-1536,-12148,18182,15684,6476
652,-1536,-166,11446,5236,5604
1590,-1552,6509,11862,8072,3372
2201,-1552,1732,13670,6000,3052
3020,-1552,6095,14510,3460,1000
910,-1536,1951,15422,7296,1348
-1514,-1536,-5538,15910,3640,1188
1
13852,-1536,-25360,31817,32467,-4240
16236,-1536,-20661,31817,14428,-11284
8276,-1536,-2666,31817,-7016,-17048
981,-1536,-4365,31817,-10440,-6756
-7010,-1568,-421,27162,-10284,-748
-10069,-1536,8240,12762,-8640,6284
-7467,-1552,8045,4358,-3176,9104
-4080,-1552,2189,-6018,-2000,9664
-1697,-1552,-4640,-10718,-1732,8952
2356,-1536,2539,-10014,-1440,7912
6410,-1536,6336,-9650,-300,5756
7274,-1536,3298,-7250,-1740,6440
6005,-1568,1702,-86,-4884,5364
4624,-1568,8533,3646,-7260,4004
4214,-1552,14409,8610,-8268,3856
4403,-1552,11125,14070,-6980,1968
4765,-1520,4793,21582,-2572,-1208
1586,-1536,8261,26930,1396,-1428
-2189,-1568,6034,31817,17616,-8956
-11366,-1568,16619,31817,32467,-772
-2711,-1520,316,31817,32467,1088
6242,-1552,2224,31817,29360,5892
4007,-1520,15801,31817,28388,4040
-3191,-1536,6934,23838,32364,2944
-7619,-1568,-9991,20318,22304,3784
-3892,-1536,-3043,18418,11760,3828
2679,-1568,2522,15526,10776,3008
3305,-1552,-3110,14010,9064,4232
-75,-1584,1130,12646,3844,3780
476,-1520,6545,14094,4932,2964
1924,-1536,1249,15222,5160,1576
820,-1568,483,15866,2860,2292
1
-7885,-1536,-10418,1274,-27040,1872
-6097,-1568,-7350,-7946,-13484,10840
1280,-1536,-3141,-11362,-3696,8148
5762,-1536,1282,-12382,5068,7488
6084,-1552,1295,-13422,7216,4668
6189,-1584,5684,-13614,6284,6408
3476,-1552,920,-14850,10624,8224
-1193,-1552,-5713,-16942,7204,10936
-650,-1520,7288,-14430,4816,10776
2105,-1568,3987,-12886,6468,10456
2193,-1568,-776,-5454,-376,6784
-125,-1536,4192,2706,-10356,2004
-8557,-1536,5820,12974,-23624,2764
-15061,-1568,6716,22698,-29264,-2696
-6830,-1552,22185,31817,-20656,-11452
-7565,-1552,17801,31817,-88,-7652
-17268,-1552,16094,31817,13288,-7796
-17301,-1536,-20225,31817,32467,3068
-19947,-1536,12673,31817,14836,2004
-7596,-1568,-32599,31817,32467,5392
-1540,-1536,5811,31817,32467,4788
-9820,-1552,1570,22746,26140,6880
-1578,-1520,3478,22398,16340,5528
3843,-1552,-1224,15258,11056,6016
1010,-1552,3660,9958,5440,6648
-1457,-1536,7770,13050,2728,4456
1625,-1536,8676,15262,5264,1652
2532,-1536,2704,15774,5132,2228
104,-1536,692,16246,3848,2788
-514,-1552,1483,16354,1452,2596
707,-1536,2460,16182,2420,2560
771,-1552,-2868,15810,2772,2900
1
10972,-1536,-18760,31817,32467,3864
14340,-1536,-30226,31817,32467,6056
11463,-1536,-21212,31817,32467,-8072
13677,-1536,-27956,31817,21488,-12328
8993,-1552,-7184,31817,-13144,-14008
-2337,-1552,-7371,31817,-21872,-14180
-5064,-1552,-5925,31817,-23972,-4636
-9054,-1552,-3295,14618,-12960,4744
-9254,-1536,-2291,1502,-4896,10576
-4040,-1568,1734,-15070,1112,12528
2789,-1568,-3293,-11638,1980,12236
5998,-1552,-2104,-13194,3000,7728
5974,-1584,3077,-14470,3660,5900
4330,-1520,1695,-15638,5392,6356
2040,-1552,-4148,-13306,860,8412
-369,-1568,667,-8750,-1332,8924
-118,-1536,5816,-2314,-3852,7828
-389,-1520,4202,4762,-6556,4784
-124,-1520,1094,10194,-14228,2536
-1454,-1520,6346,15086,-14300,1136
-2785,-1536,15527,22166,-8976,-3532
2347,-1568,13042,30366,672,-5244
-1869,-1504,-2780,31754,9428,-1724
-12648,-1552,24051,31817,11776,-3836
-14192,-1536,-4042,31817,32467,5172
-22557,-1552,-15709,31817,15492,-804
-15105,-1536,-32599,31817,32467,10800
-4095,-1536,20621,31817,32467,1440
-10231,-1552,-16761,18794,31036,7280
582,-1536,-7779,21682,13108,6784
5095,-1584,342,11730,6420,7040
-1640,-1552,1734,10790,6372,6640
1
8408,-1552,-8583,31817,1036,-16936
732,-1536,-10111,31817,-23676,-19804
-3999,-1536,-11088,31817,-27824,-13300
-12617,-1568,-5430,21778,-16316,1916
-10464,-1520,-2005,7274,-11348,8944
-6243,-1584,-3656,-8926,-4628,14128
-1762,-1536,-3956,-15446,1224,13864
4924,-1504,-2988,-11962,1840,7536
4916,-1536,783,-14142,3240,7900
2620,-1536,11,-13126,3928,8348
1814,-1552,-909,-13978,4216,8612
1157,-1552,1718,-13398,3284,10876
337,-1520,1160,-13578,4736,11472
-264,-1568,-2598,-11562,5096,10924
776,-1536,-1905,-8710,1204,9512
2630,-1536,4350,-6438,-2444,7676
2571,-1568,1680,-5254,-2856,7068
2304,-1520,-462,474,-5896,4680
4479,-1520,6309,6174,-9216,1096
2004,-1552,13668,9102,-11272,720
-4615,-1504,12842,15250,-8212,-1224
-6479,-1536,12962,25418,-7072,-5100
-9253,-1568,15754,31817,5392,-3344
-19893,-1584,18137,31817,12748,-8424
-6898,-1552,2407,31817,32467,3528
-4151,-1520,2805,31817,26312,5592
-6666,-1552,32103,31817,32467,4736
-6880,-1568,16286,31817,32467,4024
-6557,-1504,-3157,25282,31308,6520
-676,-1568,3903,19902,13832,6112
1272,-1552,1378,16510,14504,7436
-2048,-1584,-3796,12018,9208,6460
1
11431,-1568,-32598,31817,32467,7060
12750,-1520,-16471,31817,32467,-10404
16750,-1552,-32598,31817,18700,-17776
1469,-1520,-1262,31817,32468,-24304
-3343,-1536,-18279,31817,32468,-8756
-5429,-1536,-17330,13154,-32100,-676
-3401,-1536,903,6,-11292,7328
-7115,-1520,-3087,-14306,240,12328
-1313,-1552,-5292,-7218,-2968,12148
5192,-1552,-1476,-9742,5480,13012
2869,-1568,-2314,-14666,5924,12164
2260,-1568,700,-12890,6712,9804
2412,-1568,-2659,-9358,4428,9120
3054,-1536,-1138,-8034,312,9588
3057,-1552,2638,-4214,-2304,7448
-2268,-1552,561,566,-7416,4504
-7687,-1568,3957,7874,-19548,1080
-9013,-1536,18187,17486,-23932,-2932
1423,-1568,21643,31817,-5620,-15456
-22487,-1552,3445,31817,17340,-6940
-17063,-1552,11691,31817,32467,-7372
-5735,-1552,10977,31817,32467,-4476
-7359,-1520,22296,31817,32467,2728
-2322,-1536,5561,20414,28300,1924
-3349,-1568,-917,15382,21324,6828
-647,-1536,-1903,14674,11304,4772
2144,-1536,6564,15594,9040,6080
1099,-1552,1640,15626,7028,2552
-935,-1552,-673,16214,6000,2492
107,-1536,2243,16398,1080,2180
1
-32559,-1504,-16589,31817,32467,9256
15870,-1504,-24615,31817,32467,21944
12339,-1552,-5769,31817,-29056,-18188
141,-1536,-15288,31817,32468,-6984
-1171,-1568,-94,16254,-30024,-1972
-9067,-1536,-8569,1266,-12508,2860
-5441,-1552,-861,-7706,-3424,8928
-3876,-1520,-2502,-10982,-2016,8412
-1008,-1520,3709,-10126,2648,9056
2539,-1568,2004,-12214,6704,9124
2520,-1568,-434,-14502,5644,10052
825,-1536,2158,-14318,5904,10804
1171,-1536,2183,-12098,3120,10576
3876,-1520,-3210,-9750,-64,8860
2829,-1552,-1703,-4638,-3764,7828
1482,-1504,5088,2294,-7544,4824
-1209,-1536,13660,8058,-12944,-1060
-3093,-1536,20336,16954,-17136,-4540
-8159,-1552,26106,25738,-12940,-1952
-3565,-1520,-32599,31817,-5012,-6684
3697,-1520,9898,31817,460,-8312
4056,-1568,11193,31817,8988,-9888
-18922,-1504,4572,31817,32467,19088
-14374,-1504,-22567,31817,25784,-2408
-3637,-1536,27626,31817,32467,11072
-492,-1536,9388,22550,32467,8720
-1110,-1552,-10984,19830,17428,9548
1682,-1520,-2287,10378,12680,10208
3317,-1552,895,12222,10204,5020
4690,-1536,-6038,13874,7600,2936
1
11773,-1552,-4491,31817,-140,-19172
7512,-1536,-6392,31817,32468,-13160
-1820,-1536,-10483,31817,-30432,4076
-1635,-1536,-8299,14002,-26524,9060
-106,-1568,3857,-9930,-15320,11676
-1733,-1520,-5630,-17806,-1668,8788
1247,-1552,-6294,-15522,3284,7172
4487,-1536,629,-15254,5788,6216
2736,-1536,160,-17402,6852,8560
1465,-1536,-3185,-12414,3504,8408
1546,-1520,-1038,-13438,2880,9528
2192,-1520,1420,-13854,4488,9812
1489,-1552,-909,-13110,3088,8864
1201,-1536,-2450,-11818,912,8128
2395,-1536,963,-8266,-2232,6880
2281,-1536,4437,-4014,-3404,5676
368,-1552,3072,2854,-6796,2860
-2965,-1536,5920,7942,-9208,2604
-6824,-1520,8372,12782,-11400,3328
-10227,-1536,20139,20106,-7432,676
-16286,-1536,20821,26786,-328,-2384
-17490,-1536,5772,31817,5256,-7916
-5356,-1536,-645,31817,8352,-12140
-12029,-1552,21369,31817,32200,2896
-22070,-1520,4279,31817,32467,-672
-7039,-1536,1184,31817,27148,508
-5067,-1536,-32599,31817,32467,11096
-6865,-1504,12017,16694,32467,4652
-410,-1536,-16348,20226,15216,6460
4987,-1520,-4616,10686,1840,6668
1682,-1552,10694,11458,4512,6388
11,-1536,3985,13962,5948,4560
1
16671,-1552,-3488,31817,-17684,-20344
3513,-1536,-7858,31817,32468,-15340
-2218,-1536,-11737,22946,32468,3836
-4635,-1536,-1279,2642,-20860,5464
-5115,-1552,3339,-5402,-1128,7816
-1551,-1552,4626,-15610,7388,9396
1175,-1552,-968,-14730,5016,10572
3438,-1536,2233,-14106,6320,9296
5574,-1504,3699,-14166,4644,9204
2662,-1536,4145,-15438,6948,9792
426,-1536,-5118,-13186,5248,9968
2896,-1552,-688,-12338,1544,10420
2868,-1520,2435,-10838,1576,9776
1968,-1520,892,-6638,-852,7556
1140,-1568,1628,14,-6208,3448
117,-1504,8048,5614,-9964,2372
-2503,-1552,15558,6602,-8964,2028
-3542,-1520,15162,12322,-7636,-104
-3522,-1520,11016,18478,-3076,-500
-9007,-1552,14721,22282,-1980,-76
-11947,-1536,13500,31817,3068,-7584
-15774,-1536,-10855,31817,20608,-4056
-3584,-1552,10017,31817,31932,9316
-1388,-1552,28627,26422,32467,8044
-3310,-1552,2556,18010,24168,6616
-2546,-1536,-2920,13514,12604,6728
-1611,-1536,2247,11334,7396,5692
-431,-1536,-666,12714,6820,4844
922,-1552,256,14674,3292,3720
920,-1520,3711,16174,4592,3416
1
