-32558,-1664,-29865,31817,2052,-32768
-32558,-1632,-32598,31817,10556,16000
-22248,-1632,11149,23670,-16008,20644
15015,-1664,21612,8098,8468,11752
16266,-1664,-28593,-3346,1092,10148
3058,-1632,-30257,-6138,-20992,17216
-3549,-1664,4939,-11402,-13444,13028
-613,-1632,10436,-2830,-7504,18056
67,-1696,-1404,-7922,-6220,18384
-391,-1664,-4014,-5310,-8320,17040
-948,-1664,-4986,-5414,-8852,16488
-316,-1632,4394,-6878,-9076,16428
-269,-1632,-958,-6390,-6024,15096
-264,-1632,-2175,-6242,-7824,15468
1094,-1632,486,-5826,-7292,14940
990,-1680,-1825,-5350,-7192,14756
2298,-1648,1675,-5758,-6772,15640
2413,-1648,-761,-4422,-5140,15488
4482,-1648,870,-1906,-7096,17008
9316,-1648,3353,1430,-7476,16864
18053,-1648,2901,7606,-6208,15096
30194,-1616,8333,11614,-7576,13912
-32559,-1648,8217,7746,-2076,15528
-32559,-1648,-1001,6866,-2628,15320
-32559,-1680,3528,326,-10112,11980
-32559,-1680,5850,-9846,-2360,8244
32529,-1648,-545,-11590,-3360,-48
29763,-1616,-432,-13010,-3812,-2540
25804,-1664,2726,-22718,-2564,-7896
11952,-1632,-4409,-31206,-8228,-15028
1869,-1664,448,-27410,-7380,-16428
-4613,-1632,916,-25562,-13476,-10996
2
-4991,-1616,-4820,-658,-17836,18904
4149,-1648,9222,-330,-11220,17868
4034,-1616,3420,-4258,-10052,17744
1364,-1648,-1261,-5326,-9856,16896
956,-1616,-266,-3206,-12324,16568
2963,-1616,3548,-2490,-10528,14464
4016,-1616,-138,-2282,-9656,15040
5515,-1648,3217,-162,-11080,15812
11148,-1616,9556,3306,-10748,14912
19469,-1616,6476,4634,-4428,16572
26977,-1616,124,9718,-4772,15324
-32559,-1648,6491,11242,-5312,15436
-32559,-1616,5139,4874,884,15632
-32559,-1584,-3926,2958,-804,12564
31945,-1632,-5731,-4374,-4564,6304
-32763,-1632,-6878,-7822,-4020,2396
28299,-1632,-2475,-11026,-5944,-1156
27770,-1600,-2786,-21710,-692,-8756
17585,-1632,-20835,-28002,-5884,-12128
4166,-1632,-9001,-25674,-9312,-18024
2138,-1632,2028,-25538,-14296,-20272
-8282,-1632,4101,-23898,-16044,-10764
-12511,-1632,-14766,-20698,-7412,-1688
-7023,-1632,991,-21550,-6036,-1536
-4158,-1632,-1962,-21654,-1520,1932
-3065,-1632,-6256,-19990,-4512,564
-1056,-1600,-3270,-17842,-5948,-480
-1629,-1632,-1896,-17770,-4620,392
-2339,-1632,-2356,-16626,-4232,1148
-1437,-1632,-2213,-16534,-3532,2380
-993,-1664,-3643,-16890,-3864,2220
-1181,-1632,-3388,-16758,-4872,1036
2
-32558,-1632,-32598,28410,8484,20812
-32558,-1632,-32598,16614,-10600,24804
2367,-1632,9032,9742,-16632,10432
14781,-1632,15392,3430,-4264,17868
6694,-1632,-13489,-6010,-2184,17640
-674,-1632,-8349,-6042,-15160,18504
-486,-1632,8675,-3130,-10568,17640
3034,-1600,1414,-4046,-7700,18904
5614,-1600,2551,-4498,-9188,18000
1500,-1600,3960,-7146,-5680,18680
366,-1632,-2592,-4166,-6396,16328
2380,-1632,-2555,-3778,-7992,17220
3126,-1600,-708,-2070,-7236,18496
25323,-1616,4044,8950,-752,18424
-32559,-1632,4909,11294,-1248,15316
-32559,-1648,5004,6858,-4780,14472
-32559,-1632,-8,2414,-180,11164
-32559,-1616,-7613,-1942,-7244,5248
-32559,-1616,-1690,-7402,-8368,3308
32294,-1648,-679,-8046,-8940,1544
26776,-1616,-5676,-13106,-8116,-2648
27167,-1616,-3850,-20614,-7120,-9152
23337,-1616,-10818,-19426,-9736,-12832
11406,-1616,-13232,-22410,-10160,-19048
1060,-1616,-2005,-20234,-11032,-20888
-10864,-1584,-5282,-20038,-7312,-15564
-16738,-1632,1640,-18738,-8064,-9504
-15783,-1600,-8252,-19858,-2688,-2748
-9169,-1600,-5537,-19818,-2428,-108
-4538,-1632,-2508,-19478,-6632,1440
2
-32558,-1616,-26289,31817,10000,32767
-32558,-1616,-32598,15806,2524,12460
-32558,-1584,-14268,24450,-10664,18140
9136,-1632,-18083,-6522,-4564,16100
-176,-1632,-15384,-6314,-17708,14416
-2175,-1632,7331,-7958,-12756,18876
1227,-1600,7402,-4742,-9036,16564
4430,-1632,1885,-7142,-4952,17716
2832,-1600,-3533,-7558,-5488,16328
3191,-1600,-469,-5918,-6816,16120
3627,-1632,1610,-5302,-5400,17944
6921,-1616,3608,-978,-5748,18384
13568,-1600,4418,1214,-3444,18268
20508,-1616,2130,5886,-964,17592
28698,-1616,2332,6602,-1660,14780
32293,-1616,2311,5558,-1660,13344
30818,-1584,-1613,-982,-2476,10556
26305,-1616,-2469,-1334,-4376,9616
27611,-1600,576,-5126,-6324,2132
31015,-1584,2624,-12122,-5076,-920
28772,-1616,4065,-14122,-5032,-968
22087,-1616,1460,-21026,-6336,-4624
14760,-1584,-3722,-31190,-7160,-10676
3520,-1584,-5134,-22334,-11112,-9736
-1353,-1632,-1952,-23042,-15040,-7032
-7762,-1600,-245,-20974,-17072,-7516
-7597,-1600,-1336,-22298,-10556,-4060
-6477,-1600,-3077,-21690,-5760,-1208
-5017,-1632,-1848,-20762,-3172,472
-2163,-1600,-3252,-19302,-3876,-300
2
-19060,-1584,6034,31818,-15752,-23056
-32558,-1616,15815,-22638,-9020,-11072
-32558,-1600,-3199,-8482,372,-4752
-32558,-1600,-327,3978,6156,-19184
-32558,-1600,-14268,28686,-1104,-11308
-32558,-1632,-11131,31817,-15916,12908
-32558,-1600,-18298,26334,312,27312
12180,-1600,28723,12598,-8272,5508
13569,-1600,16167,994,3964,22932
2690,-1632,-32598,-6246,2996,14836
2076,-1616,-10484,674,-25208,18504
7556,-1600,13063,1454,-11860,20500
11811,-1616,11235,770,-4540,21336
16293,-1616,1643,3414,-3620,20156
24186,-1616,2967,7838,-6208,19360
-32559,-1616,2681,8734,-392,19288
-32559,-1600,-4011,11430,-152,18436
-32559,-1600,-3570,9886,-6060,13484
-32559,-1632,-3332,-2418,-10084,8800
-32559,-1600,-537,-4486,-6472,6708
29903,-1600,-2292,-6422,-9476,1804
28559,-1632,6747,-13498,-7004,-4280
23122,-1632,3193,-21654,-6788,-7016
11587,-1632,-13008,-22242,-9180,-7948
7770,-1632,-10044,-25522,-7624,-16136
2685,-1600,1675,-23170,-12600,-14060
-6076,-1616,-10467,-21878,-8108,-6280
-7239,-1616,-412,-19846,-11016,-6092
-5180,-1648,1,-21414,-8696,-1080
-3719,-1616,-5285,-19986,-6148,720
-413,-1616,-1317,-19562,-4772,1200
135,-1584,-638,-18198,-4176,584
2
-19041,-1616,12627,31818,-13600,-30980
-32558,-1648,7452,-20462,-6292,-19336
-32558,-1632,-555,1258,2012,-16092
-32558,-1600,466,25118,4964,-7884
-32558,-1600,-32598,31817,13932,-21332
-32558,-1600,-32598,31817,16956,20884
-21074,-1600,8039,22850,-14908,16776
21008,-1600,-32599,6822,-6296,17576
6003,-1600,-15878,-1642,1080,16220
-6828,-1600,-32598,-8826,-15332,6164
-3339,-1600,11928,3650,-19580,11072
6738,-1584,11454,4758,-8032,20248
14925,-1568,4083,2694,-9256,19760
17263,-1616,2790,5226,-8208,20492
22532,-1616,-2861,11242,-3336,17248
29924,-1584,-2401,13826,-4736,16248
-32559,-1568,-3264,7870,-7020,15312
31868,-1600,-5612,3994,-8472,12716
28046,-1632,261,2834,-8664,11444
30264,-1632,692,-4174,-5188,5884
-32559,-1632,-3723,-8810,-3252,1136
-32559,-1600,3964,-9854,-2300,-5388
28742,-1616,-1780,-31866,2948,-10916
13679,-1584,-11415,31818,-9604,-30492
-4444,-1584,-7689,-20510,-9316,-22008
-16603,-1616,7459,-24178,-15244,-16060
-10928,-1616,-9058,-23950,-12564,-992
-8209,-1632,-4990,-24942,-2724,4356
-510,-1600,24,-21818,-1996,6168
5517,-1568,-2138,-20066,-4924,3880
7099,-1632,-3706,-18674,-4720,1996
5227,-1600,-1068,-16518,-5276,404
2
-19484,-1632,10136,-27478,-9852,-23696
-32558,-1600,9640,-14354,-7904,-16160
-32558,-1600,4334,4790,-64,-13664
-32558,-1584,2463,18870,-860,-6956
-32558,-1584,-32598,31817,3020,32767
-32558,-1616,-32598,28898,16672,18760
-5412,-1584,-16361,19522,-28008,5216
23698,-1600,-32599,9490,-16140,18544
-1150,-1632,10530,-5554,832,14028
-354,-1600,-25610,-13330,-11124,22932
5333,-1632,-619,1798,-15036,18468
7500,-1600,1761,-1678,-12584,20316
6698,-1616,7333,-2578,-11908,19432
27766,-1584,2710,9814,-5172,17456
-32667,-1632,5001,12594,-676,19900
-32559,-1600,-132,14782,-2584,15668
-32559,-1632,-946,5982,-3448,10424
-32559,-1600,2713,-2582,-7480,6016
-32559,-1600,2131,-8986,-5956,440
32256,-1616,-1424,-13426,-5528,-3620
26698,-1616,-3826,-22686,-7556,-12104
15408,-1584,-10635,-27378,-9652,-16728
890,-1616,-14020,-22690,-11148,-20048
-7427,-1616,-1663,-27282,-12448,-21416
-14579,-1616,-2585,-26138,-8568,-10864
-11218,-1584,-3634,-23662,-4716,-2952
-5114,-1568,-5501,-20854,-6492,508
-603,-1632,-2910,-20542,-5812,1792
1577,-1600,-1516,-18070,-4872,248
1463,-1568,-545,-15998,-4276,-232
2
-32558,-1600,-32598,20370,17612,22552
-14415,-1568,-10109,25738,-28048,9348
19171,-1600,32539,10350,-8900,19288
2998,-1600,-902,-3770,-60,16156
-2507,-1568,-28906,-10390,-9036,14724
3271,-1600,-4238,3894,-20112,13768
3892,-1568,1568,-2406,-13472,18312
4466,-1600,2410,-1822,-12376,14212
5454,-1584,2069,-3018,-10864,15424
3215,-1584,-4053,-3114,-9416,17052
5883,-1616,-2486,890,-8552,17488
13715,-1584,1028,5458,-7588,17248
16962,-1584,1782,6706,-6792,18636
20572,-1568,4251,11498,-4016,17244
26814,-1600,6106,13894,-4236,15388
-32559,-1600,1900,6078,-3712,13160
-32559,-1568,-6119,-10382,-6072,-1320
-32559,-1568,9882,-19682,-3988,-6988
27523,-1600,-12110,32322,-6400,-7264
3253,-1584,-20536,-25798,-7636,-15148
-211,-1552,149,-22354,-8152,-22832
-3004,-1584,2040,-21618,-2788,-11468
-5441,-1584,-3473,-24882,-4852,-2464
-3702,-1600,-2536,-22106,-5476,-2116
154,-1600,-4804,-22426,-4352,296
1306,-1632,-4342,-21534,-4196,-944
2059,-1568,-756,-19830,-3172,-1140
518,-1616,-1604,-18854,-2436,-160
-531,-1584,-2857,-17638,-2264,856
335,-1616,-829,-16394,-2896,1000
2
-32558,-1616,-5005,23990,5724,16868
-32558,-1568,-32598,31817,672,32767
-27181,-1568,-21555,17230,-9004,23808
13622,-1600,-32599,6670,-10104,12952
3792,-1600,17494,-3142,1196,19984
-11162,-1600,-32598,-11734,-1216,17340
963,-1584,-1114,8682,-15212,13408
4685,-1584,3369,-5422,-9692,20292
3800,-1616,3018,-1322,-8988,19500
7640,-1584,2313,-2274,-5756,18740
9271,-1600,-5062,3554,-3928,19784
15795,-1600,-3186,8274,-3916,17556
25169,-1568,1429,10670,-4168,16636
28854,-1600,-298,6042,-3028,17700
27184,-1584,-1888,6050,-1664,15424
29756,-1584,699,-1178,-7496,9088
29327,-1584,777,-11146,-5564,5340
29970,-1616,-1022,-10814,-3684,1752
28308,-1616,-4446,-16822,-8228,-1108
24056,-1600,-7222,-23614,-6112,-5556
15250,-1600,-16537,-28570,-4876,-8492
5620,-1584,-18316,-24078,-5176,-12324
529,-1584,-9301,-24358,-2024,-12632
-4917,-1584,-3799,-25222,-2600,-11408
-7496,-1584,-2761,-24270,-2292,-8004
-8210,-1584,-7862,-22238,-4708,-4312
-3055,-1584,-4340,-19698,-5504,-2524
2383,-1584,2313,-19318,-4452,256
2890,-1632,305,-19214,-2620,2020
2387,-1600,-2993,-16522,-1920,532
3327,-1568,-1681,-15358,-3092,608
2459,-1600,975,-16022,-2876,1068
2
-32558,-1568,-126,31817,29584,-124
-32558,-1568,-29901,23438,-5648,18948
-15838,-1568,-10539,13962,-11640,19240
5463,-1584,16780,3810,-7760,20224
2893,-1584,-9219,-3594,1948,17504
-1236,-1616,-16457,-1862,-11704,17892
-1168,-1584,-3148,-1410,-12632,17436
1809,-1568,2368,-1950,-11672,18008
5310,-1600,7165,-3638,-9308,17652
922,-1568,624,-6190,-5108,19240
323,-1600,-3820,-2898,-8392,15428
3270,-1632,-989,-2246,-7532,17912
5360,-1616,544,854,-7632,19676
11853,-1616,4892,4438,-5804,21936
24424,-1568,5971,11074,-532,20400
-32559,-1600,6680,16550,2656,22916
-32559,-1600,2815,16446,2756,21280
-32559,-1600,-2621,5830,-20,13364
-32559,-1584,-6987,-606,-6332,7116
-32559,-1616,-6341,-5454,-6544,936
-32559,-1584,5049,-11686,-8192,-8232
32403,-1600,-9891,-25650,-7104,-13900
19187,-1600,-18976,-24874,-11332,-18316
6258,-1600,-11522,-19470,-11560,-25828
-9070,-1600,-5956,-18458,-13772,-19640
-14655,-1600,-5602,-18466,-12616,-14084
-15858,-1600,-1933,-22458,-4920,-5552
-11178,-1616,-3968,-21762,-3168,224
-5004,-1552,-2961,-21210,-4432,1804
440,-1552,-355,-19534,-3560,764
2452,-1616,-291,-18622,-3316,548
1900,-1600,352,-17246,-3380,552
2
-32558,-1552,-3978,31817,-1732,19964
-32558,-1584,-32598,18210,16020,26200
-32558,-1584,-32598,21866,-10808,16772
6837,-1584,17844,9318,-17512,12168
11705,-1600,20806,2118,-1240,19416
-3336,-1600,-12639,-11882,-2032,12348
-4769,-1536,-16850,-1106,-14356,17480
1325,-1600,-59,-1598,-15928,16696
4784,-1568,6069,-3298,-11920,16764
3669,-1568,4683,-6866,-8632,16268
-965,-1568,-3328,-6354,-7180,16556
805,-1584,-1291,-3546,-10016,14992
3815,-1584,1558,-2826,-8404,15432
4236,-1616,185,-1582,-7688,17312
9617,-1584,2151,4210,-6552,17732
19540,-1552,1069,9178,-1768,18056
29757,-1600,5686,15702,-3912,19088
-32559,-1536,6489,16758,784,17924
-32559,-1568,-1460,9042,-1568,13956
-32559,-1568,-2791,1210,-5596,8620
-32559,-1584,2838,-8962,-9144,2072
30777,-1584,3674,-17434,-6980,-1012
23785,-1584,-8798,-25918,-9580,-6704
16936,-1552,-11628,31818,-11424,-15648
10802,-1552,-10783,-25610,-10972,-15652
-616,-1568,-11760,-22530,-9692,-14316
-6383,-1600,-5222,-20602,-11616,-11840
-7622,-1600,-4834,-20490,-8424,-9024
-7628,-1600,-3084,-19478,-6560,-4856
-7184,-1600,-1842,-19278,-4640,-172
-4445,-1552,-1394,-18278,-4332,1624
-1316,-1584,-980,-17782,-2852,2804
2
-32558,-1600,1312,31817,11816,22780
-32558,-1568,-28389,18562,11692,30776
-32558,-1584,-32598,24194,4476,16964
5480,-1568,7908,1082,-16280,16568
6340,-1584,15652,-1662,420,19208
-3739,-1584,-14030,-10910,-4904,13848
-2441,-1584,-3657,-3450,-10772,15304
1209,-1568,-1347,-4270,-10084,16228
993,-1568,3679,-6178,-8796,16644
-705,-1568,512,-6678,-7568,16500
-1985,-1568,-4131,-6086,-9476,15316
-3261,-1568,-4223,-6914,-8268,16096
262,-1584,-3569,-4294,-8220,15088
1729,-1584,-2759,-3162,-8672,15944
4881,-1616,-21,-1718,-8868,18016
12806,-1584,5198,630,-5440,19280
22132,-1568,5865,6930,-444,18896
-32559,-1568,6977,12726,1708,19888
-32559,-1600,3943,8910,-1264,17596
-32559,-1600,342,2986,-2616,13884
30440,-1600,-5583,74,-5476,11060
29332,-1552,-5578,-7070,-11696,5020
26749,-1600,-5405,-16030,-9584,1252
25569,-1584,-7095,-15578,-9480,-1744
21584,-1584,-6043,-20742,-7088,-9960
14395,-1600,-13303,-27974,-8536,-20240
2957,-1600,-9525,-21930,-8824,-21080
-8764,-1600,1257,-20886,-8996,-18272
-10777,-1584,1466,-20382,-9304,-9024
-10575,-1584,-7087,-18914,-7608,-4328
-7625,-1584,-1952,-20394,-7260,-420
-1895,-1552,4358,-18406,-3464,1380
2
-31578,-1568,-5466,-13482,-804,-11108
-32558,-1600,-17152,-1854,4360,-1324
-32558,-1568,-2270,31817,-912,5808
-32558,-1568,-25539,25050,28696,32767
-32558,-1536,-32598,12382,6524,25640
4211,-1584,805,18098,-22732,244
25883,-1616,-32599,4914,-6196,11524
4449,-1552,7227,-14614,-8676,11928
-10307,-1616,-20275,-13738,-10784,12268
-3275,-1568,3526,-346,-13380,15704
1635,-1568,5020,-6454,-10624,20016
4486,-1600,5482,-8594,-9144,17304
3535,-1600,-766,-8322,-6076,18220
2550,-1584,-8855,-5234,-7144,16972
6738,-1584,-2388,-4510,-8496,16380
11683,-1552,2318,-798,-5520,16612
16078,-1568,7799,-1850,-5992,14784
17831,-1536,15228,-1346,-4016,16396
17139,-1600,13721,1902,-1896,16648
20600,-1568,11924,5150,372,14272
25108,-1584,9392,-3614,1448,13576
24886,-1552,-107,-6450,252,11780
27076,-1584,-7254,-7202,1324,7044
27498,-1552,-11796,-18914,160,692
25293,-1584,-8914,-22726,-2160,-6276
24916,-1584,-9082,-26258,-3636,-19284
16392,-1568,-9384,-28598,-10808,-24408
-5149,-1568,-13595,-21434,-15600,-19868
-9831,-1568,-10839,-17898,-25520,-10980
-14449,-1536,-5257,-17434,-16456,-4736
-14339,-1600,-7438,-19902,-9092,-1156
-9609,-1568,-1525,-20798,-2560,856
2
-32558,-1552,-32258,31817,24900,21916
-32558,-1584,-32598,31350,-4140,21468
19501,-1584,28796,6930,-15192,11600
16136,-1616,-32599,-1354,468,17992
-5544,-1568,-28945,-14842,496,11692
-3056,-1600,-13343,542,-21512,19828
-549,-1568,3710,-3702,-13612,20416
5171,-1600,5549,1326,-11592,17780
8659,-1568,6807,-1334,-10072,18860
8682,-1600,6132,1390,-7016,18836
16110,-1584,5540,4934,-5736,17656
21577,-1552,2277,6650,-876,21308
28179,-1536,2953,13602,1752,19364
-32559,-1552,4708,12258,2348,18300
-32559,-1600,2181,2042,-540,12632
-32559,-1568,-170,-5618,-1988,4636
-32559,-1568,-2080,-14006,-4564,-1124
26084,-1600,-11408,-17350,-3852,-6824
19689,-1600,-12237,-23974,-7840,-13936
6605,-1584,-8899,-26978,-7972,-15336
-3611,-1584,-11081,-25446,-8688,-17332
-9116,-1584,-6071,-25550,-8976,-14604
-10117,-1584,-4687,-24714,-6872,-5632
-4965,-1600,-3791,-21110,-6448,-3388
-1839,-1568,-2995,-21442,-8488,-328
-1002,-1600,-58,-21258,-7908,864
2765,-1600,6902,-20350,-5240,108
4636,-1584,-432,-19882,-2568,-8
2350,-1584,-7229,-16510,-4196,-692
1276,-1584,224,-13766,-4860,-148
1782,-1584,6132,-13526,-2832,2664
440,-1568,1458,-13870,-3096,3632
2
-17441,-1584,12036,-29630,-5076,-24684
-32558,-1568,8027,-12242,-1376,-13608
-32558,-1600,7352,8598,2648,-9516
-32558,-1600,10516,28090,2404,-1060
-32558,-1600,10086,31817,-12608,32432
-32558,-1584,-32598,31817,23036,32767
6536,-1584,-2063,6450,-31116,10424
19333,-1584,-32599,5194,5300,20464
-2421,-1552,-32598,-11726,-1756,9780
-9110,-1568,-7327,-10498,-18096,16328
-1698,-1568,4631,150,-14376,20456
6657,-1600,4783,-2498,-8240,17152
8734,-1584,4376,-3350,-7564,19176
8661,-1568,-749,-294,-7000,18432
16634,-1584,340,6266,-4440,18648
27328,-1584,5327,12270,-1544,18520
-32559,-1584,8773,12370,-1996,21336
-32559,-1568,3889,8166,-288,18372
-32559,-1568,759,-1146,-4140,12700
31204,-1536,-4760,-8018,-5156,7496
29203,-1568,-4883,-18022,-6944,-1548
23186,-1600,-14181,-20426,-2572,-5300
12345,-1584,-15080,-29982,-4924,-16172
1385,-1584,-16923,-32694,-3872,-21992
-9880,-1552,-13408,-26830,-1356,-21536
-12164,-1568,-3065,-25794,-4016,-15084
-9641,-1568,1343,-25018,-5484,-8020
-7425,-1568,-4036,-21622,-4252,-2404
-2101,-1568,-5377,-19030,-4928,572
2361,-1552,372,-17890,-4656,3052
4476,-1552,432,-17450,-1420,3236
3919,-1584,-2193,-16438,-1832,1204
2
-32558,-1568,-32598,31817,12296,-11928
-32558,-1568,-32598,31817,32448,32767
-32558,-1568,-32598,30942,-11508,18800
23362,-1584,-32599,4510,-17140,15668
9454,-1552,20840,-1250,2600,15748
-6353,-1552,-32598,-13430,-11856,8616
-3364,-1600,1179,-22,-27028,13948
1689,-1568,7913,-2638,-15612,17528
6253,-1568,7771,-2430,-12328,16292
4588,-1552,5789,-6306,-9468,16808
-244,-1552,-3673,-4906,-8260,16224
1895,-1584,-3985,-2406,-9416,15612
7396,-1568,-196,1078,-9364,17124
14552,-1568,2241,3718,-8976,18516
23718,-1584,6735,8670,-5676,18788
-32559,-1552,7390,12994,-480,21128
-32559,-1552,2571,10178,-2580,19448
-32559,-1552,-874,2974,-4768,13232
-32559,-1552,334,-3218,-5996,7336
-32559,-1568,-3291,-12518,-6092,896
27681,-1568,-9821,-11626,-4868,-3220
23714,-1568,-8261,-19034,-5600,-11168
18660,-1584,-11164,-24702,-3508,-16760
3344,-1584,-10865,-20214,-6580,-15776
-8244,-1552,-12745,-22422,-6244,-12884
-14675,-1568,-3853,-22554,-8116,-11960
-12479,-1600,-8116,-22174,-7792,-7096
-6764,-1600,-1868,-21034,-10564,-4828
-3092,-1584,3459,-20594,-7524,-2792
113,-1552,527,-20766,-4268,-616
2254,-1584,-2099,-20458,-2448,368
4005,-1552,91,-19114,-2664,336
2
-12784,-1584,6748,31818,-5756,-29280
-32558,-1584,8244,-19614,-4392,-18144
-32558,-1552,16387,6690,-3912,-17156
-32558,-1584,-16639,31817,24972,-24436
-32558,-1568,-13551,31817,19816,32767
-32558,-1568,-32598,31817,11960,30692
-1059,-1600,8339,13706,-14144,8924
14216,-1568,26296,882,-4908,22260
-86,-1616,-25670,-7778,-9044,7244
-6620,-1584,-5293,-5386,-23780,11624
-565,-1584,6428,-2618,-10508,18188
4080,-1584,5563,-3082,-7716,18108
3087,-1600,1192,-5438,-8360,18884
4018,-1568,101,-554,-8732,20436
14039,-1568,2307,5678,-4916,22596
27348,-1568,7279,11706,-1760,23444
-32559,-1568,4643,15722,3500,22060
-32559,-1584,-4655,8822,1204,20192
-32559,-1584,-6088,2674,-6060,11948
-32559,-1552,-2563,-7394,-9108,5224
28677,-1536,-3565,-13938,-7000,1572
20594,-1568,-13356,-19794,-6664,-6148
13500,-1568,-9207,-22798,-9176,-11036
6870,-1552,-14402,-25250,-6500,-14952
-1310,-1584,-15764,-27502,-7692,-19872
-8343,-1584,-2292,-23294,-6812,-15312
-9206,-1584,-192,-21010,-4760,-8492
-9263,-1536,-3266,-19226,-6596,-4696
-5004,-1568,-3831,-18694,-8192,-1064
-861,-1568,-546,-18190,-6820,1168
2036,-1552,-377,-17170,-4256,408
2574,-1584,-364,-17454,-2712,588
2
-4762,-1584,-4935,14538,32468,10756
20273,-1552,-32599,5754,-7816,21440
-1244,-1584,-13121,-4730,2280,13996
-3762,-1536,-31418,-11710,-17612,16452
2245,-1536,-3791,1938,-19112,18148
8390,-1536,4592,-1606,-9592,16508
3977,-1584,-848,-7134,-7880,16528
1572,-1584,-1961,-3794,-9520,14012
2498,-1584,-1994,-3466,-10980,13832
3776,-1600,1456,-4030,-10600,13892
2402,-1568,1743,-5798,-8700,14692
-488,-1568,-3360,-4722,-7988,14164
2904,-1584,-1189,-710,-8772,16540
12945,-1584,6637,4238,-11900,18448
27535,-1552,14060,7642,-6272,19616
-32559,-1568,9009,13674,-340,21816
-32559,-1568,2958,16902,2796,21272
-32559,-1536,1095,12346,-3156,16088
-32559,-1536,1641,114,-6284,6880
-32559,-1552,-3146,-8258,-6420,3268
-32559,-1584,-9376,-13018,-10640,-8528
29886,-1568,-2857,-19602,-9964,-14680
15433,-1536,-13885,-22206,-10948,-17800
-4868,-1568,-9677,-20314,-12252,-24104
-10927,-1568,-1421,-17990,-13212,-20912
-20426,-1584,-6216,-24654,-10244,-11520
-20268,-1552,-4306,-19346,-5504,-9152
-8840,-1552,3640,-19762,-4356,-200
-6082,-1552,-5825,-21142,-4508,1728
-1341,-1568,-4985,-18854,-5336,2036
2509,-1536,-1033,-17094,-5248,2248
3761,-1568,-442,-16470,-4448,1656
2
-32558,-1600,-2224,31817,32467,32767
-32558,-1568,-32598,26062,-1896,25484
-5028,-1568,5682,14526,-28424,11788
9076,-1552,27496,4786,-6268,22920
-5852,-1552,-11740,-10366,-5952,15000
-4707,-1584,-7748,-1446,-17660,19260
-4264,-1584,-2133,-3626,-15104,21588
528,-1568,995,-1366,-13952,18956
3665,-1600,5545,-3858,-11992,17468
267,-1568,-1728,-5858,-8392,17508
-199,-1600,-5878,-3274,-11440,15828
2640,-1568,-1714,-1718,-9572,18040
4527,-1584,-4310,894,-8176,20132
12162,-1584,210,4698,-8060,20416
24907,-1584,3314,9346,-4124,18116
-32559,-1552,5292,13454,-584,21424
-32559,-1536,2279,15530,-892,21312
-32559,-1568,-882,10654,-3392,16216
-32559,-1536,-2194,1734,-5708,6584
-32559,-1584,-3758,-5898,-6504,980
-32559,-1584,-4395,-8654,-4464,-6676
-32559,-1584,-15946,-21894,-7168,-19332
23680,-1552,-23910,-26238,-8408,-29812
2689,-1568,-19954,-19594,-5428,-31200
-10725,-1568,-8332,-17558,-9636,-26188
-26352,-1568,-2025,-20574,-7436,-15344
-28276,-1568,-5803,-20642,-3060,-9716
-11822,-1600,4802,-20654,-5932,968
-7110,-1568,-3627,-21518,-5004,3204
-1803,-1552,-5541,-18742,-4048,1604
1603,-1552,-814,-17870,-4516,232
1452,-1584,1571,-17154,-4044,-1744
2
-32558,-1568,-16453,13898,5668,-14772
-32558,-1568,-32435,31817,-7588,4036
-32558,-1536,-32598,31817,240,32767
18486,-1584,12973,18046,-25544,12496
21712,-1584,-32599,2422,3648,18748
-3541,-1584,-26234,-6682,664,7936
-3594,-1568,-32598,-10686,-19212,27320
486,-1568,-5158,2710,-14628,18984
6013,-1536,3647,-422,-11740,18924
5184,-1584,6130,-4598,-9628,17240
2076,-1584,-176,-4030,-5332,19544
3757,-1584,-6223,570,-7552,19556
12642,-1584,-114,4954,-6664,21572
25832,-1584,5439,12298,-3236,22096
-32559,-1568,7786,15546,792,23484
-32559,-1568,0,12862,1908,20264
-32559,-1600,-2096,7426,-3296,13792
-32559,-1600,2922,1266,-9308,6104
-32559,-1600,4147,-7770,-4756,476
-32559,-1568,-2027,-15598,-3640,-9048
28501,-1584,-17755,-21022,-6528,-15800
11710,-1552,-17158,-23822,-10560,-21464
899,-1568,-6326,-20562,-11788,-22660
-9912,-1568,-6984,-22586,-15464,-16372
-12658,-1568,-4258,-21434,-15556,-5336
-10289,-1568,-4946,-19502,-8980,-2380
-2932,-1568,-2867,-20850,-4220,-112
-117,-1584,-2489,-20790,-2016,-884
781,-1552,-3343,-19050,-948,-3344
1781,-1552,-536,-18518,-1152,-3412
149,-1584,-358,-18194,-2596,-2436
-872,-1568,-647,-16978,-4132,-2664
2
-32558,-1568,-5193,31817,11224,-12432
-32558,-1568,-30447,31817,21872,32767
-32558,-1568,-24493,27930,-18740,30096
5101,-1600,-32599,10038,-11988,14100
6386,-1584,17315,-6086,11792,19996
706,-1584,-32598,-7814,-8708,14492
861,-1584,-1268,1442,-17992,17196
4775,-1584,7230,-1422,-11176,17044
4745,-1584,3286,-4062,-9164,17692
5110,-1568,1291,-1862,-6676,19492
9521,-1536,-1459,1942,-6536,19108
15211,-1536,-3520,6282,-5140,20192
22381,-1568,-3031,10814,-4556,18100
28597,-1584,594,9230,-3600,17332
30549,-1584,-563,4054,-2440,15860
31229,-1552,-1188,3598,-4656,11516
30688,-1600,-604,-5954,-5328,4320
30603,-1600,2366,-12430,-5632,1196
27242,-1568,-2652,-18994,-2676,-4396
19435,-1600,-7397,-30122,-11300,-8784
7226,-1584,-9006,-26810,-8540,-11500
-1029,-1584,-13986,-23402,-8772,-12128
-2195,-1584,-12862,-21022,-11824,-7232
-6738,-1584,-8503,-24094,-9236,-4888
-5607,-1536,-6985,-19422,-10604,-4712
-3158,-1600,-3205,-19778,-8400,-1588
-3431,-1568,-3372,-20522,-5784,-44
-1208,-1536,-3369,-19282,-3828,-836
587,-1552,-3311,-18286,-2536,-168
1165,-1552,-2618,-17578,-4308,428
-724,-1568,627,-17158,-4060,1240
-1245,-1568,-725,-15830,-3900,1888
2
-32558,-1600,608,31817,24660,32767
-32558,-1536,-32598,31817,-4800,26972
12669,-1568,26687,14366,-17820,12152
16236,-1568,-32599,-1170,236,23544
-4896,-1536,-30603,-11166,-4680,8044
-558,-1552,-8804,2778,-21700,16344
447,-1520,-2164,-4386,-14180,16276
2549,-1568,7878,-2570,-13668,17908
3952,-1568,3762,-4654,-9008,18132
1933,-1568,-8066,-4858,-8436,17132
3494,-1552,-7707,-3366,-8956,16988
8682,-1584,-2031,1094,-7764,19076
-32559,-1568,4931,12626,-1092,21656
-32559,-1568,4400,7966,-1816,18296
-32559,-1568,1063,2574,-3832,12688
-32559,-1568,250,-5054,-2972,5320
-32668,-1584,-4267,-12114,-4292,-4892
28529,-1584,-5414,-23366,-6648,-11940
18916,-1552,-19094,-30666,-6732,-18596
-1249,-1568,-19303,-22230,-9960,-20320
-4616,-1568,-4224,-17726,-13472,-20368
-7207,-1568,-795,-22242,-15592,-14396
-10347,-1552,-1930,-20102,-12348,-9156
-6473,-1584,-460,-17614,-9960,-4364
-5323,-1616,-3767,-18926,-7588,1520
-1740,-1584,-4146,-17278,-6952,2332
1373,-1600,-3084,-16466,-7420,1680
3043,-1568,-2244,-14934,-6784,1760
2387,-1568,-667,-14822,-6592,964
283,-1600,-1066,-14382,-6296,-252
2
15754,-1568,12387,31818,-14056,-31832
3664,-1568,9373,-32014,-6608,-29368
-32558,-1568,3621,4782,-6196,-12376
-32558,-1552,-3765,19130,6624,2424
-32558,-1584,-1908,31817,21652,25592
-32558,-1584,-32598,22582,-332,32767
18161,-1536,31134,3594,-17832,13844
7325,-1600,25523,-2250,-224,16380
-11291,-1600,-30756,-10558,-12944,11668
-3128,-1584,4136,562,-26260,13544
1639,-1552,6092,-3290,-13340,19404
2360,-1584,2325,-3130,-11736,20732
8437,-1584,2261,-2098,-10136,20328
15045,-1536,-83,1858,-7992,21600
23254,-1600,-2128,6150,-5012,20624
31371,-1600,1380,9866,-2804,19540
-32559,-1568,1819,5386,-5280,16696
31401,-1568,-2056,1074,-4304,11704
28187,-1584,-5100,106,-4740,7364
27349,-1584,766,-9570,-7060,-612
21895,-1584,-2351,-12190,-5348,-1620
13680,-1600,-10116,-16706,-4612,-6836
6997,-1536,-7135,-27122,-5304,-12120
-553,-1568,-6623,-24994,-7880,-9992
-6463,-1568,-10034,-27970,-3480,-14136
-5297,-1584,144,-25898,-6432,-11420
-5512,-1552,-849,-24154,-6080,-5532
-4159,-1584,-4611,-22322,-7688,-3700
-1377,-1584,-1123,-21262,-8644,-2556
-102,-1568,-568,-21078,-9240,-900
2
-32558,-1568,-32598,24822,22952,28684
-31850,-1584,-31205,24990,-11100,22180
11991,-1552,24241,5314,-4304,21104
8131,-1584,9112,-6198,-1036,19840
-8925,-1600,-30880,-13770,-6724,15536
-3767,-1568,-386,2,-15900,15316
2002,-1536,1428,-5158,-10432,18040
695,-1568,2076,-6146,-9268,16196
-863,-1584,1525,-6678,-6296,16460
1369,-1552,-2646,-6394,-7156,14412
114,-1584,-3369,-7402,-8032,14948
832,-1600,-221,-5730,-7952,15420
3347,-1600,3090,-2290,-7256,18876
10035,-1568,7376,-562,-7068,22748
14250,-1552,-5709,6122,-32,17488
3420,-1568,-7665,6874,532,15724
15949,-1568,-16693,16138,-6024,16744
31369,-1536,-5943,5962,-11396,13512
-32559,-1568,-7472,-8582,-13068,12088
-32559,-1616,-16646,-11798,-7928,2564
-32559,-1584,-10804,-13422,-11224,-5968
-32559,-1584,-13004,-15490,-580,-12416
-32559,-1536,-28173,-13334,128,-18604
23118,-1536,-22301,-14310,1104,-32624
6319,-1584,-5647,-16990,-364,-31220
-14805,-1600,-2741,-16546,-2964,-24420
-24432,-1584,7135,-17686,-10956,-16956
-20174,-1584,5991,-19470,-10836,-4444
-15073,-1552,-5813,-17234,-10732,-1092
-4405,-1584,4264,-16706,-10352,-632
2
-32558,-1568,21464,31817,-6584,10740
-32558,-1568,-15473,31817,19532,32767
-32558,-1584,-28825,19762,3836,20820
28091,-1584,-32599,15790,-9592,9220
11794,-1552,3641,-2910,-8124,7004
-12285,-1584,-11210,-19706,-17792,1540
-7711,-1568,-3431,-3798,-25540,9816
-1864,-1568,4048,-7042,-9400,12152
3930,-1568,10577,-10606,-11792,13952
81,-1568,-2089,-13770,-8956,14816
-1090,-1568,-5221,-10226,-10184,12296
686,-1552,-2076,-11066,-9280,12860
990,-1584,-395,-11490,-9048,12412
2716,-1584,3314,-11762,-7032,10388
85,-1568,-1782,-12970,-6068,12012
-596,-1568,-2094,-11182,-5988,11496
2146,-1536,-876,-10894,-5732,11156
130,-1584,-3303,-11434,-6640,11560
1732,-1584,1089,-9538,-5924,12348
5533,-1584,3292,-6450,-4544,15556
12208,-1568,2161,-410,-3524,16292
22534,-1568,8313,518,-2908,15404
26652,-1568,7662,3278,-2160,16776
25957,-1568,-2254,3690,-1832,14284
28042,-1552,-3396,-362,-9372,9404
24931,-1552,-233,-7154,-9384,6852
18671,-1600,-594,-8198,-7760,4180
17460,-1568,-1739,-13774,-10568,-1736
13657,-1568,-254,-14806,-8764,-3732
7370,-1584,-2580,-13730,-9244,-4148
4409,-1552,-7193,-21930,-10592,-9564
2735,-1584,-5621,-21094,-12896,-11132
2
11817,-1552,7194,-19574,-5888,8472
-8939,-1584,-9011,-12150,-10360,7708
-9313,-1552,-7616,-8610,-10952,11696
-2085,-1584,1634,-10666,-11436,13312
-332,-1568,7767,-12542,-9064,13100
-1408,-1600,2330,-13422,-6848,12924
-1736,-1568,-2082,-12598,-6228,12620
-694,-1568,-2441,-12238,-7052,12736
-673,-1552,-2521,-11462,-6360,11204
262,-1552,668,-11342,-5776,11936
1944,-1584,-238,-8690,-4344,14368
6797,-1568,1283,-4150,-4004,14808
12154,-1568,4373,-4946,-4576,17696
16052,-1568,5476,-674,-2260,18960
19512,-1568,10317,5554,-1164,15672
26099,-1552,14296,4346,-3856,13228
23008,-1584,5117,-4554,-1864,12876
15673,-1584,340,-1914,-4616,9452
13755,-1568,974,-7714,-5736,1988
4526,-1568,4800,-16526,-5236,188
-2460,-1536,-10363,-17686,-8700,-1300
-4249,-1584,-9873,-23658,-10816,-4736
-1831,-1552,-6162,-30090,-18540,-5052
-1875,-1568,-9281,-29066,-12992,-4340
-31,-1568,-10959,-23714,-15980,-6016
874,-1536,-11076,-22638,-13208,-5152
-160,-1584,-7729,-21642,-9068,-5316
-2587,-1584,-5093,-20918,-4180,-4532
-3850,-1584,-2851,-19946,-1376,-2752
-3116,-1568,-686,-18378,-352,124
-2465,-1568,-167,-17778,-2452,1732
-1943,-1568,-959,-16714,-4800,2348
2
23631,-1584,-32599,4130,-6560,12884
10010,-1552,15731,-4586,-164,11992
-12746,-1552,-29078,-17622,-9000,10288
-7421,-1568,-7464,2894,-18860,16072
-446,-1600,4399,-5546,-11084,18504
5291,-1568,9898,-7190,-11144,17520
3700,-1552,3889,-8786,-7052,18452
2307,-1536,-1902,-6750,-7552,16620
2911,-1584,-670,-5438,-7076,17868
7582,-1552,-1588,-3322,-6696,17220
15045,-1568,2915,-594,-6704,16660
19771,-1568,3443,-198,-3552,17144
21260,-1568,1812,-38,-3800,16824
21500,-1536,2630,1382,-4344,16580
21823,-1584,6513,-1322,-5380,13756
20744,-1552,7746,-3814,-4324,13324
20904,-1552,23,-4686,-3808,7144
20992,-1568,-665,-11794,-7156,4424
17672,-1568,-2419,-12934,-3956,1200
20895,-1568,4709,-18506,-3036,-7180
14139,-1568,-4069,-22498,-812,-5264
2803,-1616,-17875,-18566,-4476,-5356
-1162,-1584,-10337,-18726,-6188,-8356
-6105,-1568,-3250,-23062,-7176,-5364
-5504,-1584,-2387,-23178,-4356,-464
-4752,-1584,-6299,-22530,-3784,-36
-2239,-1552,-4218,-21798,-5568,400
-701,-1552,-3561,-20290,-4704,1052
-5,-1568,-3553,-19054,-3380,1696
223,-1536,-1869,-17250,-2908,1776
2
-32558,-1568,-25370,31817,16020,32767
-32558,-1536,-32598,31817,-1256,28076
16206,-1536,22254,6586,-23452,16032
18229,-1584,-32599,1866,-4336,18896
-1910,-1552,-16591,-9490,-5200,10180
-12073,-1584,-32598,-11382,-7732,18764
-3807,-1536,1281,234,-11688,17532
5190,-1568,7296,-2698,-10212,18340
3072,-1536,8231,-6786,-9780,18084
-1180,-1584,691,-6334,-6640,18260
-38,-1552,-5331,-1934,-8044,18168
5663,-1552,-1100,586,-10236,18648
13925,-1568,1947,3570,-7396,19648
23320,-1568,2322,9214,-4156,17628
-32559,-1568,9517,11558,-4548,16020
-32559,-1600,7012,2810,-3332,18152
32284,-1552,1639,2966,-3296,15688
32593,-1552,322,-414,-4244,8180
-32559,-1568,707,-11218,-3264,5348
25752,-1568,-5125,-13218,-3220,4968
20321,-1568,-9451,-17434,-5384,-2980
16096,-1552,-10978,-22810,-2164,-10048
9691,-1552,-11671,-22386,-5904,-13560
-1905,-1616,-16508,-26254,-4524,-16080
-8497,-1552,-3472,-24338,-10956,-16936
-7308,-1568,-3518,-21094,-11196,-11232
-6712,-1568,-4881,-19082,-9724,-7888
-3795,-1568,530,-19694,-7384,-4156
-3524,-1600,-1105,-19290,-4244,-1236
-2054,-1552,-2983,-17566,-2556,52
-174,-1584,-1045,-16922,-4080,-360
153,-1600,2533,-17306,-3456,220
2
3143,-1552,6193,-1486,-5976,17604
7770,-1568,5148,-9338,-7092,12408
-1537,-1568,-7186,-10222,-8040,9312
-4918,-1568,-7167,-10998,-9476,10232
-1552,-1584,-1513,-9506,-10196,11064
-33,-1584,1154,-10874,-9764,11832
-2184,-1584,1984,-11846,-8024,13116
1365,-1584,1282,-10070,-6440,11880
1707,-1568,-414,-10650,-7004,11704
1080,-1536,-2594,-8066,-5668,13812
3794,-1568,-2719,-5366,-5556,13808
7825,-1568,-1808,-1822,-4460,15300
14212,-1584,4610,4926,-3256,16576
22003,-1584,9964,6646,-1040,17920
21100,-1584,3142,1374,-3228,15324
21400,-1568,1429,1606,-3680,10204
19713,-1568,4342,-7122,-7788,7576
11684,-1568,-1079,-16738,-6720,5136
9226,-1568,-5249,-20694,-10336,-2536
3325,-1584,-7418,-27318,-8152,-4776
-6959,-1552,-12491,-26934,-12936,-3900
-7093,-1600,-11022,-27018,-9992,-7788
-3953,-1568,-4580,-25302,-7860,-7012
-5543,-1568,-6588,-24802,-4952,-3388
-5411,-1568,-8660,-22478,-3564,-4636
-3814,-1584,-7798,-21414,-4716,-4272
-3186,-1552,-1525,-20878,-3468,-3012
-2915,-1552,-1017,-19818,-2468,-1048
-1315,-1600,-1174,-18738,-2880,612
-482,-1568,1179,-18258,-3868,2324
-11,-1536,1650,-16666,-4004,3480
1326,-1568,192,-16686,-3968,4708
2
-6473,-1584,-4333,-7110,-10264,8932
-5646,-1584,-8200,-10046,-13768,14200
-2203,-1568,3301,-9886,-12644,12724
124,-1568,6783,-11886,-8916,15048
1629,-1568,5715,-11578,-5052,14848
2085,-1568,1132,-10490,-3284,15688
2921,-1568,-3447,-8758,-4776,16444
5672,-1520,-2689,-5678,-5244,17368
13336,-1552,2380,1382,-3696,16020
20108,-1584,7735,3562,-2204,18192
20496,-1568,1776,4806,368,17580
22554,-1600,1932,6350,-1616,16412
24398,-1568,3144,-2194,-5420,8520
20771,-1568,-665,-11730,-5460,3372
11344,-1584,-5652,-16982,-5008,-2844
6879,-1552,-1008,-22838,-6800,-5600
-259,-1584,-9386,-22274,-10388,-4620
-5703,-1584,-11302,-30222,-14288,-4868
-3465,-1600,-6839,-27770,-13640,-6472
1475,-1536,426,-25310,-8512,-5180
1492,-1600,-2170,-23462,-4996,-2324
243,-1568,-6423,-21954,-2220,-1708
534,-1584,-5516,-21398,-3796,-3508
-896,-1568,-1546,-20050,-2700,-2428
-2854,-1568,-1902,-18498,-2744,-88
-1911,-1568,-3967,-17994,-3912,1256
-28,-1568,-713,-17998,-3536,2576
1938,-1584,716,-17122,-3412,3400
1694,-1616,-1366,-16314,-3600,3760
830,-1552,-391,-14738,-4236,2620
547,-1584,2407,-14806,-4428,2848
2
-27726,-1584,13665,20902,2492,-1832
-32558,-1568,-1108,20754,12760,28756
-32558,-1600,-6544,24526,5540,31576
-32558,-1600,-18923,12514,5228,32044
-6903,-1552,5174,1334,-5612,12880
5730,-1552,5511,-514,-6108,12924
-192,-1584,-1223,-12022,-10844,8780
-3504,-1568,413,-8618,-9264,10528
-3914,-1600,-1983,-10606,-10388,12832
-961,-1568,2994,-8794,-9624,13120
-376,-1552,2677,-9466,-9096,14700
740,-1584,2277,-6838,-8016,15612
7890,-1568,5640,-2234,-6776,16712
15752,-1600,8121,654,-4432,18792
19443,-1536,4237,4678,-2512,20992
22918,-1584,1241,11802,48,20540
27530,-1552,580,6954,-5732,15824
25995,-1552,3647,-2190,-8620,10956
19083,-1568,-1470,-9010,-7148,6040
14799,-1600,-5902,-16486,-8280,-472
8129,-1600,-8056,-19746,-8448,-2868
600,-1584,-8835,-28178,-8980,-8924
-3108,-1552,-10886,-30842,-5476,-14608
-7967,-1616,-9293,-28530,-6252,-10692
-11391,-1600,-8078,-26942,-6556,-7664
-6526,-1568,-2775,-26414,-6380,-9616
-4480,-1584,-4349,-24682,-5616,-6732
-3726,-1584,-3589,-21218,-4876,-3160
-1490,-1600,-1030,-18842,-3724,-184
-847,-1568,-2616,-18002,-2996,2472
-1196,-1568,-1967,-16466,-4336,3068
-387,-1600,-1448,-14950,-4284,2960
2
-32558,-1568,7663,-7854,-1244,-21420
-32558,-1568,2177,16174,5992,-2504
-32558,-1552,26576,31817,12964,32767
-32558,-1552,-28913,28282,16780,32767
-32558,-1568,-19151,22886,-1392,24796
15869,-1568,30275,3390,-5080,14740
13951,-1536,4381,-5382,-10232,15184
-6659,-1584,-13748,-15654,-11884,11116
-8626,-1584,-5421,-4534,-17704,12552
-2733,-1552,2419,-7538,-11476,16944
147,-1536,5882,-7366,-10516,17040
1806,-1568,4026,-6118,-7724,20008
5499,-1568,-728,-2606,-5668,21000
16879,-1600,3926,3250,-5420,20700
25109,-1568,3065,6130,-1888,22680
27405,-1552,-6248,8282,-1020,21448
27147,-1552,-8586,8146,-7040,16372
28435,-1568,2102,1074,-8624,11924
24069,-1600,-4255,-4154,-4952,9808
18731,-1568,-11852,-7590,-8056,5248
16917,-1584,-9194,-18894,-8752,-2228
10699,-1584,-13526,-23030,-5116,-7444
-1563,-1600,-21694,-28146,-3876,-12360
-8736,-1600,-16187,-28546,-2788,-20116
-9471,-1568,-9088,-26510,-232,-19024
-10776,-1600,-1075,-25210,-2928,-14056
-10770,-1584,-287,-24758,-4836,-7804
-6593,-1552,-2632,-22698,-6376,-4020
-1833,-1584,-236,-20834,-7036,-1060
856,-1600,2811,-18830,-5440,2044
1470,-1568,1088,-17322,-3560,3116
1705,-1568,-664,-16014,-3756,3160
2
-15408,-1584,1444,-27014,-2528,-27504
-32558,-1584,10040,-1650,-2880,-11856
-32558,-1568,15045,23834,2028,-5552
-32558,-1568,-3455,21018,12272,26848
-32558,-1568,-22076,26030,9000,32744
-30333,-1600,-17440,15550,804,30144
12384,-1568,23463,-2122,-8788,12796
8756,-1584,4845,-8214,-9348,13736
-5504,-1552,-8339,-12238,-13820,8828
-6044,-1568,-1054,-8978,-11916,13728
-1296,-1568,442,-8638,-10352,14308
-409,-1568,3231,-9722,-9444,15228
305,-1584,682,-7362,-7444,16844
5133,-1552,-929,-2422,-6360,16980
12941,-1584,551,1954,-4784,16868
18267,-1568,1113,5290,-3720,17336
20797,-1568,1859,7366,-1068,16856
22338,-1568,4623,8026,-4892,16208
21987,-1552,4221,1150,-2392,12568
18786,-1616,-6218,-9098,-3972,7812
14022,-1552,-5415,-13454,-4768,2616
8323,-1568,-4340,-25162,-9500,-2020
1827,-1568,-13350,31846,-5212,-6684
-4125,-1568,-16287,-30198,-8596,-9924
-5726,-1584,-6890,-29862,-8056,-11560
-4726,-1600,-1975,-26774,-4208,-9796
-4166,-1584,-6839,-25174,-1616,-6492
-4704,-1568,-5905,-23122,-2652,-4256
-2436,-1600,-164,-21490,-2560,-2012
-562,-1568,181,-19818,-4296,484
-33,-1568,-1900,-18550,-3568,2072
1496,-1616,-850,-16750,-4016,2576
2
-28995,-1552,-4268,-9130,-2396,-16112
-32558,-1568,136,12258,-1660,2360
-32558,-1568,16154,27534,12776,23664
-32558,-1568,-20252,23634,15476,32767
-32558,-1552,-24919,18162,2944,29204
-2144,-1584,19165,4982,-8088,14400
13895,-1584,12520,-1886,-4256,16516
-579,-1568,-13845,-13922,-10264,11284
-8208,-1568,-11903,-7966,-14788,11324
-3664,-1568,401,-4710,-12776,14548
-881,-1568,3859,-6854,-11692,16032
2660,-1552,7376,-6430,-8988,17788
6755,-1552,3459,-3330,-6540,19260
11891,-1552,-991,-1510,-6296,18324
16563,-1536,24,4062,-4804,18104
20536,-1568,4114,4106,-3364,17540
22093,-1600,1494,4514,-660,17392
22096,-1552,-1388,-38,-3460,14908
20862,-1552,377,-5570,-3064,10592
16114,-1584,261,-8882,260,9612
10820,-1616,3302,-16478,640,5804
10330,-1568,-4383,-26726,-508,-2280
6941,-1568,-18778,-24590,-5028,-5716
2995,-1568,-15072,-28394,-11920,-10796
-2962,-1584,-10292,-28478,-14876,-12128
-5942,-1584,-9824,-23758,-10884,-11748
-6598,-1616,-8475,-22698,-6564,-8820
-7220,-1616,-2776,-21490,-3688,-5684
-5771,-1568,313,-21874,1032,-1940
-4523,-1568,-858,-21414,1976,1364
-2526,-1568,-1614,-20158,292,3332
-151,-1600,-89,-18166,-1720,4408
2
-23930,-1568,-451,-21454,-2460,-16408
-32558,-1552,9280,314,-2040,-5116
-32558,-1552,11768,29362,4384,5868
-32558,-1584,-13139,28654,14640,29936
-32558,-1568,-32598,27278,7668,32767
-7598,-1568,8569,18022,-9656,4732
-32559,-1600,-32599,7178,-11472,14784
11146,-1584,-12412,-10818,-2780,8172
-15334,-1584,-14222,-14758,-11200,3144
-10847,-1552,-3371,-1582,-20860,12740
-1750,-1568,567,-2162,-11980,18016
7648,-1600,10450,-2610,-10624,18416
14135,-1568,10965,-578,-6816,20240
18813,-1568,4635,4678,-2956,21480
26242,-1584,2473,7542,-628,24032
30348,-1584,3122,7374,-2628,23160
32074,-1584,2708,-1094,-1836,17256
26879,-1536,-4741,-8810,-3924,12588
21349,-1568,-11789,-10046,-7580,4756
20496,-1584,-8561,-18958,-6768,-4388
12279,-1616,-8077,-23190,-6816,-8048
1514,-1552,-14929,-28314,-6640,-18568
-5266,-1568,-12781,-28422,-6672,-21684
-11183,-1600,-6013,-26386,-8900,-15720
-10099,-1584,-1854,-22130,-8972,-10184
-5166,-1584,-2895,-20818,-8240,-5316
-5081,-1552,-4644,-20930,-6656,-1320
-3790,-1600,-1884,-18670,-4700,-420
-827,-1568,-324,-17650,-2756,1200
-309,-1600,-1557,-17494,-1636,2984
-738,-1568,-1316,-17010,-1676,2728
-624,-1584,1254,-16410,-2860,2740
2
-32558,-1600,16441,28254,4800,16120
-32558,-1568,-20612,14998,8988,28600
-32558,-1568,-32598,23918,3976,30972
-6223,-1584,-11693,13326,-7112,17856
26731,-1616,-32599,-2278,-9112,15764
8330,-1584,6241,-14950,-7296,8756
-3777,-1584,-5277,-9982,-8184,8880
-7574,-1568,-7176,-8006,-9124,12624
-2980,-1600,-2632,-5218,-10912,14768
2911,-1600,1399,-6166,-10484,14760
4481,-1552,1455,-5942,-8024,16164
7929,-1568,1708,206,-4740,17004
16067,-1520,5127,3398,-3728,18324
21725,-1520,6311,6630,-2516,20900
24507,-1568,4965,5570,-804,18604
25048,-1600,744,-1566,-2932,14076
23998,-1584,731,-6614,-3640,9408
21766,-1584,1035,-12434,-3500,3192
16471,-1600,-1719,-23142,-4852,-2848
7734,-1584,-6966,-26434,-4436,-8256
-261,-1568,-3060,-29822,-5684,-14472
-6453,-1568,-4416,-26790,-11848,-11152
-5972,-1536,-7032,-22894,-14972,-9456
-3325,-1584,-4065,-21246,-18100,-6268
-3919,-1584,-1919,-20590,-14392,-3212
-2262,-1584,-3860,-19110,-9048,-2212
-2389,-1568,-4963,-19474,-5116,-464
-3427,-1600,-3324,-19062,-3220,760
-3125,-1568,-2083,-17270,-2220,2948
-3006,-1584,-2790,-16606,-2804,3932
-1928,-1584,-2927,-16282,-3852,3760
69,-1584,-1012,-15958,-4600,3860
2
-32558,-1584,12374,31817,2232,8164
-32558,-1568,-16530,18558,7464,28360
-32558,-1568,-28612,20342,2164,28972
-21968,-1568,-11417,10670,-5544,25048
20021,-1568,-32728,4738,-10248,12252
7848,-1552,8860,-13338,-6912,13992
-2398,-1552,-9059,-3858,-10900,12840
-1523,-1552,-3930,-4242,-10680,15544
3260,-1568,-2105,-3226,-12160,17400
10614,-1536,2918,-2866,-10448,18028
22889,-1584,4048,-1330,-3824,18224
19592,-1584,94,-322,-2776,17684
21010,-1584,218,-962,-6468,12616
22195,-1568,1275,-8274,-4804,10628
18296,-1568,-3832,-11238,-2292,6332
18257,-1600,252,-14906,-4812,-440
14243,-1584,-5220,-24770,-1944,-2696
4955,-1568,-18715,-21750,-4176,-6664
4425,-1552,-8605,-23118,-5256,-15264
878,-1584,-776,-23186,-4076,-11484
-5165,-1568,-6057,-23242,-6316,-9144
-5456,-1568,-4914,-21714,-7216,-6868
-4895,-1552,-6300,-21534,-7296,-3828
-2762,-1568,-2461,-20810,-7660,-1564
393,-1552,1127,-20174,-5448,-136
470,-1552,-2650,-19638,-4200,596
-272,-1584,-5407,-17894,-4388,716
1338,-1600,-2120,-15678,-4928,-324
2213,-1536,1024,-16450,-4756,1044
583,-1568,-403,-15958,-5128,1872
2
-32558,-1568,6810,31817,-4672,-1328
-32558,-1536,-9454,27586,6924,32767
-32558,-1568,-32598,31158,3312,32767
-5473,-1552,3884,16318,-7648,15616
28579,-1552,-32599,1022,-8232,18688
6125,-1584,-8405,-12890,-4916,8964
-9113,-1600,-20258,-6786,-12860,9200
-4097,-1568,-4364,-1358,-15152,12712
6636,-1568,-166,-1114,-12252,17552
13074,-1584,4703,-2398,-11280,16168
14198,-1584,3648,1022,-7376,17220
15996,-1584,402,4870,-4428,17352
22238,-1600,3939,3330,-5960,15608
21498,-1536,2538,-3734,-2596,15476
17295,-1600,-1194,-2010,-4408,12636
18367,-1568,-1515,-9170,-6468,6152
17548,-1552,-4463,-17286,-5528,2596
18021,-1584,-2011,-15662,-5556,-952
10980,-1584,-10766,-32014,1320,-8872
-4089,-1568,-12902,-32230,-6240,-11968
-9642,-1600,-12667,-28286,-6520,-12940
-7669,-1568,-6991,-26194,-8584,-11636
-5412,-1552,-5214,-25506,-7600,-8444
-5096,-1584,-4681,-23618,-6692,-6560
-2743,-1584,105,-20934,-5280,-4192
-2377,-1568,-2324,-19542,-3520,-948
-2590,-1568,-1311,-18738,-2908,1500
-1278,-1568,2476,-16870,-1744,2924
-112,-1568,2096,-17130,-1760,3404
-3,-1584,-303,-16278,-3284,3620
1093,-1584,-199,-15526,-4308,3596
1652,-1568,1896,-15662,-4908,3728
2
7411,-1600,19293,-2198,-7016,16564
3618,-1536,2347,-9114,-7440,12004
-1846,-1568,-3331,-12634,-8020,11676
-3943,-1584,-5229,-8754,-8580,13020
-1428,-1552,-3526,-7578,-9820,13768
1590,-1584,2610,-8614,-9920,13884
3779,-1600,4417,-9274,-7392,13708
3046,-1568,-2128,-8362,-6136,13888
3704,-1600,-3429,-3686,-5516,15900
10898,-1584,2559,-298,-5844,15536
19447,-1552,7860,3670,-3176,18772
21264,-1584,351,4946,-216,19480
21717,-1568,-1055,3734,-1700,16312
21701,-1568,4158,-4050,-7776,11216
18972,-1568,6469,-5714,-5520,9944
17189,-1568,1161,-15838,-5744,3028
13008,-1552,160,-19566,-4140,1176
10679,-1552,2083,-18622,-4480,-4500
10294,-1568,2370,-28794,-6920,-9844
239,-1600,-14712,-30098,-8380,-9512
-2006,-1600,-16601,-24142,-14076,-12420
295,-1552,-3617,-21886,-14040,-9728
-644,-1584,-1655,-21854,-9152,-6860
-2465,-1584,-8312,-20378,-6408,-5124
-2802,-1584,-9340,-19098,-5436,-3136
-3515,-1536,-4387,-19126,-3456,-1076
-3648,-1600,-2961,-18246,-1168,612
-3235,-1568,-6122,-17806,-636,2316
-2587,-1600,-4657,-17070,-3296,2180
-764,-1584,-537,-16526,-2492,2340
-636,-1584,-1725,-15938,-3888,2264
-1503,-1584,-4832,-16106,-3956,2400
2
4332,-1552,3619,7534,-13780,12720
14937,-1552,18232,-3278,-11056,13860
836,-1568,1717,-10242,-10756,10148
-5597,-1568,2513,-6346,-11188,14668
-3293,-1568,-3583,-3238,-11992,16964
4298,-1568,2987,-2894,-13184,17112
11609,-1552,10750,-166,-9012,20744
17908,-1584,5402,3902,-4608,22908
23594,-1552,-2821,9158,-1324,21292
25770,-1568,-470,6810,-3120,18928
25942,-1600,7186,2190,-5980,13028
27185,-1568,4378,-6790,-2856,7336
20283,-1600,-7603,-11710,-3556,4244
14054,-1520,-7698,-19078,-8204,-5204
9384,-1568,-3149,-27270,-5992,-9312
278,-1584,-9628,-27514,-5832,-10888
-4800,-1552,-8512,-28066,-7216,-14920
-8175,-1536,-2526,-27590,-6164,-8616
-8622,-1600,-5010,-26238,-6012,-2244
-4276,-1600,-3197,-23118,-4460,-228
-35,-1568,-3669,-21366,-3968,1756
1184,-1568,-5493,-18498,-5668,1424
2009,-1584,-2651,-16938,-6000,888
684,-1552,-725,-16530,-5584,1324
-879,-1552,-1047,-16342,-3228,2508
-1385,-1584,-2135,-15918,-2652,2508
-1241,-1568,-1732,-16226,-3912,2448
-1115,-1568,119,-16398,-4612,2604
-1355,-1568,514,-16686,-4724,3552
-433,-1568,168,-16334,-4600,3840
535,-1568,-402,-16898,-5440,4308
350,-1568,-995,-15894,-5484,4040
2
-14577,-1600,6204,-25018,-3180,-14720
-32558,-1568,11222,-5026,-724,-6828
-32558,-1568,14940,29098,4220,12580
-32558,-1584,-20707,13622,16772,22236
-32558,-1552,-32598,26754,-4656,29880
-22290,-1568,-16586,30062,-10180,23132
26144,-1568,-32599,2510,-19084,12996
5872,-1568,14383,-10098,-2740,8260
-10953,-1552,-16064,-9662,-11688,8156
-5457,-1584,-9813,362,-17228,11056
4237,-1552,5915,-3222,-10128,17528
9957,-1536,4528,-522,-8240,18712
16196,-1568,1723,1490,-6768,17716
22710,-1568,2373,7126,-6368,17108
22832,-1584,3927,3674,-4368,17996
21195,-1584,209,3894,-2284,16688
24748,-1552,-1742,182,-5360,10536
21999,-1568,1513,-8382,-6308,8188
16052,-1568,-801,-11970,-3424,5936
16189,-1536,-6910,-21002,-4544,-3600
13555,-1552,-5405,-24626,-4064,-6196
5580,-1584,-10231,-30606,6136,-10304
-2385,-1616,-8380,-32514,-3352,-18996
-7493,-1568,-7591,-29678,-5204,-16852
-6745,-1568,-5675,-24590,-9720,-11772
-6932,-1552,2367,-24470,-9224,-6872
-7808,-1552,-583,-21270,-7724,-3952
-5016,-1552,-3942,-18034,-5496,-84
126,-1568,-1412,-16966,-1312,4684
-1084,-1584,-4438,-17062,-1628,5444
2
-32558,-1584,-28951,16850,400,32767
-32558,-1568,-28233,20158,972,25428
14816,-1600,29168,1594,-10412,13844
14453,-1600,11404,-7750,-9736,8408
-3256,-1536,-6839,-15382,-10144,6172
-6975,-1568,-4286,-9558,-9552,11096
-3646,-1584,-5046,-8518,-11128,12440
2045,-1552,2842,-9582,-10468,13248
3338,-1552,2906,-9486,-8464,13912
3366,-1552,-1746,-5642,-6624,14576
6144,-1568,-5524,-810,-6428,14304
13020,-1568,523,2130,-5332,16020
17144,-1568,6085,2930,-4640,17004
15529,-1568,1032,4206,-1772,16168
17599,-1584,966,3186,-5780,15324
17537,-1552,3525,-5298,-6880,10792
13660,-1584,2353,-9146,-5508,6360
10012,-1552,10306,-18598,-10632,296
2875,-1568,-6159,-27306,1904,1492
-5569,-1600,-13623,-26558,-8624,-3556
-3717,-1600,-1523,-30842,-9268,-9988
-7117,-1584,-5601,32406,-9776,-6312
-7042,-1552,-11626,-30694,-8044,-5928
-845,-1584,-8886,-27634,-5476,-5484
2501,-1568,-4914,-22842,-5656,-4212
4541,-1568,-5599,-18718,-6336,-2824
2451,-1568,-6189,-17270,-6564,-1764
1820,-1584,-2776,-15482,-7016,-1252
2360,-1584,1736,-16158,-4644,2184
1648,-1552,1144,-16786,-3304,4404
607,-1552,-88,-17050,-3192,4072
239,-1568,92,-15614,-4184,2860
2
-32558,-1568,24,-2378,-10892,-12684
-32558,-1552,3941,20758,4476,11228
-32558,-1584,-17514,28282,16192,32767
-32558,-1568,-31001,31578,14612,32767
-13780,-1536,-1896,19130,8484,16784
31272,-1568,-32599,6174,-10656,25276
-3466,-1552,-22806,-27694,-6912,1276
-16643,-1584,-32598,2074,-20724,15008
457,-1552,14030,-7122,-12172,15736
3156,-1568,12879,-8790,-11976,14096
1388,-1568,7335,-12150,-8288,15532
-1322,-1568,-4164,-9650,-6488,15360
2879,-1568,-7126,-3242,-6536,15616
8482,-1568,-5332,-3614,-8212,15888
12955,-1584,2223,-1990,-7460,16852
16251,-1552,2165,3198,-3264,16804
18514,-1568,-5683,4126,1280,17640
19519,-1568,1234,4926,-4480,18120
19217,-1568,12211,790,1132,16060
20653,-1536,9062,-1530,4808,13408
19751,-1568,4381,-13374,-3340,5200
13561,-1584,-6503,31818,-6692,-8216
-1330,-1584,-18948,-32638,-9164,-10328
-592,-1584,-11240,-26070,-11144,-17760
461,-1584,-2956,-25874,-12120,-13928
-5173,-1568,-7367,-24870,-10940,-9264
-5835,-1568,-12546,-21346,-8188,-7472
-4368,-1552,-1050,-21486,-5328,-3128
-3403,-1568,2765,-21198,-2548,-636
-2724,-1552,-3879,-21106,-740,2696
-2943,-1568,-5936,-19626,-2124,3424
-1448,-1568,-2308,-17338,-2692,2708
2
-21966,-1552,10651,-20030,260,-22308
-32558,-1584,-1449,202,-668,-11120
-32558,-1568,-5174,28742,2860,4856
-32558,-1568,-127,31817,11432,32284
-32558,-1536,-32598,28002,14484,32767
-1696,-1568,407,22234,-8072,5212
24661,-1584,-32599,6538,-10096,18916
1791,-1552,-6553,-9910,-7516,6216
-21386,-1536,-21497,-17086,-8976,5292
-1302,-1536,7023,2574,-22892,12424
3117,-1568,4275,-6282,-8556,18400
4644,-1584,2667,-1214,-10080,18568
8654,-1584,4493,462,-8404,17068
15043,-1568,5988,2218,-7328,18932
19577,-1600,2556,6414,-3904,19028
23775,-1568,50,10382,-928,18252
25733,-1568,1515,8534,-6372,17012
28036,-1584,7633,-898,-3716,13084
24644,-1568,-2,-5906,-2400,9068
20930,-1584,-5291,-12934,-6656,3832
18692,-1584,-8252,-20330,-5828,-2000
10855,-1568,-11026,-23686,-6092,-4740
2866,-1568,-9018,-32262,-5628,-12728
-6501,-1568,-11975,-29506,-3204,-11960
-10207,-1568,-11098,-27606,-4432,-8020
-8732,-1584,-4291,-25190,-3692,-7580
-4796,-1552,-2466,-23882,-3856,-4152
-3769,-1584,-5042,-22150,-3928,-372
-2172,-1552,-3789,-19714,-3304,1456
-339,-1584,-748,-18022,-2740,2184
-367,-1568,-1998,-17778,-1932,3628
-418,-1568,-2647,-17930,-1448,4088
2
-32558,-1584,-21368,31817,2220,32767
-32558,-1552,-6283,31817,7196,32767
-32558,-1568,-32598,20930,3824,32767
-15645,-1568,-2192,9242,220,1904
23444,-1568,21380,12986,-17092,11472
15271,-1552,5068,-7222,-8512,10184
-2249,-1552,-11589,-14038,-10644,10256
-7701,-1552,-8818,414,-14488,12568
86,-1536,4822,-954,-11480,17036
5883,-1568,4094,-2550,-9656,19288
11024,-1568,1194,2650,-7232,18716
19685,-1600,7373,6994,-7404,18168
24438,-1568,5995,3378,-3972,20160
22493,-1584,-3043,1418,-1896,20404
22248,-1616,-4054,2586,-4356,18536
25690,-1568,-826,-4126,-9784,10724
26344,-1600,1099,-11302,-3444,6496
22058,-1600,-2953,-14546,-6160,-1040
16223,-1584,-5666,-26210,-5216,-8848
7440,-1552,-14273,-29018,-3904,-13452
-3077,-1584,-16834,-31090,-3588,-17688
-7904,-1568,-3446,-26670,-4348,-14232
-9503,-1568,-4451,-25622,-3708,-7424
-6420,-1568,-7627,-22182,-4888,-4196
-3848,-1568,-5269,-20970,-4800,-1708
-2097,-1568,-776,-18926,-3928,36
930,-1552,1438,-16402,-1460,1544
1329,-1584,-2066,-16870,-1556,2312
741,-1584,173,-16374,-2100,1376
411,-1536,1465,-17074,-2760,2080
51,-1600,1699,-17526,-3448,3128
684,-1552,3034,-17086,-3540,3452
2
-32558,-1552,-4354,31817,6760,32767
-32558,-1552,-32598,31817,10328,27440
-12084,-1504,-5858,24202,-6296,14048
23408,-1568,-32599,5214,-6096,15116
1713,-1536,-1601,-10414,-3304,12476
-9457,-1568,-21871,-16766,-10472,12616
-3536,-1584,-2173,4590,-18684,16168
3085,-1536,1863,-2898,-12160,16372
4393,-1552,4001,-3566,-11092,17936
7331,-1552,2697,-142,-9768,16672
13700,-1568,2205,3642,-8124,16584
16039,-1568,-3572,4754,-4664,18448
19444,-1568,-2817,8966,-4872,18984
25312,-1552,4613,8098,-6744,15440
29632,-1584,11013,1226,-3072,15296
25257,-1552,1745,-4378,-2912,12124
24474,-1584,160,-10838,-3364,4268
24538,-1568,374,-14058,164,252
19657,-1568,-8485,-20990,300,-3292
11997,-1568,-9080,32738,-4848,-12588
1596,-1536,-9977,-29306,-5888,-13384
-6105,-1552,-12796,-27886,-9556,-11612
-4479,-1584,-67,-27142,-10572,-10784
-1955,-1584,-2248,-25170,-7812,-6048
-532,-1568,-3811,-22938,-6044,-1768
-1346,-1568,-3101,-20106,-3816,432
-385,-1568,-3127,-18082,-2000,1360
672,-1568,-1659,-17298,-1168,2656
1094,-1584,-309,-15874,-1556,2876
1097,-1584,-1995,-16122,-2464,2424
58,-1552,-2307,-16514,-3828,2720
244,-1552,-2270,-15922,-3920,2944
2
-32558,-1552,-32598,24862,6600,24320
-32558,-1552,-32598,26602,-6116,18064
4542,-1552,10993,8666,-16868,14512
16188,-1552,-32599,2178,-8896,17312
2235,-1568,-2260,-9590,-2632,13072
-4803,-1568,-19953,-8570,-8648,15268
-1399,-1568,-1299,-2658,-11148,16372
3705,-1600,2136,-4494,-10708,16680
4020,-1552,1583,-6778,-10056,15796
-324,-1584,-2434,-6270,-9448,15720
203,-1584,-1731,-5350,-8860,15356
1855,-1600,-4508,-3898,-8512,15280
1575,-1568,-5315,-1266,-7896,18484
7579,-1568,4039,4370,-6896,16352
22358,-1584,12530,9986,-5288,17236
27707,-1584,2105,6946,2380,21084
27344,-1584,-6002,9562,832,19408
32601,-1584,34,7982,-4772,13312
-32559,-1568,544,-3038,-4464,10700
-32559,-1536,-4746,-6502,-2572,5464
-32559,-1568,-8295,-13986,-4244,-4484
23313,-1568,-19351,-24318,-2772,-8152
11251,-1536,-19320,-29482,-4824,-18724
-7059,-1552,-14238,-28894,-972,-19780
-19150,-1584,-9246,-27562,-3764,-15164
-16046,-1568,-5575,-27746,-5428,-9732
-8506,-1520,-4453,-26962,-8240,-5024
-4494,-1568,-4826,-24166,-6888,-1700
855,-1552,-822,-19558,-6448,-700
4363,-1552,1623,-18978,-3188,2216
3573,-1584,-1708,-18578,-456,2900
3581,-1568,-1579,-16150,-844,1672
2
207,-1552,8627,31818,-7364,-32768
-32558,-1568,16148,-22654,-3300,-19408
-32558,-1600,9749,-1518,3092,-9704
-32558,-1536,-3150,30522,12048,-2432
-32558,-1552,-7860,31817,-1440,32767
-32558,-1552,-32598,24966,6600,31988
-27075,-1584,-32598,30818,-13740,16060
22347,-1584,-32599,1386,-15568,14884
14151,-1568,-32599,-3002,-5216,16644
-2405,-1600,-12419,-16822,-1204,8180
-3906,-1568,-9339,-6082,-12000,16560
-796,-1568,-3035,-5422,-5832,17148
5391,-1584,-1651,-1286,-8288,18736
13461,-1552,-1115,1418,-7648,15732
20519,-1568,4966,3802,-8768,16464
23896,-1568,3178,6818,-5436,15364
23048,-1568,-1728,5918,-2900,15576
24979,-1552,-284,8282,-8592,9948
30609,-1584,9645,326,-7104,8272
27489,-1584,7379,-7590,-720,8316
18090,-1520,-7620,-10374,-3448,4516
20109,-1552,-4558,-20202,-9592,-3288
19398,-1568,-5996,-22334,-3136,-4060
9458,-1568,-17482,-26858,-5164,-7968
1712,-1536,-13016,-29934,-9044,-16920
-3058,-1568,-8600,-27590,-7968,-16240
-9671,-1552,-11791,-24238,-8056,-11072
-7426,-1584,-6768,-21662,-8628,-9980
-5719,-1584,-5748,-22662,-6900,-4808
-5158,-1552,-1819,-21030,-4940,-2760
-2727,-1584,647,-18926,-1992,-1920
-834,-1536,-247,-19178,-1244,260
2
-25356,-1568,8736,-13702,-4860,-21732
-32558,-1552,4427,-1290,-812,-7536
-32558,-1568,-2260,17966,-2968,7512
-32558,-1536,17536,28390,8644,19248
-32558,-1568,-5763,25586,11584,25904
-32558,-1536,-32598,16266,5052,31588
-8666,-1552,-7202,2322,408,15940
1044,-1552,14085,-6714,-4996,17052
2293,-1584,-6703,-5726,-5956,14168
-2464,-1568,-8773,-10702,-11384,14176
-7199,-1568,-8589,-10610,-11940,16180
-4106,-1536,-3064,-7426,-11176,14988
302,-1600,2692,-8686,-8892,16076
946,-1568,480,-8706,-8032,14888
-667,-1552,-2198,-9350,-7976,15416
-1402,-1616,-4674,-6918,-7456,16660
1966,-1536,-5092,-4086,-7676,18572
8070,-1568,-5178,-62,-7244,18876
16547,-1568,94,4042,-5240,17856
26777,-1552,10769,10262,-4144,17480
31481,-1552,8114,8910,600,17096
30234,-1584,-1524,1858,-488,14052
27746,-1568,-3151,-3262,-4360,7660
23815,-1568,1779,-6326,-4184,4016
20353,-1568,5090,-12730,-3208,-720
19683,-1536,-3581,-24310,-1080,-7876
11938,-1568,-12393,-19922,-5580,-8104
4334,-1584,-5994,-28406,-2892,-12036
-2850,-1552,-7622,-30742,-620,-10564
-7643,-1600,-14966,-27858,-1196,-9732
-3402,-1600,-9408,-23750,-6596,-10168
-2147,-1568,234,-24982,-8032,-6748
2
-32558,-1568,9517,-22538,-3572,-21348
-32558,-1568,7050,-174,-952,-16928
-32558,-1568,5416,26706,4200,-8612
-32558,-1552,10729,31817,6660,30308
-32558,-1552,-32598,24730,10436,23280
-26064,-1584,-31147,26578,-7800,23544
15915,-1568,28158,1410,-15716,13360
7810,-1568,27748,-4070,-6624,16768
-2687,-1600,-10187,-14302,-7504,10052
-1297,-1568,302,-3258,-13332,15112
678,-1552,-6603,-5974,-10028,16100
1314,-1584,-116,-6674,-12544,15088
1939,-1552,4987,-5198,-9732,15836
3057,-1568,1664,-2906,-9396,16776
9822,-1568,1645,1670,-9196,16784
17687,-1536,5121,3682,-8560,17844
24266,-1536,7872,6866,-6072,18672
31035,-1568,6853,9346,-2020,20036
-32559,-1552,5294,4322,-4888,18452
-32559,-1584,5636,-1770,-1868,14208
-32559,-1552,-1511,-10058,-2516,6008
-32681,-1568,-8752,-13490,-3420,-1620
23569,-1536,-10136,-15106,-5496,-9204
17259,-1568,-10776,-27114,-3596,-21748
4316,-1536,-14884,-22658,-7980,-25812
-8291,-1584,-12585,-21666,-9972,-25556
-12613,-1584,-5873,-17838,-18664,-18072
-12592,-1568,769,-18430,-14112,-11752
-10501,-1552,-1387,-18374,-10120,-4024
-5804,-1536,-848,-19954,-4912,636
-3064,-1536,-651,-19778,-3588,2704
-2241,-1536,-5986,-18162,-4432,1916
2
