-32558,-1344,-28231,31817,12780,32767
-32558,-1376,-32598,31817,-16064,32767
17959,-1408,31312,16018,32468,29816
-32559,-1328,-32599,14274,9592,22748
27444,-1360,1588,-382,2268,20884
15511,-1376,-4928,-38,-9092,20220
8923,-1392,-493,-830,-8268,19200
6729,-1376,-3181,-90,-9084,19644
4219,-1392,-4513,-3234,-11112,15824
4299,-1376,2112,-4654,-9468,15708
-483,-1360,10178,2034,-6424,17956
2340,-1408,7489,2866,-1800,11400
12481,-1360,655,2230,-1596,13740
13702,-1360,-2008,4598,-4472,16592
16763,-1344,-729,2594,-6368,13416
28431,-1360,4352,-2490,-7072,9384
-32559,-1376,10501,-4518,-5524,8560
-32559,-1344,15664,-8698,-5020,5340
-32559,-1392,15990,-9518,-2332,7392
-32559,-1344,7285,-12714,-1244,7908
-32559,-1376,-2461,-15286,-240,7380
29940,-1392,-6241,-15174,-2196,3816
29070,-1392,-6777,-13814,-1764,-1248
26603,-1344,-1235,-13498,-140,-844
23050,-1408,-1612,-15254,1412,-3188
21575,-1360,-467,-15482,1888,-5800
11917,-1376,1290,-17030,4180,-6708
2278,-1344,-2441,-20170,5128,-10332
-2553,-1360,-153,-20054,-1428,-14092
-4962,-1376,1378,-20418,-10640,-15088
-15454,-1376,-4093,-23074,-8860,-8408
-27112,-1360,-9700,-20334,-3284,-3564
2
-28234,-1376,21415,8918,-18672,22520
29524,-1344,-32599,1330,19260,11244
25594,-1376,-21650,610,4420,27000
22563,-1360,-31966,7438,-14432,18356
14978,-1392,-19648,-1750,-15640,17740
11468,-1344,-376,-12014,-24940,13896
2831,-1360,9462,-10930,-9700,18072
-7407,-1328,3162,-5638,-7364,19700
-6164,-1376,475,-1990,-8312,16644
62,-1360,116,-1334,-9304,18452
1883,-1360,1641,-710,-7996,20440
4886,-1376,4694,1062,-6588,17824
13927,-1344,7558,-1690,-6792,16264
19733,-1376,10681,-386,-3324,17288
26168,-1344,6376,1982,1076,10784
32081,-1360,8264,-3438,-4560,11140
26800,-1360,14342,-3802,-5352,15792
18882,-1344,12388,-4350,-3956,12740
16988,-1360,7401,-8786,844,9628
17203,-1360,3878,-5286,-3052,10440
19548,-1344,4783,-9886,-3100,7564
23142,-1360,3950,-15142,-1848,5076
24282,-1376,3362,-12646,-3232,5432
26846,-1344,1123,-14242,-3040,-1164
32279,-1360,5724,-17982,-5448,-7324
29145,-1344,13720,-20298,-8916,-2184
10330,-1376,-6803,-18110,-8008,264
-1953,-1360,-12470,-18934,3184,740
-8805,-1344,-23218,-19066,896,-1888
-11504,-1360,-19017,-20082,-8296,-1176
-11146,-1344,-2369,-18406,-7004,360
-7710,-1344,7992,-18858,-4164,928
2
-31109,-1392,4381,-21262,-13988,-32768
-32558,-1344,-29969,-4466,-5128,-30164
-32558,-1360,-29659,-2630,-5828,-16884
-32558,-1360,6011,23674,2116,-32768
-32558,-1376,-32598,31817,32468,32767
-32558,-1328,-32598,31817,13112,27008
-11368,-1344,12950,1478,-5548,23020
-32559,-1344,6442,12610,5484,16992
-32559,-1360,-19457,9090,-6704,19192
-32559,-1376,-13210,3954,-9160,19048
25478,-1376,-2073,-1426,-13432,20200
11749,-1376,-3248,-78,-12004,16276
17714,-1360,9246,-1838,-11972,16232
21015,-1376,12816,1006,-4400,14912
25753,-1360,7684,3666,-7680,12548
28841,-1392,11478,-4386,-10648,11280
32641,-1344,16166,-3646,-9384,6072
-32559,-1360,16160,-4974,-5380,4864
-32559,-1360,9417,-7878,-4772,1264
-32559,-1344,8760,-13854,-5152,1252
-32559,-1360,7937,-17534,-2944,1496
26864,-1376,2205,-18634,-2352,1260
17684,-1344,631,-14286,-4336,-28
12215,-1360,-698,-14126,-852,-2688
15416,-1328,-5671,-15166,764,-6220
20698,-1376,-11612,-15442,3088,-9044
22454,-1360,-32598,-16414,7792,-6788
18690,-1376,-13924,-23362,-6304,-4580
5948,-1376,-1264,-20218,-596,-4208
-6757,-1392,-12462,-17958,2780,-5720
2
-32558,-1360,27249,29286,-8416,-32768
-32558,-1376,-32598,31817,-28864,-32768
-32558,-1360,-32598,31817,5796,32767
-3696,-1344,27848,17726,-10544,31660
-32559,-1376,-32599,8758,12140,19652
-32559,-1328,-8137,374,1664,23160
-32559,-1360,-17219,8882,-6644,20648
20883,-1344,-8696,-342,-5876,21176
13602,-1360,-1084,-1610,-10228,19112
17513,-1360,12006,-3654,-10632,17012
21431,-1376,14400,-5642,-3140,17000
22441,-1360,11900,-4206,-3772,16720
23962,-1360,8563,-7530,-3592,13464
25648,-1344,8098,-9938,-4948,10000
26531,-1328,9335,-11982,-11296,8152
17683,-1344,13246,-12214,-7680,9956
4980,-1344,9645,-15978,-824,9668
2496,-1360,4915,-15926,2260,9056
6623,-1328,3687,-8746,-1088,5696
17305,-1344,6921,-11126,-1788,3296
24363,-1376,8765,-13142,464,4440
23364,-1360,6209,-14866,1184,4912
18915,-1312,3137,-16954,1768,3768
15318,-1376,4117,-16530,36,3236
12067,-1376,-3936,-14278,1248,2136
11421,-1360,-17316,-16342,2424,496
11333,-1344,-22421,-16038,-916,-608
8574,-1360,-12452,-15358,-4908,1100
3530,-1328,-4972,-16690,-2392,1724
-890,-1344,-39,-16222,-168,796
-2980,-1360,5068,-14874,-4672,2164
-2829,-1360,3747,-15270,-2100,1876
2
-32558,-1344,-32598,31817,-20756,20252
-32558,-1344,17183,24826,-12508,23832
-20057,-1344,16312,15070,20492,28052
-5813,-1360,-23246,7542,-1236,24864
15724,-1328,-18013,17366,-11924,19152
29400,-1344,6213,11770,-11052,20424
29168,-1360,8722,10426,-6044,22224
31275,-1344,8697,4862,228,20652
-32559,-1376,3665,8174,1928,21676
-32559,-1360,-500,6534,3052,17488
-32559,-1344,-2158,-4010,-772,17604
-32559,-1376,-1219,-7014,-5420,16160
-32559,-1360,169,-11718,-8544,10132
29160,-1376,3996,-13642,-9932,5396
23250,-1344,9114,-13438,-8432,2728
19744,-1360,8853,-14822,-3604,2156
15139,-1328,8841,-15882,-4932,2272
10433,-1344,11597,-12838,-5656,1796
8765,-1360,14229,-12482,-3156,692
9754,-1328,10993,-10886,-1420,168
11386,-1344,5864,-12690,-696,1044
13593,-1344,4584,-12130,-4232,-2424
19493,-1360,6436,-13118,-5572,-3784
18361,-1344,3178,-20138,-4324,-2744
8530,-1328,2400,-22810,-6064,-1596
-6197,-1360,-3029,-16978,-11044,-2716
2193,-1312,-13342,-11718,-6504,-2404
-2877,-1344,-14543,-16914,-4424,924
-7826,-1392,-5406,-15482,-8072,-2364
-4412,-1344,4069,-11842,-8892,-1976
-3348,-1376,3057,-14806,-1544,-884
-6744,-1328,2426,-19610,-5244,4400
2
-32558,-1344,23853,4830,-8492,-32768
-32558,-1328,7694,31817,-4724,-32768
-32558,-1344,-32598,31817,32467,17292
-26262,-1328,-27979,12306,-27808,24604
7458,-1344,23386,11914,-2848,18640
7043,-1376,9636,-1658,12668,19508
15541,-1328,-32598,8378,-880,15868
24373,-1344,-4969,7502,-19552,17284
21533,-1328,3907,-418,-9508,21836
12731,-1344,776,-2018,-8472,22292
9873,-1312,3072,-1310,-9496,19580
9305,-1328,6750,-210,-5672,19672
10505,-1376,7212,2146,-7100,19852
17713,-1344,7044,1002,-5584,16636
25066,-1360,7553,-1646,-2324,15520
24457,-1344,1162,-2886,-1780,17160
23098,-1312,2363,-3914,-6804,14652
24882,-1360,11616,-5590,-1960,11352
26518,-1376,13193,-4370,180,9956
26800,-1344,12439,-9258,-1620,7620
28516,-1328,13197,-10110,-1496,4416
30639,-1376,14512,-10722,4,1112
28392,-1344,8905,-15054,1384,3812
18612,-1328,6053,-20134,-3724,8292
6587,-1344,-4837,-15946,408,6728
3768,-1376,-12850,-15022,-2088,6132
2667,-1392,-10158,-13634,-5700,4628
4494,-1344,375,-15378,-4764,1868
7815,-1344,8756,-15882,-3684,328
8609,-1328,10952,-16330,-2660,1136
7328,-1344,6253,-16926,-1648,724
6975,-1344,-2160,-16946,-800,-628
2
-2401,-1360,-32598,-20654,-17264,-32768
-32558,-1312,-12014,-23022,-10660,-32768
-32558,-1344,-153,-4506,-15152,-32768
-32558,-1328,-32599,21406,-5336,-32768
-32558,-1376,-32598,31817,-31896,-32768
-32558,-1376,-21395,31817,28896,20908
-32558,-1328,-32598,24026,-2136,29800
-1621,-1344,15035,7682,15176,21252
16668,-1360,-6987,-3678,-320,16492
24512,-1344,-13170,6294,-2368,21516
13817,-1344,3302,7534,-8104,23248
8901,-1328,1339,-3278,-6552,22108
7812,-1360,659,-1246,-7960,23780
5503,-1376,2554,374,-9596,24028
11307,-1360,8531,2402,-6056,20920
18813,-1360,12099,2014,-2872,20032
22973,-1344,12019,2822,-1756,20248
29786,-1360,8307,70,-376,17000
-32559,-1328,-792,-682,212,17256
-32559,-1344,2443,-2810,-2720,14068
-32559,-1328,2033,-6866,892,9844
32703,-1344,5148,-10746,-5516,8324
26966,-1344,10104,-12690,-2740,7756
20058,-1360,13727,-13194,-2180,4708
13284,-1360,3431,-14878,-1560,2320
11605,-1344,1445,-13262,-2572,116
13495,-1360,4188,-13586,-3608,-1888
14577,-1328,1426,-13126,-3716,-1124
13047,-1344,-370,-14378,-4008,-520
15244,-1344,-969,-13594,-4536,-4168
22136,-1360,867,-13762,-6024,-3308
22042,-1344,546,-18014,-2792,-3340
2
-23064,-1344,-3586,-16126,-11348,-29352
-32558,-1312,6822,-20918,-3144,-28096
-32558,-1312,8310,-13466,-656,-32768
-32558,-1328,15518,31817,-2712,-32768
-32558,-1360,-32598,31817,-15240,-32768
-32558,-1344,-32598,31817,-2820,28376
-13137,-1328,31362,31817,-19772,18944
24327,-1312,25892,10422,20356,14492
25751,-1312,-4971,-4442,5004,29008
25250,-1328,-8463,14814,-10628,26448
27211,-1344,4341,2654,-4680,22956
26777,-1344,6277,2574,-8472,23736
22300,-1360,10269,-3406,-3564,20472
20928,-1344,13424,-4486,-2060,19244
17800,-1360,7423,-4118,-5384,19500
18828,-1328,9392,-7966,-3540,14860
19996,-1344,7751,-8874,-3140,13680
18285,-1344,2261,-9098,-3764,12956
15006,-1312,1237,-11122,-3596,11316
15288,-1344,4861,-11346,-2724,8696
16342,-1344,6393,-13094,-2664,6716
17225,-1328,6281,-12750,-3144,6640
16049,-1344,5890,-11214,-2912,7428
16887,-1344,3640,-12582,380,4640
18348,-1328,1209,-14314,-584,4788
16113,-1344,-134,-15618,-2912,5312
14272,-1328,1028,-15954,-2232,3056
12325,-1328,2614,-17826,-1912,2924
10635,-1344,-1310,-17494,-1916,2664
11166,-1328,977,-16018,-2324,992
9712,-1344,3663,-17306,-3508,1456
7225,-1344,4872,-15686,-3204,612
2
-32558,-1328,-30065,31817,9260,30292
-32558,-1344,-32598,28618,4464,32767
-17336,-1328,-266,14242,-21524,22564
27057,-1344,-32599,11258,6100,19084
26669,-1344,97,626,5088,26500
17570,-1328,-18983,1926,-4700,21344
9501,-1312,-12274,-2326,-9064,23644
5232,-1344,-3214,-3538,-10884,22676
6700,-1360,3973,-4022,-9668,22696
9156,-1328,9854,-238,-7060,21656
16469,-1344,13373,2014,-2592,18792
24398,-1360,15034,418,-992,17368
24545,-1344,9809,-130,-3688,18904
24870,-1376,5299,-3030,-4028,15448
25655,-1328,1100,-6246,-6188,12660
25426,-1328,-3120,-7302,-3144,10264
27722,-1344,-3623,-7630,-2276,6500
30039,-1328,-1182,-11094,-2948,4556
31281,-1312,2861,-9266,-3868,3268
28236,-1312,5125,-10026,-2124,3328
22956,-1328,4341,-12630,-1432,108
21873,-1344,4842,-16066,-6696,-2312
27770,-1328,9444,-12102,-404,-3224
17749,-1328,7913,-16230,-2020,-3952
20667,-1344,2153,-14174,-4680,-80
14329,-1328,-5875,-15022,-3236,804
4848,-1328,-16906,-16206,-6104,-3200
4581,-1344,-14519,-15294,-10528,-5652
3232,-1328,-4541,-14922,-10932,-7300
-1683,-1376,852,-15022,-12748,-6652
-6856,-1344,610,-14622,-8848,-7856
-11015,-1360,6585,-18510,-6576,-7556
2
-32559,-1312,11563,-23010,-20180,-25092
23296,-1360,-21403,-22970,-19128,-32768
-32558,-1376,2343,-23302,-13292,-32768
-32558,-1328,-13311,-6510,-14968,-32768
-32558,-1328,-7104,9906,3508,-30360
-32558,-1312,-719,24314,-3320,-21484
-32558,-1328,-32598,31817,-16324,-4640
-32558,-1360,-32598,31817,11576,32767
-25054,-1344,-32598,11634,-24404,32767
21057,-1328,-32599,11882,-12792,24900
25970,-1312,15264,4554,9504,22768
19124,-1344,-22717,3006,-4540,18980
13114,-1360,-12782,1822,-16576,16136
11084,-1360,10355,-5006,-15204,16080
4999,-1344,8495,-4798,-5516,18500
70,-1328,-2029,-1558,-4584,18316
8391,-1328,-1634,4858,-10552,20484
21978,-1344,15327,3810,-5108,17924
30021,-1328,12619,1826,-1568,20268
32130,-1328,8139,1626,-3528,17676
32337,-1344,3123,-2298,-1488,15584
30124,-1360,-2842,-3450,-5136,13136
27289,-1344,1400,-4158,-6924,10148
26443,-1344,1411,-7874,-2904,5768
27125,-1360,2510,-10238,-3856,3680
28889,-1344,5311,-8598,-6312,1576
30934,-1376,5662,-9330,-5536,-16
30244,-1360,7975,-12350,-5480,-1140
30177,-1344,8197,-13630,-4608,-3044
28607,-1344,5238,-14398,-3976,-1348
18487,-1360,3102,-18226,-4812,-2684
9155,-1328,-6275,-17718,-5460,-4972
2
-32558,-1344,17308,31714,15912,-32768
-32558,-1328,4869,31817,32468,-7592
-32558,-1344,-32598,31817,32467,26336
-32558,-1312,-32598,31817,-25192,25444
-250,-1328,25704,25030,-20052,23336
22607,-1312,14760,10590,10556,24240
16660,-1344,-19012,4478,-272,27812
13160,-1296,-10886,9702,-11912,25056
16690,-1344,-843,6574,-9400,22724
20889,-1328,443,3838,-9864,23104
22299,-1360,3341,574,-7400,19668
22952,-1312,8761,-994,-4832,18836
20370,-1344,9070,-2506,-3280,17296
16768,-1344,8538,-2278,-1196,15188
15670,-1360,681,-3426,1404,14140
14845,-1360,-4877,-4830,-3712,14116
12266,-1344,537,-6454,-6800,14584
7471,-1328,6075,-8206,-5072,13860
7353,-1344,6549,-6678,-3904,9836
14983,-1344,9695,-7226,-1680,7336
20818,-1328,10204,-9574,-1688,7668
21737,-1344,9617,-9914,-1672,8128
21348,-1328,10266,-10250,-180,6332
22751,-1328,11249,-9858,1328,3352
27469,-1312,9773,-10018,1776,2628
26241,-1328,12980,-14890,-6968,2616
21606,-1312,28222,-21938,-11400,3236
15980,-1312,16385,-24306,6728,3464
11782,-1360,-2935,-19298,-2656,4536
8245,-1376,-3682,-18814,-2460,2304
11060,-1360,-1026,-18046,-1652,-1344
12266,-1360,859,-18222,804,-156
2
-32558,-1328,-32599,31817,20,-32768
-32558,-1312,2074,31817,32420,32767
-32558,-1328,-32598,27030,7192,21860
-22806,-1344,25333,28794,-424,23004
11180,-1344,-6851,10102,23576,23956
26561,-1360,-30673,15666,1888,20008
28444,-1344,-8221,13974,-6768,19924
16599,-1328,6530,4990,344,21556
3948,-1328,-5561,1682,7016,21188
2278,-1344,-15113,2354,-740,20420
4910,-1360,-9373,3514,-2064,19548
10931,-1344,-5728,4422,-788,18980
20190,-1360,-5030,5170,-856,18532
25298,-1360,-2493,3642,284,18468
24879,-1344,-4129,322,-1104,18240
22445,-1360,-3919,-1410,-2844,17576
22754,-1312,-3255,-3106,-1448,15656
25794,-1344,-3659,-3426,-3120,13608
28977,-1328,1327,-5914,-5684,12208
28416,-1344,7406,-9010,-4412,11084
24095,-1344,6770,-10538,-3528,12408
23222,-1344,424,-7350,-3292,11076
27260,-1376,-1013,-10706,-3084,7544
30133,-1328,3262,-11618,-3256,6480
31502,-1344,15804,-12246,-3928,5648
28770,-1376,20415,-13230,-1288,5012
21662,-1344,11647,-14514,-832,3600
14917,-1344,3665,-14194,-564,2652
9781,-1328,-868,-12474,-448,376
7722,-1360,-4540,-13338,-2580,-2184
7516,-1344,-3327,-13310,-2860,-4128
7374,-1328,1931,-15182,-1756,-3580
2
-32558,-1328,-32598,31817,32467,32767
-18732,-1280,5164,29678,32468,32767
22422,-1328,-32599,14366,13036,27840
15395,-1344,-3904,754,8440,32767
3231,-1344,-844,-1414,-16964,23920
1952,-1360,3256,-114,-5524,23696
4063,-1344,-7857,650,-8560,23860
2230,-1328,3002,-94,-7236,21464
3586,-1328,6645,330,-836,19372
5276,-1312,737,922,1228,19192
8587,-1328,195,2226,-428,18088
12298,-1344,1533,2246,792,18488
18813,-1312,-2171,2382,836,17084
25785,-1360,-5436,638,-160,16472
30796,-1344,-16373,-966,7264,15340
-32559,-1344,-18404,-4538,-9760,15120
-32559,-1296,2014,-7606,-9196,14084
32262,-1344,7070,-10938,-2816,11308
28469,-1328,1859,-11150,-7588,9000
26670,-1328,3460,-12142,-8540,6112
24171,-1344,9076,-13542,-6256,4536
19880,-1328,13769,-13898,-4008,4300
17537,-1344,8938,-15242,-2736,3940
14746,-1344,418,-14434,-3452,3120
12419,-1328,-3764,-11962,-4480,2380
13488,-1344,-3768,-11754,-4148,-132
16088,-1360,2383,-13314,-4016,-824
14526,-1344,2910,-13666,-3380,-376
13021,-1344,-1588,-12482,-1264,-3820
17782,-1328,-3491,-11910,-2652,-5008
19485,-1344,-9093,-13810,-3688,-3080
14301,-1328,-16320,-14882,-3608,-4580
2
-19458,-1360,-26496,-6082,-1768,-32768
-32558,-1312,-16047,-10826,-2492,-32768
-32558,-1360,-32598,4546,1800,-32768
-32558,-1344,-12645,31817,13296,-32768
-32558,-1312,-32598,31817,32468,32767
-32558,-1328,-32598,31817,-12304,30252
-32558,-1344,-32599,25538,-26512,28120
-7702,-1344,-32599,25334,5756,14084
9022,-1360,4539,-7662,14728,25204
16176,-1376,-23024,15150,-3200,23580
16533,-1344,-11876,4502,-4172,20964
14951,-1328,6384,1886,-11396,21720
14924,-1344,13914,-2610,-776,20824
12179,-1344,8154,-166,3464,22680
9585,-1328,-1321,278,3632,22116
8731,-1344,1380,970,384,20724
9888,-1344,3443,1966,1852,18808
15871,-1360,250,1938,1724,16580
23012,-1376,-1304,-1850,-3432,15620
27106,-1360,5522,-4686,-2488,14104
30024,-1376,10566,-7190,-372,12676
28757,-1344,10038,-9082,2208,12760
23337,-1328,9145,-10166,1396,11704
18418,-1344,8070,-10642,2096,9320
18098,-1344,1815,-9646,3136,7772
20562,-1344,-3879,-11398,548,6392
20952,-1344,-3411,-13222,-1884,5748
18827,-1344,461,-11954,-3056,4232
18365,-1328,985,-11618,-2720,3280
19070,-1344,-499,-12274,-3168,2964
18962,-1328,-3041,-11610,-4728,2604
22058,-1344,-10602,-11970,-1968,-604
2
-32558,-1360,16754,30986,-9544,-32768
-32558,-1344,-32598,31817,-22672,32767
-32558,-1360,-32598,31817,6660,28764
-32558,-1344,-32598,31817,-26152,32767
2724,-1344,-32599,19610,-9496,21904
18282,-1360,27789,6734,5032,20928
4035,-1360,921,-2238,-7184,18128
68,-1344,-2063,-2510,-6616,17900
-1577,-1328,-3101,-1962,-6076,18052
-4791,-1312,73,5058,-1868,21840
2516,-1344,2689,7226,-2208,15884
16457,-1360,4522,5622,-1728,15300
22649,-1344,-755,5014,-2680,18032
23603,-1328,-2183,2462,-5656,18452
24965,-1360,-408,-166,-7476,17256
27979,-1344,6134,-1122,-9288,16536
30174,-1360,11333,-4318,-7460,14652
-32559,-1376,13726,-6006,-5932,11748
-32559,-1344,12604,-8206,-5684,10048
-32559,-1328,11922,-10934,-4376,8728
29577,-1344,7965,-12214,-3320,6600
24844,-1360,3999,-14430,-2860,5360
20957,-1344,685,-15538,-1740,4300
17385,-1344,-2484,-15478,-2112,3720
15154,-1360,-1406,-12090,-3788,3264
16849,-1376,-556,-13450,-2108,1300
22457,-1344,-55,-10622,-3248,-1716
-32559,-1328,-252,-10766,-2652,-2992
-32559,-1344,4072,-15222,-1080,-3004
28410,-1344,-2664,-15698,-2464,-5112
2
-32085,-1312,-12518,-17014,-14540,-32768
-32558,-1312,-2557,-11306,-16012,-28896
-32558,-1328,1041,-1878,-9784,-24276
-32558,-1376,18964,7146,-4848,-25216
-32558,-1328,14896,31817,-2864,-32768
-32558,-1360,-32598,31817,3276,-18896
-32558,-1344,-32598,31817,-10696,32767
-8203,-1328,-32599,26018,-856,21616
19727,-1376,24475,10310,21976,26228
19005,-1344,-30644,-3966,-2872,22136
17916,-1360,-24633,18970,-8228,17460
17321,-1344,342,7382,-7516,17628
13934,-1360,-2711,2562,-7412,19752
12420,-1344,-7751,1646,-6512,19588
11504,-1344,-2026,1506,-7548,20388
12918,-1360,2185,1418,-5220,18796
16320,-1376,2901,1058,-4640,17992
15965,-1344,2835,-578,-7156,18876
13194,-1360,2526,58,-3496,18356
12956,-1376,3593,222,-4132,17184
16541,-1328,5246,-670,-1688,15300
23142,-1328,5357,234,-752,14428
30492,-1312,4844,-1194,-496,12116
-32559,-1360,3402,-6622,-1624,9848
-32559,-1344,2791,-7734,-2568,10016
31111,-1344,1908,-10022,-3424,8404
28118,-1360,3939,-9762,-4016,3944
27012,-1376,4984,-10490,-2132,2960
23519,-1360,-1439,-12850,-2608,4036
16500,-1344,-4695,-15130,-4672,4988
9289,-1344,-7816,-16042,-6452,6048
7644,-1360,-8897,-13270,-8180,3568
2
-32558,-1344,8910,-9406,-9300,-32768
-32558,-1360,16582,-2970,-8960,-32768
-32558,-1312,6069,1434,-7868,-30308
-32558,-1360,14704,9858,-900,-32768
-32558,-1392,7493,27546,-18836,-6620
-32558,-1344,-32598,31817,-15676,23312
-32558,-1328,-17782,31817,1180,32767
-32558,-1328,-3399,21658,-4788,32767
11334,-1344,23191,14186,4172,25200
28940,-1360,3183,4022,2112,26768
17257,-1312,-6474,7322,-4624,23620
12866,-1344,1450,2142,-6692,17488
9206,-1360,176,1230,-5228,19008
2837,-1344,-523,-2446,-5228,19936
1206,-1344,-4688,1354,-1248,20012
6045,-1376,-4498,3882,-4600,20768
14306,-1344,2467,3966,-1940,19704
21411,-1328,-10570,4438,2568,19316
27026,-1360,-16298,5438,-6220,19308
-32559,-1344,-11135,1582,-8012,12352
-32559,-1328,-1585,-5942,-8940,14144
-32559,-1360,12687,-6070,-4960,13736
-32559,-1344,22247,-9698,-3852,10360
26880,-1360,25564,-9886,-2896,7764
23235,-1376,22337,-11346,448,3232
21705,-1344,17505,-14286,1068,2356
17683,-1360,14116,-15018,-800,2448
12977,-1376,10862,-15226,-392,488
13132,-1344,4994,-14762,60,52
13953,-1328,557,-14374,-420,-704
12902,-1344,-1513,-14442,-1748,-672
10580,-1360,-1222,-14198,-2364,-1760
2
-32558,-1312,6126,-10094,-11288,-27164
-32558,-1360,19989,-4566,-14296,-29956
-32558,-1360,31922,10698,-4408,-32768
-32558,-1312,-21862,31817,8636,-32768
-32558,-1360,-32598,31817,-17556,29980
-32558,-1328,-32598,31817,-31492,32767
-3224,-1344,-32599,10434,-9700,23340
-32559,-1328,27854,14182,13496,22400
-32559,-1344,-21125,8682,-2116,22552
27437,-1344,-20837,9542,-4880,20684
21079,-1328,-10343,5566,-9732,22084
20869,-1328,621,5050,-9884,20760
24561,-1344,6422,634,-4544,19836
25049,-1328,6822,518,-3740,21168
22592,-1328,9659,1230,-4140,20308
25182,-1312,5876,22,16,16784
28387,-1360,3032,190,-3368,16672
30417,-1312,4465,-3462,-3720,14096
28718,-1344,-313,-7138,-5216,13452
22925,-1328,855,-8658,-7272,11668
22474,-1312,4206,-9202,-4596,8524
24138,-1328,8263,-10858,-5424,7116
24016,-1376,9890,-10982,-4192,5432
23158,-1344,12427,-13094,-1672,5212
19796,-1328,12142,-16174,-116,4480
16455,-1344,4268,-14518,1444,4352
14580,-1344,4608,-13674,1548,3352
14391,-1328,9456,-12958,2756,2844
14557,-1312,5933,-14586,2664,836
13936,-1344,5105,-16006,-148,304
2
-32558,-1360,-32598,31817,11956,29208
-12403,-1360,26306,25062,-13948,32767
21223,-1328,-32599,18918,7576,17152
30110,-1344,-494,-7538,5796,19412
-32559,-1328,-31196,17174,-7272,17596
31993,-1312,-11048,4906,-7508,16208
20985,-1360,5484,-946,-14644,19208
9143,-1328,10864,-5066,-6304,18820
5949,-1344,2965,-3714,-3372,18860
9993,-1392,-1135,-486,-4752,18032
16540,-1376,2405,-1482,-4048,17288
18408,-1376,3928,-2790,-3312,16656
15086,-1360,-1623,-4582,-4056,16984
9906,-1312,-1585,-5298,-6468,15492
13450,-1328,2762,-5430,-6972,12816
21713,-1344,3674,-7250,-2972,11472
26218,-1344,2819,-8882,-4460,11700
25754,-1328,8726,-9950,-3536,11188
22951,-1312,11160,-10954,-2236,10256
20950,-1360,5805,-13214,-1504,10436
18356,-1328,2175,-13226,-2548,9396
15906,-1376,3940,-14074,-3100,9028
15586,-1328,2230,-12146,-2044,7820
16376,-1344,2012,-14390,-4096,6864
16485,-1344,4937,-13146,-4684,6840
15347,-1360,6990,-12294,-3928,4556
18065,-1344,6031,-12198,-1988,2504
16477,-1344,3853,-15090,-2284,2668
11422,-1344,895,-13654,-1968,2708
6201,-1376,-2127,-13882,-2356,1816
3059,-1328,-5433,-16374,-3776,1444
-2681,-1328,-3435,-18098,-7184,1572
2
10104,-1376,-32599,22926,-3632,25044
14012,-1328,-32599,13010,8756,18428
-10908,-1344,-9668,-14218,9216,32767
5987,-1376,-7083,8750,-10036,15564
14705,-1344,-5980,15898,-7440,19436
13228,-1344,-3953,-498,-14636,22880
5675,-1328,1357,-566,-9780,20616
6544,-1344,-2478,1642,-12032,21344
7385,-1360,4144,4426,-9788,20736
11157,-1344,2448,5342,-6068,18680
16584,-1344,1075,6470,-8000,18908
23755,-1360,6727,7274,-8708,16936
-32559,-1344,10890,3898,-6408,14976
-32559,-1312,12123,-222,-4984,15364
-32559,-1376,6386,-2966,-2408,15012
29378,-1344,-2072,-4182,-4812,12792
26335,-1360,-2915,-4374,-5124,14320
16056,-1328,-3085,-6506,-4280,10612
19260,-1344,-2923,-4210,-8820,5576
26816,-1328,3807,-7226,-6000,3700
29451,-1344,6253,-9882,-3884,4108
28741,-1344,2361,-12490,-996,2924
27425,-1328,-1587,-12786,-624,864
25561,-1344,-4726,-14366,-2552,-1372
20755,-1328,-2956,-16798,-2720,-2596
12777,-1344,-3875,-17570,-1568,-4620
10057,-1344,-4177,-16694,-2380,-5500
9145,-1360,-4608,-17446,-4676,-6872
7402,-1344,-699,-18418,-7460,-8464
2716,-1328,-1345,-19390,-7784,-6496
-6756,-1360,-10840,-19618,-2432,-2908
-13146,-1344,-8922,-20450,-2424,-4028
2
-32558,-1344,-3426,31817,-17320,32767
-32558,-1312,-26836,31817,16588,21288
26561,-1344,32356,22582,-4420,17312
17041,-1328,14258,2810,-1528,29092
-13827,-1360,-27584,-10798,12532,28296
27713,-1312,-12535,14490,-26916,22356
22044,-1360,-5040,-142,-12396,17528
8992,-1360,-5289,-8818,-12964,24484
10948,-1312,7978,4162,-8384,19364
17121,-1328,4789,290,-4672,20116
23698,-1312,4477,3042,-5296,20976
23221,-1360,12152,1878,-6088,20400
24297,-1328,9492,1766,-2296,17484
27575,-1344,3333,734,-3624,15956
30590,-1328,2133,-1970,-6248,13640
31350,-1344,3903,-5890,-6388,12516
30481,-1344,1585,-7414,-5816,9652
29493,-1360,1437,-9034,-5704,7836
27106,-1312,1914,-11034,-4400,6124
23944,-1360,-643,-11902,-4692,4172
21546,-1360,2089,-12286,-4220,2572
19125,-1344,2317,-13106,-1920,1800
15323,-1328,538,-14150,-1784,1864
12129,-1312,1812,-14270,-1488,24
12382,-1360,-2617,-12130,1268,-1884
12664,-1344,-12794,-12882,592,-1028
9792,-1344,-13066,-14282,512,-2140
7233,-1328,-12519,-17354,3100,-2456
2493,-1344,-10422,-21446,-1660,-3284
-2299,-1360,2561,-21430,-2724,-6204
-5187,-1344,6112,-23302,-4228,-4308
-10724,-1312,1932,-25210,-5096,-1520
2
-32558,-1328,2999,-16214,-11580,-29084
-32558,-1344,3220,-3362,-5024,-30472
-32558,-1344,4814,1974,-15560,-24804
-32558,-1328,9784,12486,-6056,-16564
-32558,-1344,-5399,31817,4340,-3556
-32558,-1328,-17424,31817,31048,32767
-32558,-1344,-26151,29850,-31292,32767
21537,-1328,-32599,18714,-9924,32767
21756,-1328,-32599,7562,21272,27336
19790,-1344,-14301,-17386,3508,32767
18039,-1328,-8814,8682,-11244,24076
17413,-1344,3059,362,-10492,19264
13333,-1344,-2425,-6430,-2932,18564
5302,-1328,-7537,-6550,-6728,17684
4390,-1344,2173,-3938,-7956,15628
8076,-1328,5610,-2442,-4072,16420
9499,-1296,4510,-2862,-2452,16060
10678,-1344,4826,-2778,-3120,15016
11580,-1328,4669,-4682,-4168,16064
11928,-1344,1241,-5374,-2752,16048
10078,-1312,2663,-5610,-4360,17236
12376,-1328,7568,-4578,-4032,13740
17975,-1344,7906,-4834,-2148,13504
20486,-1376,3485,-6794,-300,13360
18199,-1344,258,-5674,468,14828
15398,-1376,-1024,-5862,-1976,12256
14253,-1328,3847,-10878,-672,11804
14564,-1344,9163,-12474,-1716,8892
15352,-1312,3238,-14514,1472,7128
15752,-1360,-5017,-16174,112,6024
13756,-1344,-6979,-16502,-1708,5948
11115,-1360,-6866,-15766,-3044,5256
2
-32558,-1328,-14740,31817,-25712,-18500
-32558,-1344,-32598,31817,28848,32767
-32558,-1328,-32598,19906,32468,32767
27202,-1344,-32599,21982,-7632,24940
10354,-1360,31522,-1822,7728,24056
10908,-1328,-21042,1386,11268,16168
19468,-1344,-22295,13358,-15296,17256
20143,-1328,4568,-2986,-13492,18596
10951,-1376,1557,-6026,-3808,19812
1118,-1312,-4723,-6418,-4476,20200
-566,-1328,-1768,-1078,-6088,19208
5360,-1344,5366,2158,-5788,19380
12249,-1360,7723,3118,-1568,19728
17425,-1312,4767,3726,-2900,20888
22787,-1312,4553,2522,-4192,19772
26606,-1360,5447,-938,-3096,18920
29301,-1328,1844,350,-1892,15584
-32559,-1312,-4941,-1982,-4192,12664
-32559,-1360,2962,-5858,-7380,12256
32295,-1312,13053,-4530,-5392,8780
31786,-1312,10211,-8378,-1712,5132
29092,-1328,8352,-10854,-2456,3832
24836,-1312,9216,-11186,-2840,1896
20547,-1344,7760,-12070,-912,-652
19604,-1360,5706,-14474,532,-2124
17973,-1344,4419,-15666,-312,-2008
13130,-1344,2171,-15958,-1244,-1572
8868,-1360,-905,-16966,-2080,-2512
6528,-1344,-1973,-17454,-2708,-4152
6597,-1328,-5840,-18598,-3068,-5684
5538,-1344,-9192,-20374,-5288,-5928
383,-1344,-13385,-21022,-7392,-4028
2
-32558,-1344,-10126,31817,-13700,-17264
-32558,-1328,19341,31817,11776,26556
-866,-1328,17788,17058,6904,20092
31565,-1344,9516,17274,18220,20932
10065,-1328,-24276,-6910,7960,22684
11037,-1344,-28003,12222,-7292,20620
20687,-1344,-3988,7946,-9164,20084
25558,-1328,-6579,1374,-3100,24084
21863,-1376,676,-3670,-6976,25424
17776,-1328,12096,-4774,-3444,22436
15171,-1312,9054,-5694,692,19688
14179,-1344,1122,-3110,-916,18140
15246,-1360,640,-3370,-2672,16184
17350,-1344,1645,-4458,-2068,14688
19645,-1376,-3575,-5222,-3356,14816
21121,-1344,-4638,-6818,-4560,13364
21603,-1312,974,-8894,-4972,10976
22421,-1328,3127,-8858,-3700,8992
20655,-1344,11989,-6402,-3432,8496
18985,-1376,32548,-6310,-2504,2896
11974,-1344,32536,-11914,1816,4252
5469,-1344,8214,-16378,5200,8092
4131,-1328,-11712,-12814,-2312,8404
6296,-1312,-15372,-12146,-6012,5980
15888,-1344,-11285,-13934,-9408,2312
25701,-1344,-4722,-15666,-9984,1548
22193,-1344,-5957,-18786,-9108,2240
14852,-1328,-22659,-21418,-5684,-368
9939,-1344,-16419,-21722,-7420,-860
6914,-1296,-3833,-20302,-4548,-64
7812,-1344,2840,-17974,-4584,-2780
8388,-1344,7079,-19538,368,140
2
4760,-1360,-29834,-26422,3316,-920
4763,-1344,-28103,-23158,-10380,-14792
28016,-1328,-32598,-23714,-11092,-32768
-3335,-1344,-32598,-23750,-1124,-32768
-32558,-1344,-32598,-16870,-1372,-32768
-32558,-1328,-8456,-8818,-4932,-28480
-32558,-1344,18371,-3158,-3512,-26608
-32558,-1328,-32599,18338,13552,-25320
-32558,-1344,-32598,31817,-14384,-32768
-32558,-1344,-32598,31817,3876,20948
-32558,-1328,-32598,31817,-21764,25284
19803,-1312,-32599,12066,-8136,17468
-32559,-1344,28113,17578,-672,26484
21976,-1328,-10612,686,1152,23200
12976,-1312,-15231,5290,-7964,21172
9490,-1312,-1834,1462,-10936,20328
8915,-1360,-66,1362,-8260,22660
9348,-1344,5292,3326,-6520,22104
16352,-1328,4630,5874,-1300,19168
25504,-1312,6516,7686,-4384,18936
30838,-1344,9583,6030,-2916,16864
32490,-1328,6126,3190,-800,15364
32424,-1344,-404,1554,-4312,14752
31111,-1328,-2042,-2554,-6116,12424
28907,-1344,398,-7234,-6628,10716
26017,-1296,1550,-7954,-5992,8644
25572,-1360,2281,-8914,-6080,6524
23525,-1344,4372,-10654,-5464,6252
20474,-1328,8016,-10354,-5240,4964
18498,-1344,8020,-10834,-3568,3268
18594,-1344,3805,-12414,-2756,3024
18329,-1328,-350,-14254,-3224,3796
2
-32558,-1344,-32598,31817,-3148,-536
-32558,-1344,-32598,31817,32468,32767
-32559,-1312,-32599,9162,-23912,17772
-32559,-1328,-32599,13766,8556,25484
19362,-1376,-14543,1610,-10692,23964
-1201,-1312,-2680,-3094,-20340,20072
-1264,-1360,19905,-1890,-13280,19340
-38,-1344,11419,-166,-9336,22016
1218,-1344,1254,-3626,-7616,21412
6158,-1328,3139,1434,-5764,20900
9886,-1344,9161,3854,-4620,20552
15885,-1360,10969,5454,-504,18108
20942,-1328,8032,5274,-144,18108
22411,-1344,3469,2822,-1448,18080
24854,-1328,-805,-246,-3504,16136
29269,-1344,1409,-4118,-4408,13188
-32559,-1376,-609,-5558,-2396,10704
31851,-1360,-299,-5118,-5144,9364
25153,-1344,4916,-8142,-5936,8632
20372,-1328,11165,-10538,-3680,7240
18792,-1344,13652,-12074,-1856,5468
20005,-1344,12272,-11346,-1292,5124
19453,-1360,8418,-12502,-364,5436
17210,-1344,6356,-15130,-1488,5728
17695,-1296,8090,-14198,-852,4228
21956,-1328,10311,-12930,-1344,948
-32559,-1344,19610,-12218,-5780,-1416
-32559,-1360,20078,-14694,4220,-2816
-32559,-1312,-2776,-18670,6868,-6176
19042,-1344,-21058,-20842,-3656,-5768
-8569,-1296,-22509,-22494,-1260,-12688
-16612,-1344,-17482,-16354,-7016,-13300
2
-32558,-1344,-334,10450,2224,32767
18517,-1328,-5533,17942,7204,12440
-32559,-1312,-8629,-2222,-20136,14564
-32559,-1312,-149,5346,-14652,19116
19665,-1328,9222,2226,-9184,21636
864,-1328,-7688,-6758,-16220,21116
-1926,-1344,-8848,3018,-12372,17748
5888,-1328,-8586,3274,-14040,18288
16450,-1312,2475,6694,-15628,17568
25630,-1344,10172,4562,-8844,15928
32212,-1328,11277,3466,-5236,12836
32533,-1344,10426,522,-9408,15152
28623,-1328,7360,-578,-7044,15328
28765,-1344,-3,1098,-9260,13492
31747,-1296,-2871,-2498,-8508,11556
-32559,-1296,1389,-4298,-9396,9020
-32559,-1344,10156,-5726,-6788,3312
-32559,-1360,17661,-8182,-6700,1568
31704,-1312,18216,-11062,-5324,-24
24292,-1296,9447,-17766,3672,624
12115,-1328,-13182,-21270,-1296,308
-3228,-1344,-2889,-15090,-1216,-3384
1102,-1328,-12574,-15190,-2660,-5380
9408,-1312,-17031,-16474,-7964,-6264
15343,-1328,-15352,-17218,-11884,-10852
18153,-1312,-590,-17554,-28780,-13540
-5799,-1312,12259,-15442,-23092,-3048
-27450,-1328,7205,-15222,-3148,-2164
-9570,-1344,7212,-12774,-6604,-1200
724,-1344,-13679,-12426,-10168,3196
2
4610,-1344,-14468,-15542,-11976,-32768
-32558,-1328,-30924,-9334,-4816,-32768
-32558,-1344,-13708,-10794,-21276,-32768
-32558,-1280,18842,542,-18904,-26976
-32558,-1328,-32599,21402,-9980,-32768
-32558,-1328,-6487,31817,-13588,-32768
-32558,-1312,-32598,31817,25980,24144
-32558,-1328,-32598,16586,11696,32767
23510,-1312,24801,20326,-22088,13968
24473,-1344,-21187,2142,-7492,19016
11142,-1328,-17416,-4594,-23292,18140
11930,-1312,791,1650,-14864,15308
19646,-1328,3948,510,-13172,14180
26955,-1360,8933,-354,-12676,13452
28371,-1312,9138,-1958,-11708,13776
25529,-1328,7583,-4230,-14404,12304
25704,-1312,13578,-3462,-11836,10284
26267,-1328,16029,-2950,-7836,10308
24261,-1360,13500,-6358,-7916,11952
20472,-1312,16334,-5898,-7256,10056
21483,-1360,17308,-5234,-1184,6084
24012,-1344,11113,-9330,1900,3964
27001,-1360,-571,-13274,-6572,2472
25440,-1344,6775,-11398,-8656,2368
23101,-1312,1274,-11498,800,-1020
21938,-1296,-8510,-18158,-1960,-1264
16576,-1344,-8405,-19482,-7164,-584
6858,-1328,-13842,-16790,-7124,-4232
6170,-1376,-13892,-16462,-7640,-8140
9858,-1344,-9196,-16966,-12464,-11076
2
-13000,-1312,-2503,-6774,-19488,-30012
-32558,-1328,-3542,886,-12528,-30196
-32558,-1328,3130,-2158,-10140,-25376
-32558,-1344,-2395,-4798,-10224,-21648
-32558,-1328,1445,7398,252,-31848
-32558,-1312,-17271,31817,14432,-7524
-32558,-1344,-32598,31817,32468,9528
-32558,-1360,-20388,13522,32468,28668
-3090,-1344,-32599,3430,-13064,23540
23328,-1296,-32599,7738,-6080,22548
7637,-1344,27140,-10062,488,22616
1828,-1312,-23476,6026,4636,18924
11096,-1328,-20222,1206,-15788,15780
17598,-1344,-6329,-3002,-13816,16760
17954,-1328,-2914,-1918,-11076,16948
17606,-1328,1145,-1634,-8580,16576
19599,-1312,2564,-254,-6384,14476
23538,-1328,1673,1426,-7432,12768
26010,-1312,4069,570,-8800,12540
25248,-1344,2756,-1554,-7960,10776
25363,-1360,1979,-2954,-11324,7900
28857,-1312,6772,-5986,-9300,4280
31206,-1328,4108,-7710,-6568,4740
31463,-1328,-987,-8930,-9508,3092
26753,-1344,-993,-12430,-7108,4460
17588,-1328,-1144,-11678,-5132,3440
13339,-1312,-4897,-13006,-4428,2240
11476,-1328,2,-13246,-7124,812
10005,-1344,4157,-13718,-7732,1112
8332,-1376,6482,-14050,-7020,384
9536,-1328,11960,-13770,-5384,-3080
10507,-1312,8191,-16118,-5276,-2412
2
29693,-1344,-6654,7886,968,18672
25666,-1328,-20553,7386,-9060,15368
16335,-1344,-11161,110,-9276,15372
11429,-1360,-4284,-826,-25144,13680
5364,-1360,7152,-6394,-12932,14536
3903,-1344,-2420,-1686,-6688,15992
23835,-1328,8050,5426,-10472,15260
28649,-1360,9352,3346,-8836,13560
31216,-1344,11153,-3218,-9140,13068
30366,-1360,8692,-5234,-7968,12192
28040,-1360,8838,-7274,-4672,10356
26864,-1312,8543,-8866,-2992,7700
26100,-1296,2294,-10978,-2596,5916
25684,-1344,-4580,-13582,-3016,4448
24781,-1328,-1928,-15494,-4156,3100
23386,-1344,4701,-15014,-1356,124
22410,-1344,-4218,-17370,-1216,-832
20493,-1360,-7079,-16066,-4444,-1700
20200,-1312,-6056,-13830,-5440,-3756
23442,-1328,-8964,-15050,-5228,-5572
18646,-1376,-7266,-18354,-8396,-5472
5638,-1328,-4403,-18638,-11588,-5132
-9317,-1312,-5604,-21902,-9924,-5536
-19619,-1344,-5926,-20166,-10512,-6468
-17574,-1328,-5750,-17026,-13684,-6736
-11934,-1312,774,-16762,-12252,-4116
-8963,-1296,6347,-17154,-9776,-1140
-7971,-1344,6486,-16922,-7468,364
-6452,-1344,3760,-16370,-5016,1412
-6487,-1328,1546,-17130,-3764,2632
2
-21710,-1328,-6748,-19550,-15580,-30400
-32558,-1312,-1933,-20086,-10760,-24784
-32558,-1328,-558,-16422,-8080,-19736
-32558,-1312,17764,-2022,-2540,-19108
-32558,-1344,18926,29154,2060,-32768
-32558,-1328,-525,31817,-2048,-20764
-32558,-1312,-32598,31817,14576,21932
-32558,-1328,-32599,24394,3856,14616
22799,-1360,-10541,8754,18436,8052
-32559,-1344,-32598,-8566,-13916,6708
-32559,-1328,-20590,4198,-28704,13096
32074,-1344,7187,14494,-16812,15000
8794,-1328,14387,-6210,-31140,15824
135,-1344,23789,-2886,-13932,19868
-8607,-1344,15939,3994,-5028,21012
-12405,-1328,-2648,7554,-1748,22804
-8545,-1344,-12453,11302,-5640,21044
2285,-1296,-4104,10282,-8220,20440
11908,-1344,2902,9818,-5456,17776
19580,-1328,-1665,8726,-300,15824
28479,-1328,-5195,9102,-3676,12776
-32559,-1312,1408,6170,-3032,11188
-32559,-1328,6844,1582,-8796,10956
-32559,-1344,26038,-1918,-4456,10184
-32559,-1360,19570,-2546,4736,11652
30135,-1360,1187,-5190,-6852,14272
25546,-1312,4366,-6258,-2776,11108
21726,-1328,1685,-8250,-1944,7460
19506,-1312,-5887,-10006,-4664,5884
20884,-1312,-3024,-11722,-5324,3644
23226,-1328,766,-13342,-8920,-760
23558,-1312,3969,-17158,-11188,-256
2
-32558,-1344,-10050,31817,13972,22792
-32558,-1360,-485,21898,-13960,8004
-12436,-1312,17181,-2698,22976,14148
18654,-1360,-20258,11222,-4296,16716
-32559,-1312,-32598,8274,-20660,12796
-32559,-1328,-17459,5638,-27076,14408
27544,-1360,11270,7138,-16740,19952
13136,-1312,20362,3634,-16500,21548
4828,-1328,15865,2846,-4484,19856
5188,-1344,-3045,7362,928,18248
13675,-1344,-16953,5822,-10872,14952
19705,-1360,-9635,4918,-11108,16376
19433,-1344,-9262,4302,-3976,15524
20545,-1360,-12776,-610,-9296,14464
18852,-1312,-5692,-910,-10404,15672
17958,-1344,-1708,1402,-6220,13460
20453,-1344,-3558,26,-4788,12356
22662,-1344,-5046,1318,-7324,11832
22692,-1344,-5322,842,-8368,10552
23489,-1360,-4293,-2786,-9676,8828
23978,-1344,-2330,-3902,-14156,8080
21332,-1328,8791,-4662,-16924,8744
14453,-1328,20770,-6782,-12156,7336
14814,-1344,17337,-7966,-3856,4144
17718,-1328,12324,-8542,-7916,3252
21068,-1312,11563,-12474,-4636,1860
22899,-1344,10093,-13158,-2248,2168
20774,-1328,6573,-14254,-2172,2620
19268,-1344,2220,-18246,244,1608
16660,-1328,-3897,-22390,-1360,2056
11601,-1328,-7901,-21118,-3420,780
9393,-1344,1724,-20886,-6484,-832
2
-32558,-1296,-11052,31817,-6736,13864
-32558,-1344,-16330,28362,-5312,28424
-32558,-1328,-32599,19978,-4416,17740
-13008,-1312,19256,15650,16408,14404
10539,-1328,-22507,10578,-6248,12808
27832,-1312,-26426,9130,-15696,13684
28377,-1344,-11123,6162,-16344,16256
21461,-1360,7851,4130,-5184,18260
6096,-1344,8865,3958,-1884,19960
2726,-1328,-4796,5822,368,17088
6556,-1344,-14802,3398,-4932,15348
8712,-1312,-17037,4566,-6796,15776
5660,-1360,-672,1774,-6128,17224
3215,-1344,-2523,2262,-3800,16304
5054,-1312,-7130,5986,-3972,14652
13745,-1328,-10520,6950,-5392,12068
20755,-1344,-8924,6730,-7460,11496
25855,-1312,-1976,5602,-13692,11960
24935,-1344,12220,2054,-15148,11448
27797,-1344,24058,2154,-8672,7796
31351,-1328,22988,-214,-6016,8136
29322,-1328,15422,-6082,-7180,8820
27837,-1344,9862,-9322,-2532,7404
23644,-1328,4127,-7958,-6336,9080
19886,-1376,1356,-11626,-4160,8124
20626,-1344,-3857,-13530,-2412,6044
20710,-1328,-8065,-14682,-4180,6792
20624,-1344,-5601,-15706,-4324,4912
-32559,-1328,2268,-17410,-3676,264
-32559,-1344,-1754,-18326,-1700,-744
2
-24863,-1328,-15209,-15774,1940,-32768
-32558,-1344,2854,-13966,1012,-28240
-32558,-1312,7300,-18250,-6804,-24988
-32558,-1328,31074,-13378,-3260,-32768
-32558,-1344,-32599,15526,14960,-32768
-32558,-1328,-32599,31817,-1468,-32768
-32558,-1296,-32599,31817,3732,1344
-32558,-1344,-32598,31817,32467,29980
13662,-1296,-32598,20858,-14200,4664
-32559,-1344,-9970,-5182,-9604,11640
-32559,-1312,-12423,8490,-20416,13232
32750,-1328,1346,4406,-20936,15924
8958,-1344,16910,-3046,-16568,18724
-11535,-1344,21486,-1706,-15604,19116
-20766,-1328,19500,4610,688,16948
-14172,-1312,-4121,7626,572,16216
-5910,-1360,-19890,9702,-3492,15788
701,-1328,-24577,11334,-11340,15732
9712,-1344,-13605,10842,-15500,14692
17772,-1328,1051,9358,-14432,14044
22241,-1376,13492,5038,-13652,13840
21228,-1344,17187,5350,-1260,14052
25405,-1328,4944,5018,-548,12640
-32559,-1344,-4747,3738,-5988,14008
-32559,-1328,-481,3354,-7364,15612
32405,-1328,8484,582,-5828,14848
-32559,-1344,10268,-162,-3004,13932
32682,-1328,5987,-5430,-2076,13404
29007,-1344,4153,-6802,-3244,12624
26436,-1328,1593,-8554,-4236,10012
27913,-1328,4136,-9722,-2224,3548
27559,-1376,9264,-12134,-2064,4244
2
-32558,-1328,28779,-3442,-6604,-29016
-32558,-1312,14111,12270,11116,-29168
-32558,-1344,8454,19402,6284,-16804
-32558,-1360,-2858,31817,3600,-27508
-32558,-1344,-31575,31817,8892,-24344
-32558,-1328,-32598,31817,32468,32767
2722,-1344,-32599,12602,-9420,15932
25077,-1312,19790,3114,-5828,16712
19911,-1360,-18621,4738,-19428,13952
18452,-1344,-2159,17486,-20640,14948
9670,-1312,17729,8022,-18776,21412
-3501,-1344,7703,7282,-10508,18240
-6437,-1344,-3860,5482,-8808,16960
-6281,-1328,-6386,10794,-8488,17008
-4566,-1344,-5951,15206,-8268,17348
4701,-1344,-3960,14914,-7504,15132
16510,-1328,-3042,15834,-8156,15496
26762,-1344,-3949,15510,-8536,13952
-32559,-1328,-2745,9710,-5648,13224
-32559,-1344,-5662,8034,-3332,12832
-32559,-1312,-15389,5166,-572,12580
-32559,-1312,-22483,534,-5604,10872
-32559,-1344,-23413,-5378,-8548,7508
-32559,-1328,-8230,-7774,-14696,7424
-32559,-1344,9105,-9990,-13228,4992
28671,-1312,13164,-9162,-5636,3892
22710,-1328,9918,-10698,-4908,2624
18303,-1344,3413,-11766,-6172,2040
15371,-1328,2218,-9994,-4192,1680
14713,-1360,4039,-10222,-7832,-612
14059,-1312,6182,-10674,-8228,-320
12514,-1328,8063,-11702,-7812,-616
2
-32558,-1328,19655,31817,27924,-32768
-32558,-1312,-32598,31817,-12796,-17568
-32558,-1328,-32598,31817,-20508,18660
-32558,-1312,23371,24070,1392,17436
-7820,-1328,1095,13462,-16756,14736
23175,-1312,-7075,9030,-22992,10604
-32559,-1344,-3105,9346,-20560,8568
24479,-1328,10697,12718,-12588,23016
-925,-1344,2158,7074,-6036,25416
-11114,-1328,1127,9574,-8776,19140
-9659,-1344,-2200,13206,-7784,20208
-6808,-1296,124,15798,-8032,21860
4404,-1344,3911,17402,-4704,19412
20722,-1312,1888,15070,-1496,18300
29462,-1328,-1296,13354,-1360,18584
32285,-1312,311,13526,-612,16416
-32559,-1360,-2319,9142,3088,12536
-32559,-1312,-13382,5378,3528,12148
-32559,-1328,-16807,3746,-3772,13588
-32559,-1360,-14066,-1186,-8080,10920
32712,-1344,-10375,-1878,-4608,9800
19294,-1328,-8149,-6670,-13772,8560
7844,-1344,1030,-13602,-12296,7972
7016,-1328,-388,-13998,-7196,8052
9666,-1328,8794,-6222,-7808,5868
15603,-1344,3552,-10414,-5460,4828
17777,-1328,-1465,-11226,-6008,6440
16858,-1344,-466,-9994,-6984,5048
17624,-1360,6612,-10130,-6116,3920
17301,-1312,7675,-11498,-5224,2260
21706,-1328,9746,-11762,-2576,1352
19557,-1328,-11481,-21350,1028,2920
2
1066,-1328,-23275,-16674,-6216,-29740
-32558,-1344,25085,-17582,-8660,-22876
-32558,-1328,30069,-6538,-6012,-17748
-32558,-1312,-11850,7022,10268,-23876
-32558,-1360,-9800,31817,15072,-28220
-32558,-1344,-14920,31817,32468,-32768
-32558,-1328,-32599,31817,1560,21900
-11606,-1328,24389,5514,23500,12056
7457,-1344,-14231,4286,5248,8728
28710,-1360,-32598,11630,-22760,11772
25865,-1344,-14970,10506,-22004,13080
23612,-1296,3036,9998,-17248,14692
5253,-1328,25272,5306,-22556,19124
-15705,-1312,31698,5074,-3076,19460
-13961,-1328,-1280,15458,9908,17672
5117,-1312,-24012,19858,-3352,18020
21180,-1328,-22985,20054,-7776,18824
-32559,-1344,-9393,20422,-11316,16464
-32559,-1328,3427,12498,-12796,16152
-32559,-1328,22275,3102,-14352,12396
-32559,-1344,26901,222,-1512,13884
32667,-1328,11822,1218,5732,11012
-32559,-1344,-4573,-2142,-1696,13812
-32601,-1360,-11279,-2978,-3284,11440
32445,-1360,-10780,-3266,-3440,8536
-32559,-1344,-7156,-5558,-11004,6160
-32559,-1328,3117,-7870,-10632,-1624
-32559,-1344,409,-7606,-976,-3196
-32559,-1360,-11485,-13418,2552,3488
14828,-1344,-14057,-18542,-632,-1956
6551,-1328,-3949,-13330,-844,-2340
8779,-1344,-2749,-13910,1148,-1936
2
-8474,-1328,-16124,-18558,-6144,-29104
-32558,-1344,-14887,-19882,512,-27148
-32558,-1328,25045,-8010,-6196,-28896
-32558,-1344,4888,7874,3548,-26212
-32558,-1328,14128,29650,12184,-32768
-32558,-1360,7016,31817,-8412,-23672
-32558,-1344,-32598,31817,22604,26388
-29772,-1328,143,31817,-19536,11660
-32559,-1344,-7325,14514,-4252,12180
-32559,-1344,-16165,6786,-17844,10892
-32559,-1328,-9476,13074,-19716,15076
24770,-1344,696,11090,-18616,23856
4771,-1328,-3474,562,-18872,17660
13862,-1328,8693,7942,-14772,16500
27771,-1344,8700,11438,-3868,15440
-32559,-1328,4608,10594,-9392,14468
-32559,-1344,14458,5642,-9260,13068
-32559,-1360,19285,902,-3524,10428
-32559,-1344,11765,-1218,-5028,11336
-32559,-1344,5459,-4950,-4400,5720
-32559,-1328,4323,-10678,-6264,2260
-32559,-1376,2941,-11018,-3872,2748
32092,-1360,3989,-8666,-5020,-3120
31073,-1344,5813,-10398,-6944,-5700
28115,-1344,505,-13390,-2240,-5604
22058,-1328,-13512,-17230,2144,-6900
6451,-1312,-25442,-17010,-1088,-8976
-8501,-1360,-19705,-16786,2492,-9796
-10672,-1360,-17723,-18958,-72,-8584
-6192,-1344,-3416,-19394,-5788,-4732
-6622,-1328,-4027,-21638,1384,-940
-9875,-1344,-3248,-25214,188,-160
2
-32558,-1328,-20002,31817,-16452,-32768
-32558,-1328,-23122,31817,-19920,32767
16405,-1328,-32599,31817,-14224,13300
-32559,-1344,-9141,6390,25924,152
-32559,-1344,-32598,14442,-17512,6536
-32559,-1344,-17029,21786,-24292,8428
-32559,-1328,2843,6170,-20916,11008
-32559,-1344,12612,-7718,-20552,17736
23452,-1328,23475,442,-15280,16820
30076,-1344,20275,-4002,-6952,10288
-32559,-1344,13467,-3582,-7880,9808
-32559,-1328,15850,-6470,-8172,7988
-32559,-1344,15619,-5854,-4164,4056
-32559,-1360,11609,-10290,-3528,3604
26625,-1312,2600,-13946,-5188,2388
19010,-1360,7755,-16766,-5924,820
10248,-1344,8320,-15938,-3300,1096
1373,-1328,-8532,-16026,2028,-3792
316,-1328,-15424,-17046,-3808,-4620
6397,-1312,-5815,-15886,-5764,-5300
18263,-1328,324,-15002,-3552,-6784
23687,-1312,1439,-16206,-3520,-4992
23014,-1360,1524,-17242,-6516,-1540
11014,-1344,4206,-18726,-1920,2072
-4100,-1328,1407,-19718,-3136,-1732
-7508,-1344,8037,-19382,-6300,-4072
-3226,-1328,17257,-17670,-6920,-4952
-2940,-1344,11609,-19402,-2512,-3308
-7361,-1328,-325,-21566,-504,-960
-9435,-1312,-6880,-20474,-3604,-748
-7808,-1328,-4549,-19146,-2724,476
-6002,-1312,-2527,-18862,1380,1616
2
-32558,-1376,-1762,31817,11664,18244
-32558,-1344,-32598,31817,4616,26352
-7657,-1344,-2063,19834,-15008,16940
15059,-1360,10117,4366,-1788,14388
19334,-1344,-4336,10134,-9320,17780
18120,-1296,-5573,9738,-10800,17336
9212,-1344,-2794,9986,-8556,18436
7730,-1312,2274,8478,-5144,18652
5272,-1328,1997,7054,-6304,19468
5074,-1344,-8019,6602,-4084,16672
7739,-1328,-15986,5502,-5512,16304
8932,-1344,-15320,5102,-7668,15688
7334,-1360,-8520,5074,-8244,16320
4443,-1328,-3578,6106,-8748,17008
6842,-1344,-81,5894,-7504,16072
11967,-1360,1971,8338,-6256,16404
18927,-1344,969,7606,-4452,15092
26267,-1328,-1104,6250,-4320,13264
30820,-1344,-906,5238,-5368,13428
30404,-1296,656,2606,-7732,13660
28957,-1360,-330,934,-6092,11656
27617,-1328,1904,-686,-8488,10620
26384,-1344,8241,-5850,-5644,8128
24971,-1312,11714,-7434,-4232,7212
20140,-1328,11868,-9414,-4260,8064
14616,-1312,8572,-11742,-3324,8424
10354,-1328,4855,-13842,-2664,7012
10555,-1312,-3281,-14138,-2104,6740
14174,-1328,-5616,-15018,-4144,5896
28170,-1344,-1690,-14998,-7468,1328
-32559,-1360,-2535,-16582,-4992,1108
-32559,-1344,5655,-17410,-4184,1196
2
-32558,-1312,-1748,-14082,-5912,-23352
-32558,-1360,2913,-16258,-2440,-21552
-32558,-1344,11389,-5338,-712,-20436
-32558,-1312,5592,6486,7664,-31104
-32558,-1360,5495,23294,5340,-24892
-32558,-1344,-22891,31817,-3948,-2804
-32558,-1328,-28540,28382,-11360,3008
-32558,-1376,8269,31817,-22016,15120
-31288,-1360,-32599,21682,4356,13576
-18617,-1328,17422,746,22348,15944
-17183,-1328,-22390,19774,-20240,15636
15381,-1328,14015,18246,-8660,19424
5578,-1344,25877,17374,-2832,19376
1508,-1344,12337,15166,12568,15892
12165,-1312,-20293,17510,10200,14476
23699,-1328,-32598,16998,5060,11196
-32559,-1312,-32598,17026,-8488,8296
-32559,-1360,-22944,13226,-15320,8656
-32559,-1312,-4082,4118,-11120,8624
-32559,-1328,17134,314,-13136,8432
-32559,-1328,29666,-938,-5456,7048
28632,-1312,25718,-8018,-4156,13352
14670,-1328,11329,-14034,1988,8268
17457,-1376,2455,-4810,-5020,4772
20409,-1328,1694,-10066,-3292,5076
19357,-1344,1570,-10558,-3980,7192
20952,-1328,-9001,-14998,-3316,1280
22259,-1344,-6778,-15382,-3548,-484
2
-32558,-1328,28118,31817,-1136,-18936
-32558,-1344,-32598,17350,6180,21096
-32558,-1344,-31272,28402,-25216,11952
-32558,-1344,27740,17346,-10468,13128
-14145,-1328,29231,19370,-4620,14328
7775,-1312,4808,18654,3124,16584
12910,-1328,-14309,18618,-3068,18928
8415,-1344,-17370,17194,-6992,20184
1287,-1312,-4206,13794,-9676,19704
-2400,-1328,4635,13790,-5968,18780
416,-1344,-612,14358,-704,17292
4735,-1360,-8427,14094,-1532,16804
10559,-1312,-12367,13934,-2732,15404
15947,-1328,-11705,13090,-3848,14332
19524,-1344,-10615,11966,-4744,14228
21344,-1328,-7439,11382,-6500,13868
25745,-1296,-3298,9134,-6104,12832
30991,-1312,22,6834,-5380,12840
-32559,-1328,795,6226,-4916,12440
-32559,-1344,352,4298,-5220,14176
31614,-1328,4455,4790,-11072,17720
32532,-1312,16230,3730,-8936,12744
-32559,-1328,22766,-1642,-3608,8868
-32559,-1344,18229,-4746,404,6360
-32559,-1328,8724,-7102,-100,6352
-32559,-1344,-56,-9478,-2344,5168
31808,-1328,-4920,-11598,-3352,2388
29282,-1344,-10824,-14954,-424,-664
28455,-1328,-19656,-18182,-1932,-1604
25950,-1296,-21350,-16238,-3584,-2452
22404,-1312,-25127,-17354,-3792,-5308
20448,-1360,-26021,-17982,-8228,-9256
2
-32558,-1328,3398,25982,-13092,6332
-29809,-1344,4661,9194,4176,18348
-2312,-1328,-4276,26750,-8760,13332
21793,-1344,-16289,17922,-13332,13420
26679,-1328,-15234,17638,-11920,16148
16556,-1312,1542,18178,-9852,21844
5098,-1328,11504,17194,-412,21188
-5560,-1376,5674,14082,1304,17480
-5654,-1344,-5454,14218,-1016,15028
-758,-1312,-14171,13654,-4028,14172
5147,-1344,-11564,13262,-8488,13316
10578,-1328,-2406,11206,-8396,13336
11695,-1312,4184,10694,-5256,13644
15455,-1328,-6654,12974,1528,14456
21932,-1344,-10666,12306,-572,13668
29613,-1328,-13356,11482,-1744,12500
-32559,-1328,-14012,10270,-2260,10384
-32559,-1344,-12732,6718,-5280,10656
-32559,-1328,-3786,5442,-8700,12288
-32559,-1344,4081,1446,-6604,9856
-32559,-1360,8310,-4246,-4292,8048
-32559,-1344,10314,-6318,-3788,7716
-32559,-1328,7489,-8958,-1772,6900
27570,-1360,1481,-9622,-5556,7640
19126,-1344,2251,-10910,-3612,6480
14048,-1328,923,-13438,-7020,4812
10628,-1344,-342,-14570,-9360,4916
7943,-1296,1433,-15278,-6720,3388
10940,-1344,-3451,-14938,-6324,2112
14913,-1328,-3207,-13918,-9368,2220
2
-32558,-1344,6627,23730,-17916,6676
-32558,-1344,20608,16954,3132,15524
-9234,-1344,3862,28910,-17000,11276
26269,-1328,-15843,17630,-13868,11072
-32559,-1344,-21945,16094,-19852,9200
-32559,-1344,-9353,18714,-18988,14916
-32559,-1312,-3153,15786,-7236,16996
16450,-1344,3779,5982,-6948,20524
3420,-1296,-322,8286,-1664,17028
1102,-1312,-10775,9586,-5472,15912
4580,-1312,-10433,10038,-7684,15244
10016,-1344,-3474,9674,-8108,15668
11449,-1344,1576,8630,-6348,15904
9339,-1328,4763,9350,-4516,15656
9095,-1312,2359,10038,-1452,13968
19795,-1328,-4629,11398,-552,10832
-32559,-1344,-8826,10202,1076,7020
-32559,-1344,-12403,7126,2188,4552
-32559,-1360,-12542,3174,-5404,8868
-32559,-1344,-5390,-658,-10832,11108
-32559,-1328,2017,-4838,-11968,13888
23777,-1344,8565,-4730,-12072,13756
22292,-1328,12927,-4458,-10640,11184
24260,-1328,10744,-5422,-8504,9720
26597,-1376,5393,-6698,-7100,7656
32613,-1328,8698,-8294,-5024,3280
-32559,-1344,16209,-10438,-4448,268
-32559,-1328,11390,-13678,-3280,-3120
-32559,-1344,-728,-22306,-2960,-6476
-32559,-1328,-14191,-25194,-7364,-6340
30422,-1344,-21250,-22146,-9396,-4600
4977,-1344,-16202,-27018,-2488,-10372
2
764,-1344,-7582,22022,-20932,16344
25779,-1360,-13563,17290,-13656,15344
29902,-1344,-16738,14202,-12976,15820
21166,-1328,-9044,11814,-21584,18552
11197,-1328,2911,9554,-14236,20976
3098,-1312,4451,10698,-12316,20176
2232,-1360,3840,14274,-6432,22316
1416,-1344,-2096,16710,-8220,22460
10382,-1360,-1459,16334,-7364,17384
25305,-1360,189,13874,-5744,14504
-32559,-1312,-37,10670,-4260,12492
-32559,-1328,-671,7046,-3500,11704
-32559,-1344,1786,5578,-5088,12776
-32559,-1328,1179,874,-4272,12088
-32606,-1360,650,-506,-4756,12184
31500,-1312,-3280,-598,-6864,11008
29835,-1328,-2730,-3662,-8908,9104
26954,-1312,2189,-5534,-12244,6856
21860,-1328,19014,-6218,-11544,5396
14387,-1344,17766,-8870,-5748,4148
16299,-1344,19933,-9106,-4404,3456
21112,-1328,15952,-13014,-4500,3732
15045,-1344,6213,-13018,-1920,7372
11076,-1360,-514,-10910,-2116,6860
15983,-1344,180,-12750,-3700,5944
19127,-1328,-4519,-12750,-2980,7188
22382,-1344,-3999,-13462,-2068,3380
-32559,-1328,4708,-16954,-2708,332
-32559,-1328,958,-19318,-2512,1684
25023,-1344,-10762,-23274,-132,916
5226,-1344,-16754,-24258,2232,-1988
-11942,-1344,-12565,-24594,-4288,-2212
2
-4883,-1264,-8710,-11966,2692,-32768
-32558,-1280,-1383,-2862,-2856,-32768
-32558,-1264,-16195,2834,1260,-32768
-32558,-1312,-18607,31466,16068,-32768
-32558,-1312,-32598,31817,32468,8804
-32558,-1232,-19092,31817,-5684,11688
-32558,-1280,-232,31817,32468,32767
4605,-1296,-32599,31817,9540,12528
24418,-1248,-16141,-614,4068,19464
32653,-1264,-32277,17590,-12140,20404
28179,-1248,-6616,23866,-11988,18340
24911,-1264,-16059,6134,-14528,21948
12043,-1264,-4309,134,-13656,23712
2859,-1280,-5618,5750,-10284,20448
14713,-1264,-3007,11150,-9832,17620
26819,-1248,3470,9966,-8780,17704
31735,-1248,1874,9818,-7532,16784
-32559,-1296,3235,8130,-8744,15056
32632,-1248,6221,4810,-11460,13320
31312,-1264,12953,2034,-14596,12460
29017,-1280,16730,2674,-12780,9736
32359,-1264,15670,678,-7516,4088
-32559,-1264,17658,-2414,-1580,-424
-32559,-1280,17652,-5866,288,-1428
-32559,-1296,18640,-7954,-124,-1920
-32559,-1312,18208,-7774,1016,-6052
-32559,-1264,8719,-15950,8012,-6820
-32559,-1232,-13555,-21546,9020,-6376
5524,-1312,-14331,-22054,6196,-9648
-5515,-1264,-12354,-16290,1964,-12272
-4386,-1280,-10172,-19138,-1708,-13036
-1426,-1280,-9294,-24430,-3584,-13296
2
-32558,-1248,-32598,31817,-22436,23932
-32558,-1264,-7055,22618,32468,32767
18456,-1232,-32599,15890,32467,-10404
32356,-1280,-6561,21698,-4420,6892
29905,-1264,-19185,-6858,-7900,18176
19863,-1280,-6838,16230,-13576,15568
8330,-1264,1799,3138,-15740,19716
2016,-1296,-670,1954,-13508,18308
830,-1248,-3869,5918,-11252,15364
2880,-1264,2878,6710,-9508,16320
4420,-1248,2716,8014,-8144,16048
23165,-1264,2169,10006,-7112,13148
32359,-1264,7436,7338,-8848,11048
-32559,-1248,13050,3902,-8308,13248
-32559,-1264,14451,-1298,-8248,12204
-32559,-1248,18192,-6554,-3356,9328
-32559,-1280,18257,-8906,-1712,10928
-32574,-1264,13844,-10446,-2504,11416
29405,-1280,7087,-11902,596,11844
27134,-1264,4716,-9502,-116,10244
-32559,-1280,-2457,-7726,-1500,7368
-32559,-1280,3994,-12174,-1732,7920
-32559,-1232,10376,-10718,-868,5896
-32559,-1280,11436,-12622,-160,3300
27654,-1296,10645,-12926,732,276
16863,-1264,5296,-11730,-68,-1456
7056,-1280,-1795,-10518,-804,-4304
3414,-1296,-2270,-11602,-2664,-5916
2092,-1280,-916,-11414,-3428,-5040
-1103,-1264,-7437,-14098,-3920,-4104
2
-32558,-1280,14502,29470,3748,-21524
-32558,-1248,16622,31817,2520,-23696
-32558,-1280,-22378,18270,14064,22708
-32558,-1296,-32598,29878,-10224,9172
-8418,-1248,207,7022,2472,22188
6179,-1264,-441,16478,-5068,25968
9886,-1280,-11678,15286,-13484,21976
14580,-1248,-6119,12694,-13288,20188
12805,-1264,5794,13518,-11608,23496
8395,-1232,10936,8778,-5660,23524
4842,-1280,-1220,8754,-1616,21436
4099,-1232,-8788,9558,-3760,20200
7228,-1248,-8958,10274,-5220,18648
17205,-1296,-4658,9890,-3820,15812
28169,-1280,-107,8922,100,13620
-32559,-1248,2581,7622,-1332,12940
-32559,-1280,3839,4894,-5288,16324
-32559,-1280,22,5498,-1048,14416
-32559,-1264,-7108,1862,-5748,12368
-32559,-1264,-6877,-3490,-9752,10860
-32559,-1248,-2423,-2862,-9232,9684
30560,-1248,-536,-5122,-7872,7792
29109,-1280,-1113,-6906,-10048,5880
24608,-1296,694,-6598,-11564,7016
21079,-1248,5199,-6798,-10840,4412
26709,-1280,11900,-8154,-5048,-3272
-32559,-1280,15443,-9118,380,-7324
-32559,-1280,13707,-17998,-3488,-3136
21424,-1264,1011,-22590,-2012,-4332
3562,-1280,-8782,-21598,-5116,-4924
-7464,-1296,-17653,-15882,-11976,-2044
-1976,-1280,-16616,-15570,-15700,-6872
2
-30685,-1280,-18655,-8782,-4044,-21544
-32558,-1280,1128,-6122,-3216,-14284
-32558,-1248,4173,1122,-208,-6860
-32558,-1264,-4933,10670,1240,-8604
-32558,-1280,13281,31817,1736,-10876
-32558,-1296,-26225,31817,-764,24940
-32558,-1248,-32598,21994,500,23188
-32558,-1216,-12795,30530,-21568,-13076
-19308,-1264,-32599,5070,-5872,13692
-9166,-1248,26109,10930,-3168,17776
2318,-1264,-1866,14130,-10468,16508
10631,-1248,-8670,9190,-9484,15376
10758,-1280,4011,11354,-19220,19516
8456,-1264,24587,12026,-5104,20352
4776,-1248,13204,10194,7020,19452
5616,-1232,-14945,10334,5560,17756
5711,-1248,-28993,11086,-1440,15936
7866,-1248,-26696,11490,-8548,16204
15326,-1296,-8850,11506,-11600,14224
21978,-1280,5401,8450,-7916,13536
22837,-1248,10497,7946,-9664,13872
21880,-1280,12684,5302,-2840,12900
24351,-1280,7537,5614,2104,11996
30733,-1264,-1761,7058,1072,10928
-32559,-1248,-7074,4106,-2400,10376
-32559,-1280,-6827,1478,-4300,10604
-32559,-1280,-7485,-534,-4284,10412
-32559,-1248,-7304,-4762,-6224,9272
-32559,-1264,-1045,-6446,-8012,7328
31438,-1280,7946,-8270,-5968,5620
26427,-1312,11205,-12730,-2828,4100
21591,-1280,10884,-15254,-2468,3408
2
-32558,-1296,-11123,31817,-11016,27512
-8178,-1280,6779,30758,8,12500
-959,-1264,15278,3010,7284,23956
5129,-1248,-17035,22134,-9908,19680
14810,-1280,-11032,17154,-14416,18132
21075,-1296,-5878,16738,-12500,21632
16566,-1312,13124,13202,-9176,21844
12060,-1280,6822,10950,-2076,20124
11753,-1280,-4011,9034,-1124,18348
11156,-1248,-11544,8530,-1700,17388
11968,-1264,-12697,9102,-3356,16588
16060,-1280,-10532,9058,-2640,15044
20425,-1280,-9507,9942,-3816,15116
24418,-1280,-7103,8586,-5668,14044
-32559,-1280,-2182,-1394,-7836,10260
31572,-1264,5259,-4842,-11472,12720
24169,-1248,9143,-1378,-8084,11940
24927,-1232,9025,-2342,-6824,9700
28768,-1296,10964,-7374,-2704,6048
31642,-1280,9738,-9106,-1916,5624
28933,-1232,5683,-10194,-940,6620
25992,-1280,2150,-12714,-1056,5280
22536,-1280,-3949,-14330,-2336,5684
15919,-1264,-5282,-13098,-3168,6648
11457,-1248,-1936,-16566,-1584,2656
12715,-1296,-2795,-18338,-2544,1668
14851,-1280,-6171,-16006,-4860,712
20077,-1280,-10070,-16634,-7148,-1872
23156,-1264,-4964,-17138,-10028,-3432
23002,-1280,1607,-17114,-14588,-4848
2
-32558,-1280,-25122,31817,4440,5220
-32558,-1264,-32598,29154,-15800,15656
-32558,-1248,-277,31078,-29092,12124
-5380,-1264,12109,13742,-5548,14884
14222,-1280,6017,18330,-13932,14796
25015,-1248,2139,16246,-19596,14860
20257,-1232,-1273,17546,-12820,19744
7940,-1248,15058,13134,-8972,19744
3696,-1264,10493,13790,-5660,18456
6149,-1280,846,13766,-2340,17336
11500,-1280,-10685,13986,-2364,16572
17330,-1264,-15422,13014,-4400,15096
22114,-1280,-10810,13350,-7472,14524
26652,-1264,-7188,11794,-5508,13816
30266,-1248,-6508,10994,-6696,13940
-32559,-1216,-3067,10370,-6904,11508
-32559,-1296,-54,5822,-5932,10380
-32559,-1280,-711,2566,-5272,9984
-32559,-1264,-523,1394,-6144,9700
-32559,-1280,1956,-2910,-5292,8300
-32559,-1280,535,-4610,-4716,7080
-32559,-1264,-464,-5394,-6736,7304
27036,-1280,-312,-6254,-8644,8368
25613,-1264,5151,-3542,-10944,5420
30583,-1216,3805,-7602,-292,1188
-32559,-1280,713,-12490,-1760,-2076
-32559,-1264,3594,-14798,-7328,-4588
30105,-1280,-1234,-18222,-6888,-9792
27690,-1264,-18046,-20178,-3116,-15040
18686,-1248,-29082,-19058,-8824,-19428
-522,-1280,-11666,-16558,-16452,-14956
-21452,-1264,-6788,-18334,-5188,-8512
2
-32558,-1296,-26735,31817,27508,-32768
-32558,-1280,-4119,31817,32468,-13656
-32558,-1264,4150,31817,-13164,6832
-29133,-1248,7359,31817,-27408,13828
5394,-1264,16450,18474,-9388,10948
18229,-1280,-3186,13650,752,12704
20608,-1280,-20158,20694,-16684,14256
24604,-1232,-18259,23370,-22856,16680
28165,-1248,5049,18494,-15576,17068
23731,-1232,10802,15342,-9660,16904
20016,-1280,-3313,13810,-5668,16588
20671,-1248,-13583,15610,-6832,14300
24551,-1264,-11704,11402,-8860,12672
31228,-1280,-7281,10782,-7764,10384
-32559,-1264,-4961,10778,-8140,9036
-32559,-1248,-500,4738,-10028,9348
-32559,-1296,5318,3570,-10284,8044
-32559,-1296,10349,3550,-8180,6312
-32559,-1312,12510,1562,-6796,7000
30801,-1296,12884,-2230,-5112,6212
25599,-1280,9860,-3626,-788,4608
11453,-1296,9240,-9762,-976,6304
4394,-1280,3795,-22334,-1508,6304
12613,-1264,-7229,-12990,724,4212
26980,-1280,-7175,-16714,-5564,2916
-32559,-1312,-9004,-15366,-3388,-352
-32559,-1264,-674,-20082,-3656,-1088
-32559,-1280,-4331,-23966,-2288,2536
24288,-1296,-16246,-23398,-4764,-2540
2611,-1280,-22030,-19050,-2848,-8464
-557,-1280,-7660,-13662,-7524,-8408
-6224,-1264,-6174,-17914,-6036,-5360
2
-32558,-1200,15406,31817,15448,-32768
-32558,-1136,-15376,31817,32468,32767
-32558,-1152,-32598,31817,24252,32767
-22931,-1168,-32599,31817,32468,30148
31330,-1168,-32599,18222,9000,21504
-32559,-1152,-15409,8518,5152,28400
-32559,-1200,-32321,20842,-17092,20936
-32559,-1184,3404,13790,-17360,20520
-32559,-1200,13030,12502,-10184,19128
-32559,-1184,13310,4442,-9720,10072
-32559,-1200,13993,-5950,-7732,9420
30344,-1184,21665,-10634,-4936,7004
30990,-1168,9180,-6654,-528,540
-32559,-1152,-682,-8662,-2480,-2764
-32559,-1200,-1027,-9606,-8288,-1336
32031,-1152,3280,-15750,-7068,-11844
20405,-1200,-5030,-20094,-12420,-13360
11168,-1184,-2036,-21214,-6812,-12608
-10509,-1184,1809,-21602,-7384,-12336
-18031,-1184,267,-18302,-7636,-7032
-22488,-1168,-1538,-19774,-3212,-1792
-8833,-1184,1162,-15226,-1028,-3804
-3249,-1168,-2576,-15322,-364,-144
-1051,-1184,-9104,-14130,808,2412
-3434,-1184,-14531,-16890,-3368,1728
273,-1168,-7461,-13070,-7760,-336
3446,-1184,2401,-14810,-7708,-392
1798,-1200,4438,-16434,-6040,-572
9911,-1184,6712,-12370,-7776,-1268
8701,-1168,-580,-18074,-1664,1472
2
