-904,-1296,-28183,30322,32467,-7512
-1825,-1328,-32598,31006,32467,3780
974,-1280,-32431,23294,32467,2724
-389,-1264,-32598,25634,32467,492
4714,-1312,-21071,31817,32467,944
11584,-1312,-29197,31817,31524,-12948
7849,-1312,-10830,31817,12980,-24740
-13712,-1360,2072,31817,-18844,-2120
-1962,-1328,-32598,31817,-28372,2816
24,-1328,-32157,22074,32468,-4220
-5666,-1344,3573,3174,-27332,704
-2207,-1328,22905,11874,-4848,2320
4418,-1312,18404,16166,3960,2520
10333,-1312,-32599,11694,25184,-4932
18560,-1312,-32599,1554,26104,188
19014,-1344,25018,-14418,27344,7704
8803,-1296,2226,1646,31188,6756
2080,-1296,668,8278,21392,776
5122,-1328,-6599,5522,2704,272
16153,-1328,7795,15558,-4252,-4884
26191,-1312,28388,28166,17488,2664
11182,-1344,31684,30022,27840,7304
7401,-1312,4249,29230,26312,7008
14623,-1312,-6962,27550,18148,-1256
15591,-1360,12602,17782,16236,3540
6291,-1328,20900,12334,15032,8816
-7468,-1328,15789,12694,4352,9100
-16085,-1328,5352,13606,8404,6560
-17054,-1296,-7386,16778,10040,3616
-9297,-1312,-13391,18762,9212,1808
892,-1344,-13586,16330,7872,1912
5086,-1312,-8960,15578,5752,4132
1
-2864,-1344,8136,31817,32468,9676
-15843,-1280,-19920,6326,32468,13832
-5019,-1312,-32599,1162,-6944,4904
2289,-1312,-32599,-846,27412,2808
-4472,-1328,24176,-25238,25756,11036
-263,-1328,-15291,1358,8884,14252
3314,-1296,-7233,82,-1348,6024
6017,-1328,7128,294,10496,2292
4460,-1328,3044,-1734,7680,4080
5864,-1360,5436,-3630,3516,3020
9156,-1312,16003,2382,20300,3484
-4869,-1312,7707,-4726,28820,10880
4701,-1312,111,-8514,17136,7524
2461,-1344,16278,-1778,7608,9872
-933,-1312,17157,5450,14184,13648
-4901,-1312,4581,7110,8648,10200
-4506,-1312,-154,8342,2884,5452
-677,-1328,45,12206,9728,5476
565,-1360,-4029,22810,13204,3332
6323,-1264,4878,13918,-2820,3788
8551,-1328,26477,19050,7720,10544
1761,-1296,13717,31006,19564,8256
-6509,-1312,6802,23662,8608,8660
-10882,-1312,10757,23482,5784,5640
-6974,-1312,12969,23846,7372,3288
-4533,-1312,15826,19194,9244,5820
-1996,-1344,9483,17278,8408,4796
87,-1296,1719,16442,6104,4464
801,-1328,-5016,15562,5044,5088
-192,-1328,-9657,14806,4076,5728
-490,-1360,-9121,14970,40,5396
-1883,-1312,-4698,15654,800,5480
1
-14135,-1312,3097,27906,32467,-2936
-32214,-1312,-10649,11150,32467,-5356
-32558,-1312,-32598,19842,32467,-15268
-31070,-1280,-20130,31817,28700,-22660
-9521,-1296,-32598,23894,32468,3456
-3455,-1296,19182,-9890,-23352,-1472
7766,-1344,26618,-5190,32008,-10308
-32558,-1312,-32599,-7386,27980,9188
15677,-1312,-23967,-17178,21312,23764
-11253,-1312,13027,-5342,15336,20520
-11981,-1312,8445,-2222,7136,10320
-3065,-1312,5877,1630,3040,4724
4754,-1344,-6613,3478,5124,2136
6547,-1328,-12309,1966,2872,3680
1482,-1328,-10047,550,-1284,2824
-7824,-1328,836,3338,-8592,2640
-14876,-1328,18292,10178,2860,4632
-20933,-1328,31925,15434,5668,2004
-1364,-1328,-32599,13430,956,-11972
28692,-1328,26951,18442,24028,4112
12600,-1312,6868,27890,24216,7552
5248,-1312,-5369,22382,4044,9052
-12393,-1312,-17069,31817,24360,17896
-23982,-1328,10214,31817,4020,2428
-3537,-1296,-32599,27042,6840,4748
11697,-1328,20775,18946,16856,7444
6838,-1296,6108,15238,11404,14484
2410,-1312,-9765,12542,7008,12500
-5811,-1312,-10136,11534,2780,9640
-12303,-1344,-3775,13318,1012,6896
1
-32558,-1312,9868,22470,32467,-25124
-32558,-1344,-25642,31817,32467,-16752
-32558,-1344,-15461,31817,-2124,-12012
-22076,-1312,-32423,31817,32468,-3540
-13376,-1328,-17743,17322,32468,6528
-1555,-1296,18442,5022,-20008,2404
10291,-1328,15713,-4414,17612,884
-7022,-1328,-95,-13306,28648,17680
9268,-1312,-1173,-3118,15764,-11624
9980,-1312,7409,-6994,18112,11496
5959,-1376,844,-7446,20684,8172
9030,-1312,-10546,-5118,15228,8556
7454,-1328,-7191,-5798,7488,8400
2562,-1328,-996,-4622,7200,9424
-3892,-1328,-2912,-3670,5756,10872
-4206,-1328,-4057,-1738,2500,9492
7289,-1344,10302,-710,528,5528
16888,-1328,14824,-1550,13164,3244
18374,-1344,5206,-2638,17708,5176
12540,-1312,4727,-3554,18980,6280
4833,-1344,3242,-2862,16692,7428
9597,-1312,-6902,-666,12104,4444
9551,-1344,-1138,-1470,6272,9900
-1898,-1328,11274,1742,12980,10912
-6742,-1296,8141,3942,12256,7460
2450,-1328,-6293,7234,11776,4472
288,-1328,-9078,8330,13144,8116
-5574,-1312,-1990,9674,7776,8436
-5987,-1312,9236,10738,6252,5724
-10941,-1312,10835,17894,22564,8260
-13465,-1328,2268,20638,13572,4776
-12466,-1328,3724,16850,6556,4544
1
-2677,-1328,-11237,20338,-28440,12760
20111,-1296,3743,-98,1772,2380
21311,-1328,6642,-8522,18916,2068
-2788,-1328,8762,-15874,19744,5348
-16057,-1344,2461,-8958,19900,7196
3982,-1344,-555,-3786,15868,8536
1924,-1312,-4059,-5334,14168,11700
4043,-1312,-5448,-3970,14576,7552
7684,-1360,-5864,-4814,13940,9236
3351,-1360,-1030,-5454,14932,10016
-136,-1328,-2,-4778,15616,10356
919,-1360,-3565,-4050,14284,9612
3862,-1328,-4726,-3842,12024,9928
5103,-1312,-3550,-3570,9948,9772
5306,-1344,-387,-3186,10552,9136
4569,-1312,-1124,-3490,10224,7820
6709,-1312,-3183,-3550,9092,6636
6998,-1312,-1064,-3934,8336,7260
6032,-1312,2862,-2714,8884,6620
6577,-1328,7152,-2218,9024,5996
5689,-1360,14274,-2350,5700,6912
5005,-1328,20716,82,6696,6332
7640,-1328,20353,3186,12516,3104
12524,-1344,5552,4758,17248,2860
11369,-1344,-1257,3266,12492,4212
9688,-1344,11771,7238,13168,876
14217,-1344,6948,13254,21052,1172
12607,-1328,-3205,7826,18980,4200
9763,-1328,6549,9270,15340,4676
7011,-1296,11306,12662,18100,3536
5775,-1328,-131,12070,17008,3944
4096,-1328,-3680,11670,12680,4552
1
17864,-1312,-20793,31817,27240,-10208
-32559,-1312,-32598,31817,24552,-11344
28994,-1296,-30696,27834,32467,-8052
17165,-1296,-17703,21294,32467,-6896
-5718,-1360,-22076,17454,32467,-20804
-29725,-1328,20813,25974,25220,-18948
-32558,-1312,11815,31817,-1260,80
-32558,-1312,-19709,31817,-13100,-21112
-26798,-1312,-6766,26138,32468,5092
-14137,-1312,10590,10202,-8732,7988
-13737,-1328,15872,242,8464,5600
1551,-1360,11661,-3786,19604,4740
2246,-1312,-11280,-6210,16460,10908
3877,-1344,-5098,-5730,14000,13648
5113,-1312,-4754,-4930,13828,7648
10281,-1312,-7822,-6290,9472,7912
8065,-1328,-4019,-5222,8616,12300
6125,-1328,-1785,-3650,9676,10576
10223,-1328,-5930,-4698,11388,11580
7818,-1296,-8062,-7470,15748,11680
9871,-1344,-19145,-6966,17156,8776
12365,-1312,-23804,-7750,9180,11164
8395,-1344,-8569,-6910,2608,12272
4863,-1328,7325,-5254,5964,11264
2272,-1328,9860,-3842,8824,9428
3795,-1312,3035,-4378,9532,7996
4907,-1328,2549,-4534,6560,7204
4568,-1312,5445,-3130,9668,7468
1001,-1280,7881,-4002,5616,8964
-4519,-1344,13708,-1526,9276,8120
-6096,-1328,13619,434,9676,7004
-6437,-1328,7370,2710,7848,5472
1
-9132,-1296,-30992,18102,32467,-12888
-22148,-1328,-18538,15738,32467,-15792
-32558,-1328,-1039,15734,32467,-14816
-32558,-1328,-19539,22826,31312,-11364
-32558,-1344,-29536,29594,13536,-5256
-32558,-1344,-28867,31817,-20096,3024
-32558,-1344,-30309,22590,-11904,6400
-32558,-1344,-17970,8558,-17084,5440
-26142,-1344,-2663,-1686,-6588,4720
-14510,-1344,10688,5954,2164,3256
-3537,-1360,9421,2014,10728,7536
-1309,-1328,18,1810,14120,11048
1129,-1328,-3515,-86,13648,12272
7805,-1328,-215,-1122,8780,11548
10977,-1328,-349,-2694,11552,13960
8650,-1312,-3170,-4010,12616,15172
5891,-1376,-4533,-4350,10864,14416
7960,-1344,-2349,-4974,8740,13260
8427,-1312,440,-6146,11716,12884
6104,-1344,-1140,-7142,12364,12640
4545,-1328,-3356,-7274,11116,12092
3704,-1328,-3000,-6966,9192,11904
2980,-1328,-1857,-7126,9872,12608
2890,-1344,-5215,-6618,8540,11328
5230,-1344,-2988,-6330,6784,12092
5222,-1344,750,-6902,9076,12644
2860,-1312,571,-6990,10144,13296
796,-1312,3,-6982,10060,12064
741,-1312,506,-6814,9076,11568
869,-1328,2570,-6350,9156,11592
902,-1296,2905,-6402,9188,11088
272,-1328,2213,-5930,10392,11512
1
3433,-1312,17901,20786,5620,9076
2260,-1312,-32599,24834,27588,9504
-4348,-1280,10801,28506,32467,2332
-19795,-1344,-24829,14362,32467,1592
-18666,-1344,-31806,14986,32467,-12256
-32558,-1312,-10669,23390,32467,-13172
-32558,-1312,-24458,31817,13960,-17588
-32558,-1360,-32598,31817,-19352,-7296
-30698,-1360,-32598,31382,32468,-11276
-16115,-1296,11833,-5094,-20764,5036
-9922,-1328,13466,3322,2632,2848
-6921,-1312,24562,-3610,18872,8832
7846,-1344,4528,-3982,17488,3856
5611,-1312,14523,-5858,17684,17504
2755,-1328,10666,-3402,18368,14596
7358,-1328,-1824,-1378,14620,12092
10544,-1328,-1116,-2666,13088,12332
8622,-1312,-412,-4042,14380,11696
6361,-1328,-2490,-5882,13444,9396
6187,-1312,-5781,-7666,13556,8444
5885,-1344,-8620,-9138,13068,8184
4674,-1328,-10484,-9050,12176,8584
2022,-1328,-11110,-9446,10256,9696
-1231,-1328,-10354,-8646,8816,11084
-3632,-1328,-7484,-6894,7508,12504
-3227,-1360,-2818,-4762,7208,12708
-650,-1344,864,-4014,8644,12256
2054,-1312,2724,-4526,10584,12244
2780,-1344,2576,-5646,11480,11844
2887,-1344,1346,-6026,12172,11736
2298,-1344,863,-5746,10424,11584
897,-1344,597,-5502,11132,11748
1
-32558,-1328,25094,19362,32467,-32768
-32558,-1328,-32598,31318,25660,-29664
-32558,-1360,-32598,31817,-11572,32767
-25571,-1360,-32598,31817,32468,32767
-27321,-1344,-12704,14138,-21420,16812
-546,-1344,1611,3186,-3848,3452
13564,-1312,-974,-4194,7396,-208
9402,-1344,-1546,-9730,12128,4700
-6344,-1360,-3280,-6382,11652,8056
-2215,-1328,5171,-6098,10828,2968
7583,-1328,4113,-6414,14248,10888
5392,-1344,-764,-5942,15148,12524
2781,-1344,-3494,-4678,12568,12880
-395,-1312,-2361,-3922,10020,13184
-2245,-1344,-1005,-2742,8836,12272
2446,-1312,1722,-2414,8512,9864
4525,-1328,4492,-3026,11288,9508
6225,-1328,8926,-5718,12084,8752
3962,-1344,4600,-3594,12252,9408
4587,-1344,1767,-2430,12540,8672
4336,-1312,-1796,-1834,10620,8844
1910,-1344,-1172,-1294,6044,8592
2273,-1360,1543,1738,8672,5548
3501,-1328,1229,3262,6724,5300
2989,-1360,3789,4602,5604,3196
2873,-1328,5126,8462,9228,2284
-2271,-1344,4836,8946,3000,2648
-6582,-1312,18031,12210,11928,1040
-7090,-1344,19387,16878,9688,1132
-4089,-1344,14752,16422,7968,-1244
1
-32559,-1328,-24811,29426,26580,-9740
18105,-1328,-18566,24838,32467,-1196
-14952,-1328,-18812,19286,32467,-5980
-25805,-1344,-8646,30986,32467,-14408
-32558,-1344,15039,28842,32467,-10104
-32558,-1312,-8744,31817,22552,-5648
-32558,-1344,-7844,31817,-5156,-7156
-27330,-1344,-14095,31817,-16916,-1156
-23437,-1344,-16641,17326,-22384,8580
-18010,-1360,-11810,-270,-13236,10680
-7450,-1360,-8751,3594,-784,11496
408,-1328,-5425,-1110,5908,11268
4999,-1360,200,-1786,10832,10020
3275,-1344,-1317,-3966,11380,12472
4219,-1312,-2417,-594,5664,10140
3998,-1344,-1847,1418,4224,8340
2578,-1344,-2006,1570,4300,5236
5593,-1360,8911,1858,1392,4564
10735,-1360,17778,4074,4672,2892
17610,-1328,27748,5730,10680,1640
12657,-1328,-32599,1586,14892,5756
11147,-1344,-32599,4054,22096,-604
13374,-1344,28168,5666,32467,1276
9597,-1312,-4306,3130,17364,4328
8322,-1296,-14008,7202,15892,1040
12699,-1360,-14979,11122,8056,1912
11709,-1328,-8772,9210,4284,4680
5769,-1344,4048,16710,16124,8208
-131,-1344,11485,19406,7280,6160
-3551,-1344,13440,16058,5812,5352
-7183,-1360,13523,22626,13860,5124
-4652,-1328,18104,29490,7656,636
1
-3142,-1360,17731,19710,20696,11576
-6400,-1296,29524,23750,32467,9248
-9445,-1344,-23875,24390,32467,10124
5507,-1344,-32598,31817,32467,1368
18598,-1344,-32598,31817,32467,-32188
17549,-1344,-32598,29982,19840,-32768
6573,-1312,-11349,31817,-22648,-32768
-32558,-1328,14784,18546,32468,-15992
-32558,-1296,3450,6030,-18764,16524
-11538,-1328,-32599,31817,-32284,20588
-51,-1344,-32599,14934,3816,25416
9045,-1344,13381,-3394,23088,15668
9933,-1312,7466,-10090,18152,12432
2180,-1328,5603,-10182,17436,6588
3907,-1328,9196,-5526,18044,8652
-969,-1328,4455,-6198,16016,8952
1355,-1328,1932,-4498,10280,7360
3355,-1344,6295,-6034,6880,9208
1344,-1312,6753,-6694,8032,8892
1393,-1344,5091,-6138,8160,9448
1405,-1328,6080,-5010,7448,10600
3265,-1296,5445,-3738,9488,9756
6375,-1328,4466,-2946,8680,8708
8173,-1312,5910,-2146,7744,7524
12909,-1312,2148,-738,11140,3832
-1112,-1360,-29642,3078,15948,6980
-3595,-1344,-32598,1706,5096,5208
-4252,-1344,-19852,7370,2964,9260
-7095,-1376,7720,8142,116,8868
-5959,-1344,25217,12266,10088,6660
1
-23697,-1344,1804,16978,32467,-18328
-32558,-1328,2001,22686,32467,-21052
-32558,-1360,-26408,31522,7064,-5580
-32558,-1360,-32598,31817,-15056,-8252
-32558,-1328,710,21570,-21524,7880
-32558,-1344,-185,6898,-14332,7308
-10377,-1344,6278,7158,3712,-648
4625,-1312,1198,-6,8560,5908
-2895,-1344,5325,-7838,9428,9212
-5888,-1344,4247,-7318,13836,3972
1390,-1328,4062,-4830,19228,4364
601,-1328,-2789,-6602,19144,5704
767,-1360,-6851,-4178,12568,7380
-903,-1328,-6,-2662,10368,8860
-1619,-1328,4146,-2706,13836,8496
1957,-1344,2091,-2538,16912,6908
4341,-1344,-2184,-4330,17184,6916
4750,-1344,-5132,-4318,14308,7028
6628,-1328,-4843,-4110,12464,6652
7835,-1328,-3924,-3806,11920,6316
7762,-1328,-3402,-4058,10868,6312
7635,-1328,-2723,-3846,9540,5904
9210,-1344,1594,-3686,7928,4288
11890,-1376,8042,-2854,8384,4212
12500,-1344,12841,-2254,9944,4812
13694,-1344,13560,-782,11780,2380
15884,-1328,11646,362,17044,2744
10011,-1360,3496,-574,17644,5912
7788,-1328,-847,574,14144,2172
11950,-1360,5036,3542,16564,744
9531,-1344,-276,2602,17144,3216
10808,-1312,-5398,3018,12936,1392
1
-6331,-1344,-4677,15542,-28900,12776
3130,-1344,-468,12866,-17684,9832
23262,-1328,26778,3178,12948,6996
20329,-1296,15748,-4614,31380,9492
-9066,-1360,7398,-11614,17800,12560
-8524,-1344,-6061,-694,20276,3192
6892,-1376,-3152,-226,15172,3360
8645,-1344,-4264,-3350,15816,7724
5358,-1344,-2711,-1642,12664,7716
4430,-1360,-135,-2126,12684,8164
2888,-1328,1016,-2554,10760,8736
5586,-1328,4207,-1998,9920,8260
8060,-1328,5539,-1718,10388,7384
11868,-1376,2322,-1470,14436,4388
13737,-1344,-2829,-2462,7964,6328
14999,-1344,-1754,-1402,9436,3460
18710,-1312,4777,-1022,10584,2912
17237,-1344,8651,62,16200,4972
12470,-1344,10227,-2722,14256,4208
10400,-1328,16623,-578,16852,4420
9322,-1344,12945,-822,15960,4612
10295,-1344,6965,2034,16592,3288
11158,-1344,4169,3046,15704,2040
8651,-1328,5252,2402,13116,2348
12136,-1296,4057,5018,16184,-1504
13274,-1360,961,6630,19240,1448
5676,-1344,802,4898,16104,1656
8283,-1344,1734,8722,17560,-1140
4715,-1312,2024,9314,20696,1920
-3148,-1344,3077,7774,14404,2592
-4516,-1360,5188,10306,11168,-996
2777,-1392,3363,12362,14588,-1028
1
4759,-1344,13891,11762,32467,-10364
-32558,-1328,-15224,31817,30732,-23664
-32558,-1344,-32105,31817,-5672,-14936
-32558,-1344,-16502,31817,-22228,12636
-32558,-1344,-20093,15738,-19092,15028
-21602,-1344,-19515,3858,-16480,15588
-6288,-1360,-11574,3978,-4564,10844
-429,-1328,-3398,-682,6728,6416
1459,-1328,-1370,-5590,15820,6668
2398,-1344,-3434,-9338,14456,6508
3838,-1344,-7350,-7478,13640,10040
1407,-1344,-4012,-7694,10108,11860
-1939,-1328,1773,-5774,10592,13180
-3979,-1360,2504,-5206,11916,13532
-3577,-1360,1409,-4950,10124,13108
-556,-1344,1740,-5066,8924,12528
190,-1344,2891,-5970,9900,12552
-483,-1312,2909,-5478,10460,12240
-644,-1328,872,-5646,10244,12048
495,-1328,159,-5286,8364,11544
1326,-1328,4419,-5074,8908,12348
2214,-1312,3860,-4234,9772,10560
4981,-1344,5650,-2798,10204,10284
3975,-1344,2859,-3710,11364,11452
3097,-1328,5156,-2102,9600,9064
6168,-1360,6843,-1946,12400,8152
7167,-1328,3601,-2086,14500,8396
6041,-1360,2548,-1950,12552,8144
5705,-1344,6017,-702,15016,7520
6712,-1344,4327,-234,16748,7124
1
-11637,-1344,-32598,31817,-3760,23252
-24463,-1344,-32598,31817,-10976,-5808
-11060,-1376,-32598,31022,-26668,-12508
-6430,-1328,-28917,2834,32468,3012
-21600,-1328,-5760,-10250,-27832,16040
-12833,-1360,23323,5962,-6840,640
11499,-1376,22041,206,11004,6848
6745,-1344,9864,-9042,18528,7716
3150,-1344,-5555,-6502,20868,9340
-915,-1360,-2787,-5418,12588,11628
38,-1328,3955,-2942,12992,11072
2182,-1360,1590,-1922,18160,14504
425,-1328,-3454,-2346,14952,13180
1979,-1376,-1552,-4414,11324,12664
2884,-1344,2354,-5546,11788,11352
4024,-1344,2209,-6546,12312,9952
3278,-1344,-248,-6922,12036,9920
783,-1328,-2300,-7126,13076,10172
-1335,-1328,-4097,-6290,12020,10568
-2539,-1360,-3682,-5318,10024,11392
-3436,-1360,27,-4538,9428,12720
-1227,-1328,3211,-3450,9752,12224
3078,-1344,4473,-3194,12496,11472
3469,-1344,1308,-4846,14740,13120
3879,-1344,-1508,-3690,8220,11944
6353,-1360,2210,-2082,5940,10744
10428,-1328,4117,-1682,10972,8872
12505,-1328,944,-3302,12628,8036
12823,-1344,-3986,-3782,11008,8060
13224,-1344,-4755,-3254,11808,7312
12274,-1344,-6070,-3282,14100,8092
7335,-1344,-2714,-2586,7832,9376
1
22797,-1296,17289,31817,27400,-3428
-10495,-1312,-32598,18546,32467,-24160
-32558,-1328,-17092,27622,28156,-21632
-32558,-1328,-22243,31817,7324,-15648
-32558,-1360,-32598,31817,-15588,5528
-13774,-1312,14720,25686,-19432,15620
-30719,-1312,1240,6146,-7616,12828
-16272,-1344,-7890,5534,-2680,9188
-5237,-1312,-11468,3154,2904,7032
709,-1328,-412,-3402,4772,7296
3977,-1360,5086,-5498,8004,7788
7163,-1328,3030,-7014,12700,10028
4960,-1296,3538,-6642,14176,10776
3938,-1328,-680,-4642,15676,11492
5058,-1344,-6340,-3398,12388,9824
4751,-1344,-3,-3734,9072,11680
3777,-1376,7805,-4242,10648,9660
4162,-1344,11637,-5370,12268,8260
5376,-1328,12597,-6494,15632,7020
5821,-1328,7913,-8462,15288,7488
6010,-1296,2542,-7814,12868,8372
2761,-1328,-2279,-7426,12780,9508
244,-1328,-4115,-7726,11700,9728
-679,-1344,344,-8618,11344,9144
3483,-1312,-1007,-7694,15148,7292
4371,-1280,-4558,-8354,14444,10044
2857,-1312,-5124,-7150,13360,9816
3162,-1312,-9659,-5246,13848,8808
1816,-1328,-16346,-5334,10772,9096
-868,-1360,-15717,-4646,5812,8584
1
4541,-1328,-5612,19758,32467,-500
-15634,-1296,-32598,13222,32467,-11632
-31481,-1312,-31922,31126,32467,-19300
-32558,-1312,5188,31817,-6168,-17740
-32558,-1312,-32598,31817,-17700,-14580
-32558,-1328,-32598,31817,-28344,-32768
-13714,-1328,-22806,8866,-24200,-72
1057,-1312,-3799,498,-10452,6248
8016,-1312,14727,-494,4368,7512
962,-1328,614,-4150,19928,9448
-161,-1328,1022,-3502,15768,11424
268,-1296,2487,-2958,14828,9548
838,-1328,-1270,-2670,15784,11504
1163,-1344,-4402,-1126,14604,11060
4567,-1312,-4567,-2570,11096,10608
7909,-1312,-1297,-3714,9728,9876
9394,-1328,1407,-4006,9564,8452
9478,-1328,4389,-4986,9872,7044
8758,-1296,4212,-5402,9772,7008
8087,-1344,4266,-5342,11904,5944
9451,-1344,3975,-4526,17288,4816
6846,-1312,3023,-4898,16476,7504
2733,-1328,2752,-4398,15592,9028
2033,-1296,4938,-3322,13860,8444
3376,-1296,7800,-2850,14760,7540
5163,-1328,6380,-2490,15916,7576
5438,-1344,4006,-2230,13140,7288
5344,-1344,4492,-2006,10824,6948
5347,-1344,4003,-882,11356,5912
5781,-1328,2613,534,10768,4588
1
-6716,-1312,8022,-6610,18056,9764
-8457,-1328,2644,-11402,10224,5760
1800,-1328,3435,-898,18164,10628
-2158,-1376,-2279,-5426,16256,10984
752,-1344,-5551,-3062,11976,9688
1752,-1312,-2591,-3654,11436,11980
-581,-1328,-412,-4658,12168,12144
-310,-1328,-4088,-3750,12432,11148
3415,-1312,-5124,-3614,8592,10328
6135,-1312,-1155,-4754,9036,10800
3902,-1344,-465,-4582,10588,10936
2238,-1344,1541,-4014,9020,10776
2193,-1312,4018,-3966,8852,10344
2563,-1328,5117,-3582,9268,10160
3162,-1328,6434,-2778,7948,10404
4754,-1312,7606,-454,4768,9620
11819,-1344,6417,470,9412,7312
13502,-1376,9248,-282,6376,7688
11766,-1328,13694,146,15456,5180
7349,-1328,10462,-1678,13508,6556
9458,-1360,12258,410,12708,3712
8005,-1344,6827,986,20768,5080
3155,-1312,-2246,1702,13484,4364
4868,-1360,8932,4782,6408,3212
7391,-1344,-3041,6698,9904,3928
4803,-1312,6409,8902,11696,3756
3145,-1344,5421,14066,22572,3432
-517,-1376,-1660,10454,13752,3728
-752,-1360,4092,11034,7616,3264
-4103,-1328,7588,13942,12884,3580
1
-30371,-1312,-22602,31817,32467,-32768
-31672,-1344,-29686,31817,32467,-32768
-32558,-1344,-32598,31817,12048,-32768
-32558,-1328,-32598,31817,-24924,-18844
-31091,-1328,-32598,31817,-27764,-32768
-26158,-1328,-32598,22730,32468,14660
-14893,-1312,7321,2314,-28344,14652
-6279,-1344,10844,-1870,-332,13900
1249,-1344,12470,-2098,13396,7000
1786,-1360,9667,-5518,19984,7364
-6000,-1328,-966,-9518,18280,6752
4603,-1328,-4979,-1566,19452,5720
4712,-1344,-8350,-5158,19132,8460
3776,-1344,-11996,-3910,11804,8476
4200,-1376,-3526,-3774,10276,10328
-1073,-1360,2493,-4226,14092,12044
-2302,-1360,-1346,-2978,13544,9004
3957,-1328,-2618,-3506,9432,8636
6771,-1344,1473,-3710,8952,8796
6950,-1328,1229,-3462,10924,8704
8926,-1312,-2722,-3514,9864,7920
13405,-1344,-3719,-3114,8104,7864
9643,-1344,4278,-4142,7512,8552
9280,-1328,8715,-2226,9656,6156
11501,-1360,9713,-2522,12140,5308
8752,-1344,9388,-2778,12348,5316
10482,-1360,5423,-682,15760,2844
8537,-1344,1374,-138,14524,5628
5045,-1344,6668,742,12552,3672
9537,-1312,4511,3030,16264,2812
8845,-1328,-90,2374,12944,5288
5277,-1328,12496,4266,11924,2704
1
31593,-1328,-29653,31817,32467,8964
-11071,-1328,-15851,31817,32467,968
-23074,-1328,-6959,15062,32467,-9440
-32558,-1312,-7944,12286,21356,-9432
-32126,-1312,-20516,26578,224,-19160
-32558,-1328,-16561,31817,-21028,-6532
-32558,-1328,-32598,16166,-17436,2772
-30895,-1312,-12350,7182,-18848,13084
-26513,-1344,3338,5574,-12776,7540
-5341,-1280,9188,4678,-364,5560
12777,-1344,9856,-1494,5572,5436
10300,-1376,17293,-5266,15568,10480
-2004,-1328,12121,-11498,19328,11092
-1683,-1360,731,-7458,17264,5956
6336,-1328,1519,-7766,16328,10984
3405,-1312,-5099,-5758,19792,11032
2961,-1344,-9909,-5754,15428,12820
738,-1344,-5897,-6298,10748,11972
3446,-1328,-2322,-5918,10696,9400
5885,-1328,-4741,-7050,13404,9148
4329,-1344,-6392,-7334,10556,9712
4102,-1344,-4265,-6538,7396,9988
3496,-1312,-326,-6010,6956,11324
1067,-1344,3335,-5870,7316,11388
1380,-1328,4744,-5742,8728,10368
4576,-1296,3397,-4786,8832,8164
6261,-1360,5030,-5450,9004,9340
8881,-1312,4108,-5190,8096,5684
22858,-1344,-1385,-3086,8716,8656
9420,-1344,2445,-6678,15360,10020
4736,-1360,-5366,-5290,15336,3756
6613,-1312,-6949,-4670,10532,5396
1
28629,-1328,-32599,31817,9868,-16056
16423,-1312,-32599,7638,32467,-16980
474,-1344,30082,13026,32467,-25708
-13232,-1344,-18210,19546,32467,-32768
-32558,-1344,-32598,31817,25616,-32768
-32558,-1328,-27475,31817,9248,-32768
-32558,-1328,-32598,31817,-15528,1600
-32558,-1296,-32598,31817,32468,27156
-14552,-1344,-15150,21062,32468,22692
-652,-1312,2486,2218,-11368,11420
13091,-1344,5939,-10538,17784,-3308
-1177,-1360,-714,-8282,13904,11748
-24787,-1328,3588,-7978,21428,8888
6383,-1344,-2577,1850,19908,6328
5951,-1344,-8558,-5066,13496,11088
3146,-1344,-104,-4010,12084,9276
2371,-1328,-345,-6186,14000,9292
582,-1360,-4247,-5446,14136,10168
-2629,-1328,-2972,-4274,8600,9976
1629,-1312,1194,-3746,10732,8712
1893,-1344,-448,-4534,12884,10176
772,-1312,-3360,-3542,11560,8820
1473,-1312,-2210,-3882,9244,9320
250,-1328,2423,-3502,8572,9640
818,-1328,5522,-3150,10192,8256
2759,-1344,4366,-3690,8140,7344
4392,-1312,9028,-3586,3044,7040
11666,-1344,12339,1082,12948,3064
11128,-1328,3869,-2294,15400,6452
5013,-1360,7382,-1758,11828,6476
6981,-1344,16886,374,12568,3516
10450,-1344,10490,1142,20532,4176
1
-21342,-1344,-32598,31817,-448,-21944
-32558,-1392,-7201,29898,32468,1024
-26470,-1328,-32598,31817,-28380,-4348
-10014,-1328,-24531,10698,32468,13056
-2015,-1328,21313,-570,-20068,3840
9989,-1312,25286,1070,10724,4444
4899,-1376,5948,-3530,23880,7376
-12656,-1328,-634,-5418,12560,9808
-2510,-1328,332,1354,13596,2776
8142,-1328,2311,-1778,19908,9500
5942,-1344,-6513,-3714,16572,8372
6235,-1344,-5817,-2282,11480,8140
4161,-1344,-626,-3034,11148,9824
2222,-1312,-197,-2110,13036,9572
4099,-1344,-418,-2646,15504,9224
4027,-1328,-2570,-4390,13252,9976
2270,-1328,-2523,-4354,11052,9944
2205,-1360,2491,-3878,9900,9900
745,-1360,5297,-3994,13588,10664
-1631,-1344,2568,-4442,15348,10432
-173,-1312,-603,-3782,14524,9080
1567,-1344,-1511,-3978,12816,9056
1886,-1328,-1141,-3398,12084,8980
2439,-1360,14,-2710,9792,8696
5486,-1328,5797,-2366,6920,7724
11944,-1312,9623,-1862,11532,6948
10677,-1344,8128,-3414,6700,7732
8809,-1344,14921,-1634,7776,5672
8834,-1328,15714,-454,13908,4476
9084,-1328,6275,854,17596,4496
8222,-1344,1309,206,12396,4108
5807,-1344,8849,1590,10368,4480
1
-4233,-1328,-27611,25570,25212,-17816
3776,-1344,-32598,27450,20540,-26184
20367,-1312,-32598,30622,24420,-24116
7872,-1296,-28304,31817,32467,-13912
-20152,-1328,-5395,31817,31364,-19520
-32558,-1344,-10628,20770,25332,-17836
-32558,-1344,-26129,31817,16236,-11548
-32558,-1376,-25993,31817,32468,28116
12911,-1344,-7064,31817,32468,32767
24886,-1360,-32598,9474,-27840,4268
-32559,-1392,7271,-9854,36,-8816
-32559,-1360,8093,-13046,32467,-92
-32558,-1312,32702,31818,20424,14028
-32558,-1312,-2097,-106,27840,6840
13083,-1360,-4029,4678,18040,5072
12491,-1296,-3784,-6278,11112,8376
3082,-1344,-474,-3674,15788,7008
-2852,-1344,-4084,-6622,17604,6876
-4554,-1344,-9500,-6214,15296,6976
-1578,-1296,-7669,-5782,11024,7468
882,-1360,-4567,-5250,11464,7700
148,-1328,-3392,-6382,11084,9760
-1155,-1344,-999,-6206,10380,9796
-996,-1344,621,-5874,10868,9400
503,-1360,305,-5270,11112,9064
2831,-1328,-464,-4678,12116,7816
3649,-1360,-1491,-4934,11108,7572
3281,-1376,-1042,-3970,9312,8548
2289,-1344,218,-2434,8548,8252
3704,-1344,-38,-1294,10732,7052
3840,-1328,-3201,-1554,9348,8176
-224,-1360,-241,-1226,6604,8136
1
12779,-1344,-32598,31817,15876,-32564
-32559,-1376,-32598,31817,2760,-32768
-32559,-1344,11908,29982,-17952,-5208
30071,-1360,-32599,16514,18972,-4508
2921,-1344,20292,9146,17004,-14480
-27057,-1312,-23314,26086,-18656,-11064
-32558,-1344,-18863,5770,-31872,11996
-32558,-1328,-9615,8122,-23624,11988
-6896,-1328,26810,27066,9912,13060
19348,-1328,-9446,4174,5492,2800
28040,-1344,4839,-1982,12196,7060
20684,-1344,-3226,-14814,19456,7380
-4863,-1344,2666,-16114,13144,9560
-11708,-1328,-542,-5182,16140,7136
-3156,-1328,-1502,-4254,15528,6180
3556,-1344,-2285,-4670,12276,9428
2389,-1344,-1084,-6042,9892,10648
273,-1344,1666,-5414,9612,10872
-630,-1344,2863,-4302,11872,10296
389,-1328,2590,-3502,12932,9484
3897,-1328,86,-3902,13264,8220
7223,-1328,-1034,-5206,12580,7776
8818,-1344,-1289,-5258,10500,7940
9794,-1344,-2726,-5102,11200,7548
11992,-1344,-4266,-4014,9340,8500
10134,-1328,-754,-1766,8196,9488
6522,-1312,996,-1526,9016,8008
8205,-1344,3122,-186,8528,5648
11408,-1376,5110,-66,9116,5224
13766,-1344,812,1374,18448,6748
7263,-1328,-12523,1534,12828,8112
-1341,-1360,-5898,1746,2600,7116
1
-32558,-1344,-32599,31817,-1500,-23416
-32558,-1328,-32598,31817,-27672,16656
-32558,-1360,-15223,31817,32468,26172
1431,-1344,24939,17654,-1848,21204
24197,-1312,3115,-17306,32467,-4240
5078,-1344,-5956,-12674,17424,12924
-32558,-1360,-2498,-20534,32467,5792
2314,-1360,-2444,11846,26636,932
6470,-1344,-13357,-2986,9480,9120
3002,-1344,-3658,-9070,8720,7800
-829,-1344,3324,-8258,9920,6304
-5212,-1328,2134,-9518,12212,7884
-9225,-1344,-806,-7838,10872,8688
-7177,-1344,361,-6010,11936,8256
-2693,-1312,-1698,-3934,12512,8472
-61,-1328,-1661,-3602,11672,9700
-1264,-1360,52,-3894,10448,10056
-1245,-1312,2288,-3866,12528,8952
984,-1344,2365,-3942,13220,8980
1195,-1328,287,-3802,11156,9928
3487,-1360,1235,-3614,11156,8500
7193,-1344,4937,-2014,7828,7628
8696,-1376,8062,-1850,8676,7312
8651,-1328,7406,-1014,11888,6316
7522,-1328,2873,-2090,11908,5544
6581,-1376,1268,38,8060,5100
6053,-1312,1946,3410,16600,3612
-152,-1344,-5540,2474,13248,5712
-5446,-1328,-1516,3498,-220,4468
-3987,-1360,11174,11650,6736,1552
-4181,-1344,10346,15634,7464,3264
-1966,-1344,11501,7654,2840,1684
1
15080,-1328,29696,10746,11340,5268
32102,-1360,-3741,-16898,32064,3912
-446,-1344,-12447,-13402,3956,14544
-27204,-1344,1359,-18402,26664,1052
5541,-1360,806,-778,16708,3032
2765,-1360,-3972,-7642,15976,9784
-5694,-1312,-8701,-7038,12500,9276
-7137,-1312,-2639,-6318,8328,8664
-5726,-1344,2400,-5866,9748,9420
-4965,-1360,2414,-5098,11680,9128
-1390,-1328,866,-4402,11708,8592
2030,-1344,1279,-4170,9348,9364
2056,-1344,3415,-4326,8196,9236
1545,-1360,4685,-3638,7028,9112
3039,-1360,7548,-2306,5028,8488
8597,-1344,7687,306,13192,5708
15146,-1376,-6719,-686,13248,6080
20136,-1376,-9034,-346,7464,5988
17117,-1328,-1760,786,6200,7228
10537,-1360,-1717,2574,13356,5184
3671,-1344,-419,2766,4132,4860
-305,-1376,18367,3950,-1100,2408
133,-1344,22634,9930,15924,-784
6885,-1328,11866,14470,16460,-2360
7707,-1344,10676,7114,7192,6312
379,-1312,9168,20098,29556,5144
4824,-1344,-11157,21554,16468,-960
-621,-1344,6528,14146,5496,3100
-7271,-1328,26379,26694,14320,3200
-8698,-1328,17417,24582,18292,3320
-11437,-1344,9941,19930,16656,3584
-13254,-1344,2650,19258,14388,3444
1
5563,-1360,-12654,26574,32467,-26044
-7629,-1344,-32598,31817,32467,-28140
-32558,-1376,-5097,31817,9784,-32768
-32558,-1344,-32598,31817,-16340,-15208
-32558,-1360,-32598,29894,32468,1992
-17383,-1312,19274,31817,32468,21944
2406,-1344,24299,23042,-8320,9476
24324,-1344,6746,-2058,16524,6860
21421,-1360,611,-17574,24912,5860
-16623,-1328,15560,-21386,16300,5524
19,-1328,55,-3686,20164,-1880
2999,-1344,1549,-9126,17800,9224
-4712,-1344,425,-6970,14100,9320
-1565,-1376,846,-6310,12728,6712
761,-1360,-1601,-6794,10764,8132
-1054,-1328,-1172,-5754,8364,9148
-779,-1344,757,-3542,8276,8672
2255,-1376,1945,-2134,7836,7956
3585,-1344,7913,-2926,6028,8764
4011,-1344,18261,-3138,6296,6416
6508,-1328,23299,-4306,10236,3288
8058,-1328,19448,-3654,15392,456
6576,-1376,10762,-3314,14540,1760
7566,-1344,7815,-1806,9864,532
14547,-1344,6655,1594,11636,-1344
17400,-1328,1836,3402,13172,344
16877,-1328,1633,4478,13356,856
14450,-1344,-1381,6738,13044,1836
13017,-1376,-4628,8094,6108,304
14251,-1376,319,13666,7556,120
2420,-1360,12819,17906,5312,2652
-2828,-1360,22056,17406,10312,-2384
1
-20972,-1360,-18177,20710,-25588,-13116
-32558,-1360,-32598,9550,32748,15480
-8205,-1328,10251,31817,-22256,-32768
-3696,-1312,14059,16526,-7660,10900
-873,-1344,11823,2074,6528,3156
9074,-1360,18212,-6890,11088,7780
6978,-1328,14854,-9634,19204,11244
-12736,-1344,4029,-8854,19372,10464
-3994,-1344,-4688,-162,15968,4148
8767,-1312,1644,-2966,12956,8500
3157,-1360,2889,-4238,14152,10884
233,-1360,1247,-3818,13224,8476
4993,-1376,183,-2762,11812,7904
7531,-1344,1137,-2786,11624,8556
9369,-1360,-1086,-3838,12728,7928
10541,-1392,816,-4458,12456,8116
7956,-1376,1766,-4714,12580,8068
5871,-1344,-209,-4346,11652,6900
7577,-1360,373,-3570,9800,6668
5694,-1360,3861,-2150,11008,8020
2378,-1312,4611,-1938,7804,7660
3050,-1312,7062,-62,5600,5492
6186,-1328,9067,3382,10000,3568
7346,-1328,5042,3370,7376,3160
5481,-1376,10469,4658,6396,1672
2610,-1344,7511,10398,18168,1608
2141,-1344,2112,13190,13632,1040
322,-1360,14489,8930,7948,3796
-5924,-1312,16298,17878,25364,2088
-215,-1376,1119,18298,15764,-2940
3673,-1344,5635,12210,7928,2200
1507,-1360,19394,17138,12040,2072
1
8613,-1360,-11128,24450,32420,-2048
14309,-1344,-31765,23658,32467,-22988
-2862,-1376,-13290,26954,32467,-13372
-32558,-1360,-30524,22682,32467,-6988
-32558,-1360,-2883,31817,32467,-21464
-28838,-1344,-29988,31817,14476,-10104
-29440,-1376,-32598,31817,15804,-6960
-6134,-1344,-32598,31817,32468,-16836
-7882,-1392,-32598,-1334,32468,-4128
18,-1360,-10180,7474,-23628,2752
-8334,-1344,2844,1682,-5384,9220
-8993,-1376,15252,-5966,9680,12008
2456,-1344,-32599,-3934,12312,6428
10671,-1360,29723,-13866,23368,9988
4704,-1328,8156,-12766,25828,11836
425,-1344,-6905,-12662,16468,9884
-781,-1344,-9666,-10406,11572,10824
-2033,-1376,-6472,-8458,8608,10792
-1418,-1360,-2287,-7742,9264,9520
1714,-1328,-1596,-7446,8688,8772
1858,-1376,387,-7670,8800,9260
-1118,-1344,928,-7882,9104,9176
-2603,-1360,-297,-7162,7540,8908
-2530,-1360,-100,-5794,5028,9216
-1872,-1344,1474,-3974,5140,8688
868,-1344,-264,-3414,6732,6696
3383,-1344,-3249,-2630,5732,5656
3480,-1392,-1694,-1454,9932,7452
-3850,-1360,2198,-1234,9244,8940
-5676,-1360,9022,1878,4008,5896
-2142,-1344,14746,5058,13384,5268
-4299,-1376,4211,6942,17776,6160
1
-22752,-1344,-19874,31817,3132,-19924
-32558,-1376,-32598,27110,-25540,-12116
-32558,-1344,-32598,19530,-24508,692
-11635,-1360,25534,11690,-26920,11920
-13132,-1392,7082,6154,-9108,10428
3860,-1344,10885,3182,1792,12380
8719,-1344,10992,-8750,18764,13436
3553,-1344,4023,-9594,16160,14716
-367,-1360,1505,-7862,14448,11216
1929,-1328,308,-5166,14116,10344
5533,-1376,-3748,-4882,11908,10512
4440,-1376,-1512,-4694,8124,12432
829,-1360,3998,-4466,8724,11812
-249,-1360,4902,-4134,9300,10396
1445,-1376,3028,-2310,7780,10552
1508,-1344,5811,-1882,8152,10828
1902,-1344,7814,-2398,11392,8460
4062,-1328,5,-2262,10868,9564
4389,-1328,-508,466,6548,7756
2969,-1344,9314,326,2884,8340
1699,-1344,11378,1826,9592,7252
874,-1360,10270,3226,12480,7168
-2196,-1360,11391,3646,8068,6204
-3136,-1376,10842,5614,8904,5208
-869,-1344,7725,8870,16480,4600
-5740,-1328,5656,11102,9988,6524
-7081,-1360,11775,9862,6144,3380
-4940,-1376,13129,16630,21612,4996
-9482,-1344,6770,16690,11296,4332
-8981,-1360,7541,13694,5876,2320
-6223,-1360,10059,20594,12796,2020
-4758,-1360,9935,24610,8588,1284
1
14140,-1360,-32599,31817,23628,-9688
5914,-1312,16781,29598,32467,-2208
-8567,-1376,-26452,21754,32467,-24272
-4740,-1360,-24612,31817,32467,-20136
-32558,-1360,-24729,26154,32467,-19776
-32558,-1344,-32598,31817,11824,-21000
-32558,-1344,-32598,31817,-8288,-14460
-32558,-1344,-32598,27706,-8672,-8252
-14591,-1360,-20052,19414,-28976,7584
-18448,-1360,1493,2286,-25420,14068
-7307,-1344,22037,6034,-10424,11776
5965,-1344,16376,770,5080,8048
10378,-1360,5824,-8250,15488,9184
5046,-1360,108,-11750,10996,10100
4477,-1344,-1705,-7538,17064,8412
681,-1312,-2052,-8342,12736,9700
1372,-1392,-843,-4874,9524,8828
2929,-1360,-4607,-3610,12924,7944
2708,-1344,-7160,-3234,10376,7420
2378,-1344,966,-2934,9908,8436
1383,-1376,9174,-2730,17384,9020
-436,-1360,9899,-3710,17648,9396
2020,-1328,8092,-3358,15856,8864
2512,-1344,6821,-2922,13548,11484
599,-1344,2810,-1642,13468,11660
988,-1360,3004,-398,12152,9800
1681,-1360,4505,-922,10208,8924
2477,-1360,3210,-738,9440,6508
4353,-1344,1806,478,10236,5736
3912,-1344,74,2134,14020,5344
-546,-1360,-1330,2270,11164,6164
-5197,-1328,-902,5366,17980,5016
1
-3440,-1344,3518,5438,-21388,9292
-6506,-1360,14224,334,-10892,10744
2275,-1344,17647,-1946,2612,8712
9982,-1376,13154,-4462,12980,10892
2659,-1376,6315,-9334,14364,13020
4753,-1360,-2902,-6922,13784,10216
3633,-1328,-176,-8958,10620,13272
2490,-1376,2638,-7366,11224,12724
1879,-1344,2777,-7442,12716,13036
-122,-1360,-287,-7810,11672,13456
-1484,-1360,-1525,-7030,10468,13260
-1895,-1376,-915,-6490,9332,12916
-901,-1376,145,-6174,9180,12536
-1235,-1360,-38,-6302,10520,12892
-2035,-1360,-992,-6018,10488,12828
-2139,-1376,-897,-5762,8936,12592
-1552,-1344,583,-5422,8728,12824
-758,-1360,1599,-5382,10048,12700
50,-1392,298,-5618,10420,12488
849,-1392,-109,-5770,9796,12616
798,-1376,1030,-6030,9564,12876
543,-1344,1928,-6002,10140,12472
870,-1392,795,-6010,10972,12372
1314,-1328,-1472,-5706,10812,12452
1705,-1344,-1916,-5830,10276,12740
1422,-1376,45,-5754,9424,12540
1520,-1392,1681,-5714,10560,11932
1033,-1360,1298,-6238,11308,12248
769,-1344,1135,-5906,10112,11844
1166,-1344,1816,-5310,9340,11160
1913,-1360,2528,-4466,8064,10580
2797,-1392,2364,-3486,7452,9416
1
13169,-1376,6702,31817,27740,-4120
24141,-1360,1184,31817,32467,-8288
31888,-1312,-25236,31566,32467,-15312
28818,-1344,-32598,30586,32467,-23004
-125,-1376,-24237,26094,4244,-19100
-32558,-1392,-3782,31817,-14088,-16352
-32558,-1360,-32598,14570,-11240,-584
-16186,-1344,-12002,18818,-24800,-13192
-12350,-1344,-10309,6050,-16132,9680
-4406,-1360,1948,3966,-4692,8176
642,-1328,6528,-326,4140,12340
3066,-1376,5416,-3006,10172,11892
6760,-1344,2527,-3202,9220,11128
7584,-1376,-1326,-3886,11992,11432
4684,-1360,0,-3294,11408,10932
5482,-1328,203,-2458,8852,8664
8268,-1376,3721,-3022,6480,8596
6313,-1344,9425,-4018,6156,9424
2986,-1360,12820,-2606,7592,8812
2520,-1360,12101,-1890,8572,8072
3316,-1376,10285,-802,6564,8344
5481,-1344,10350,1818,12220,6336
5959,-1376,12294,2114,9944,6832
3767,-1360,11424,2438,9288,6296
8037,-1328,10602,7554,11664,2844
8688,-1344,9906,6074,13056,5300
-339,-1376,12340,6954,14684,7112
-4019,-1392,11893,11054,16824,2348
-1324,-1328,12220,14314,12364,3596
-4198,-1376,15169,12262,13952,3372
-362,-1392,12649,16134,19024,1388
2061,-1360,8255,15202,13056,964
1
17263,-1344,-10039,31817,32467,-10456
-32559,-1344,-32566,31817,32467,14988
11088,-1376,-17102,31817,32467,3488
3849,-1344,-32598,31817,32467,-1412
13190,-1360,-32598,31817,32467,-17656
21092,-1360,-32598,31817,8816,-19492
11649,-1376,1763,31817,-18416,-15284
-27792,-1376,-27360,26538,-31256,-4280
-32558,-1328,-32598,7150,-23808,23976
-8349,-1392,-32599,7230,-30888,3276
1513,-1344,-32599,-1178,-1864,5792
14175,-1376,19345,-5458,12396,7684
14126,-1360,10065,-7190,14332,7492
7486,-1360,8189,-10550,14916,12208
121,-1344,-6338,-10262,20328,10264
3079,-1344,-14976,-7258,11872,8980
3248,-1328,-5994,-6914,8084,12040
904,-1392,1562,-6390,10508,12736
-883,-1376,-2574,-5274,13420,11248
197,-1376,-6565,-5262,8896,11340
75,-1360,-1921,-4610,6932,10388
2227,-1360,1761,-3670,7248,9628
3268,-1376,4010,-3958,8752,9876
2074,-1344,4842,-3918,10404,10464
-710,-1344,4721,-3222,8156,10228
356,-1360,6101,-1818,12640,8312
254,-1392,-280,-738,12780,9548
-1156,-1376,3777,-1458,9336,9564
-523,-1344,8950,958,10900,8364
1704,-1360,7382,2250,12772,7084
3274,-1376,7868,2510,12492,7548
1926,-1376,7479,3630,16308,6900
1
-17953,-1360,-32599,20358,32467,-5096
-32558,-1360,2356,21374,32467,-15092
-26092,-1376,-32598,20642,26988,-17460
-15448,-1376,-32598,22918,6556,-12012
-20097,-1360,-32598,31158,-4792,-3484
-32558,-1360,-32598,16230,-22312,3276
-20005,-1376,-9208,8310,-6828,-6532
-21894,-1376,2546,-1334,-9308,9816
-21956,-1360,3595,-2030,-4776,5348
-7923,-1344,10178,-3018,820,4472
-3344,-1344,6985,-5990,8208,9088
598,-1376,3606,-4478,11636,8244
2795,-1360,-380,-6494,15348,10208
269,-1392,-4067,-6566,14804,9872
2249,-1376,-5370,-5074,14792,8992
896,-1376,-3996,-6178,11484,11568
13,-1360,-1385,-4678,13488,10292
-358,-1360,321,-5378,12300,12016
-2219,-1376,2558,-4922,12276,11884
-1289,-1376,2265,-4886,13484,10808
246,-1392,369,-5450,12264,10280
1442,-1360,-282,-5242,11220,10000
1584,-1376,-577,-4786,10000,10556
895,-1376,-9,-3782,8948,11004
1047,-1376,1549,-2978,10476,9636
2477,-1360,1368,-2890,8900,9336
3912,-1360,5189,-2222,10260,8408
4403,-1376,11115,-990,11448,8980
7383,-1376,13126,-318,14544,7072
10609,-1344,10271,-1566,12492,6844
10561,-1328,10566,-1882,11444,6224
10386,-1392,10794,-666,15080,4576
1
19051,-1344,25216,14982,32467,-7544
-2543,-1376,3697,16610,32467,-20628
-31846,-1376,-32598,31817,32467,-32768
-32558,-1376,-11501,31817,21440,-32768
-32558,-1360,1054,31817,-4116,-13324
-32558,-1360,-27088,31817,-8324,11356
-27251,-1376,-24840,31817,-28828,17788
-13379,-1344,-582,9122,32468,16428
-1095,-1360,21100,-706,-7016,9468
3565,-1360,7359,-12110,14400,6164
-2025,-1344,-6963,-11106,19644,7052
634,-1376,-7097,-9898,17068,7652
3586,-1360,-1271,-7630,16264,8300
6078,-1376,-575,-7666,16440,9932
3571,-1376,-1055,-7958,13152,8632
1658,-1344,-2605,-7194,10784,8292
775,-1392,-3062,-6454,8824,9264
144,-1360,-1117,-5478,5916,10460
2338,-1344,1572,-4646,6668,8492
7152,-1376,1967,-4730,8236,7028
6754,-1376,4476,-5574,7520,6260
22690,-1360,-5127,-4198,11180,-2992
-32559,-1344,-19302,-4542,9692,9764
13455,-1344,-13057,-8754,8796,14164
3982,-1376,-313,-4506,8920,6928
3690,-1360,963,-3538,14636,6768
857,-1360,-3245,-4854,13896,8000
-3014,-1376,2968,-2062,11192,6036
-1712,-1376,-1281,-530,17028,7260
-8130,-1360,-2677,-1726,10352,9532
-10566,-1392,4223,3654,11432,4324
-6796,-1376,-4130,6890,22056,7640
1
-32558,-1376,-25891,11138,-16376,-652
-32558,-1376,-26947,410,-13144,-10288
-13738,-1376,18454,5130,-15308,3652
-7569,-1392,16697,-430,2680,6952
-6398,-1344,9236,-4766,6948,12708
-2257,-1344,6399,-4818,12916,11916
1368,-1360,51,-5670,16116,13120
1126,-1360,-2903,-7530,15032,11276
1922,-1376,-4312,-7302,13832,10408
2630,-1344,-4303,-7250,12400,9880
3233,-1360,-3420,-7338,10692,10624
1567,-1360,-1365,-7226,10644,11256
91,-1376,-279,-7242,10696,11000
-219,-1360,-104,-7058,10000,10696
544,-1360,-253,-6582,9932,10480
792,-1392,-591,-6486,10064,10748
181,-1344,-1219,-6474,9968,10740
868,-1392,124,-5698,8592,10672
1944,-1360,2280,-5310,9524,10720
2070,-1376,1969,-4574,9240,11848
4284,-1392,690,-2990,7744,9996
7429,-1360,-889,-3114,10128,8864
6838,-1360,-3934,-3806,11612,9764
3039,-1376,-3459,-3462,7404,9356
3372,-1376,2236,-1946,8040,7232
3217,-1424,5634,-1566,12336,7488
1193,-1344,4059,-82,13028,7520
-656,-1376,5103,314,10624,6708
735,-1344,11246,2366,13172,6256
2242,-1392,9084,3182,17448,6964
46,-1360,4292,2622,13148,7220
-1097,-1392,11969,3834,6560,6804
1
17238,-1360,-32598,31817,32467,-3000
19275,-1360,-29841,31817,32467,-4288
-1544,-1376,-23173,31817,32467,-20664
-21889,-1376,-32598,31817,32467,-32768
-9941,-1376,-23842,31817,-28712,-26984
-32558,-1392,-32598,31817,32468,-13288
-32558,-1360,-32598,20062,-30268,13048
-5909,-1376,-5863,13702,32468,11040
6945,-1376,17491,5262,-3832,10312
13915,-1376,18142,-10130,21012,10020
822,-1360,8915,-11834,16436,16828
-11180,-1392,-7145,-4318,16444,8012
8634,-1408,586,-2030,9488,11964
1885,-1376,2093,-3834,15352,15416
1832,-1376,-2724,-3074,14120,11640
4079,-1360,-5992,-5898,9724,12704
3641,-1376,-3362,-5102,8976,12792
1908,-1376,-681,-4766,9228,12736
1702,-1376,-1008,-5138,9436,11252
3770,-1424,-1877,-3718,8940,10336
5519,-1392,-321,-3442,7624,11896
5541,-1376,3046,-2590,10296,10792
7177,-1392,602,-2862,9684,9192
8594,-1408,1779,-3478,9936,9564
7265,-1344,2816,-4006,12032,9312
5037,-1408,1326,-3782,13644,9596
1984,-1376,3859,-3458,10312,9376
-912,-1360,7525,-2494,9488,9324
-4033,-1392,9068,-1134,11080,8064
-6544,-1408,6149,762,9548,6920
1
13106,-1360,3115,30914,24168,-10120
11506,-1408,-8389,31817,32467,-13576
25215,-1376,-27959,27902,32467,-12140
10017,-1344,-7171,27546,32467,-25904
-12019,-1360,-18028,17810,32467,-29408
-32558,-1360,-14170,31817,8792,-22476
-32558,-1376,-21519,31817,-10816,-18632
-32558,-1376,-32598,26910,-5168,-13016
-25566,-1392,-13430,24510,-30524,11468
-24858,-1392,-14042,17534,-6844,9964
-537,-1392,-13665,12774,-11528,15980
11647,-1376,3934,3250,-6404,14536
15018,-1376,16215,-4234,10412,9648
12769,-1392,10227,-11766,20144,9136
7272,-1392,-3955,-9826,12276,8196
11662,-1376,-6446,-6074,13676,9136
4961,-1376,-2131,-8074,15576,8828
4109,-1360,-5787,-7402,13452,8272
2694,-1392,-2620,-8106,10720,10280
62,-1360,501,-7306,10252,10316
-2208,-1376,808,-7294,9724,10984
-2390,-1376,512,-5870,8028,10760
201,-1392,3205,-4718,6512,9656
2875,-1392,4228,-4286,8252,9892
2975,-1376,1081,-4038,8840,9988
3094,-1376,1314,-2986,6716,9420
4069,-1376,4341,-2230,7548,8528
5040,-1392,2939,-1822,13532,7852
3433,-1392,245,-1022,11020,8728
2982,-1408,6753,258,12048,7756
892,-1408,1093,782,16388,8848
-2004,-1392,-317,2258,18428,7408
1
-1661,-1408,-32598,31817,-708,-13164
-23130,-1344,-29027,31817,-20052,-2020
-29437,-1392,-32598,14430,-30872,-4100
-4122,-1360,11176,4622,32468,7208
-13937,-1376,23987,4382,-13620,11196
-11690,-1344,17196,-1694,9676,9180
-8893,-1392,11028,-6474,14640,12512
-6399,-1360,6422,-6314,9116,12160
-773,-1392,3451,-2226,10968,14192
7537,-1408,3804,-3682,9376,14264
8245,-1376,1984,-3582,7948,16224
6545,-1376,1684,-5206,9308,15084
5199,-1360,-658,-5654,8120,13648
4256,-1344,-1494,-6614,5716,13792
2575,-1408,2077,-6466,5552,14140
1143,-1376,2692,-5430,5756,12472
222,-1392,2490,-5202,4816,13580
1330,-1392,4803,-4062,6808,11864
809,-1408,3805,-3554,6288,13224
-1773,-1376,3477,-4194,6992,13620
90,-1376,4712,-2550,6472,12412
3800,-1392,1041,-1530,6540,10272
6515,-1408,-6068,-1910,8436,9304
3862,-1376,-7871,-3026,5224,9476
-5199,-1392,-3703,-2262,7228,13308
-13438,-1392,-1929,-374,7400,12020
-12340,-1376,5324,2410,3708,8476
-13421,-1376,7217,3806,11796,12400
-21089,-1344,-1278,5246,14244,12576
-21031,-1360,9334,8018,-1276,5688
-8822,-1392,18270,11338,10020,8204
-12409,-1376,9017,15710,20500,11612
1
-25221,-1408,-32598,31817,32468,-27048
-18411,-1360,6372,8386,-14876,15488
-3803,-1360,22014,4930,-1688,7512
7057,-1376,21461,-6494,12968,9116
4527,-1376,11443,-13214,16640,14032
-7345,-1360,-1522,-4498,15844,13504
-47,-1392,-10119,-2406,13676,8624
5563,-1376,-4596,-5830,8888,12688
5079,-1376,131,-4938,11572,11860
6232,-1392,-277,-5886,12944,11396
3469,-1408,-2503,-6434,11908,12004
1422,-1376,-2816,-5738,10564,10896
1849,-1344,-49,-6442,8880,10732
2388,-1392,2115,-7638,11508,11124
1534,-1360,-34,-8246,13688,11028
-114,-1344,-2607,-7874,11400,11736
-736,-1408,-1606,-6406,9804,12004
-699,-1392,890,-5318,8988,12160
726,-1392,1518,-3874,9272,11060
2495,-1376,-224,-3594,10048,10672
2377,-1376,-3093,-3418,8968,9528
1359,-1392,-2789,-3610,7460,9316
1214,-1392,364,-2510,7720,9532
2864,-1376,3433,-1158,12152,8528
2650,-1376,1820,-2394,15332,8936
-362,-1360,2391,-2706,10332,9268
2884,-1408,11152,50,13932,6604
4666,-1376,14402,-1010,15620,8912
2306,-1376,12872,-1414,15376,8512
3449,-1360,10466,-26,18076,7524
3705,-1392,5911,-466,18176,7680
2941,-1408,5187,-338,13144,7472
1
-12937,-1408,-23560,31817,11016,-26148
10624,-1376,-18309,31817,23268,-10528
3511,-1376,-27108,31817,32467,-14172
13735,-1392,-26834,31817,32467,-14860
12307,-1392,-32598,31817,32467,-19252
24438,-1408,-32598,31817,4068,-29388
11890,-1376,-32598,31154,-12876,-15432
-32558,-1360,-30320,22270,32468,-1244
-32558,-1392,-32598,-4606,-27272,9692
-1931,-1392,-32599,7666,-26696,1180
-624,-1408,24297,-4238,6612,6864
-9236,-1376,18649,-4806,17276,11176
-20418,-1392,11762,-7002,12008,10420
2283,-1392,-2277,-658,18656,16536
-1453,-1376,2407,-2838,14612,15028
795,-1376,5501,-1298,12476,12700
2483,-1392,2827,-1882,13492,11660
4179,-1392,640,-2618,11528,10728
5334,-1376,1060,-3198,9368,9972
5319,-1408,2727,-3846,8488,9940
3855,-1376,4876,-3954,7780,9100
4470,-1392,5563,-3682,9204,7628
5923,-1392,5404,-4266,9148,6980
7819,-1376,6168,-3946,7428,5524
11144,-1376,12457,-3354,10596,4376
8108,-1376,14785,-3234,12776,6776
2836,-1392,14049,-1054,14896,6108
5320,-1376,17242,210,15928,3848
5889,-1376,11051,-98,20948,5364
4633,-1360,3438,-470,16264,3892
5235,-1376,6415,1250,14580,3048
5901,-1376,7040,3090,18124,3772
1
7326,-1424,-20275,31817,32467,-12208
-32559,-1344,-32598,31817,31604,-17048
-32559,-1376,-25159,31817,32467,-17272
18518,-1424,-17882,26306,20140,-12408
-12396,-1392,-16352,22814,-1744,-12208
-32558,-1376,-5089,31766,-8644,-8724
-32558,-1408,-32598,11590,-2820,15068
-9473,-1392,-2541,11050,-16272,13588
-30073,-1392,-3368,1662,-3344,13492
-15888,-1408,-746,5534,-5676,8948
-11955,-1376,-606,-2326,-604,15140
-9303,-1360,5396,-4034,-316,14788
-1633,-1408,9093,-2858,6448,12844
3900,-1408,5080,-6330,12480,11652
4901,-1392,-62,-7574,12056,12532
2749,-1392,-1935,-7190,11940,12692
743,-1376,-782,-6630,10624,12220
303,-1376,317,-6270,10248,12532
-234,-1392,747,-5766,11152,12440
-1999,-1376,1686,-5778,9156,13548
-4967,-1376,6695,-5226,7412,12904
-2092,-1408,7653,-4222,11032,9368
2765,-1392,2287,-3718,12336,10648
2971,-1392,1165,-3486,10836,11364
2030,-1376,3980,-3258,10840,11636
1073,-1360,5093,-3294,11464,11136
1704,-1344,5042,-3430,11576,10556
2919,-1376,6387,-3522,10900,10016
6056,-1376,5160,-2826,11956,8388
11559,-1392,3045,-2926,11056,7828
15963,-1408,2020,-3422,10784,8132
16297,-1376,4889,-3838,7396,8400
1
-32558,-1360,-8547,2286,-6764,-784
-32558,-1392,-21674,2318,-2660,4628
-11654,-1408,758,16374,-8548,13016
-13569,-1408,-21346,4790,-10792,17052
-938,-1360,7066,4782,-18268,17104
8190,-1408,21672,-2526,3352,11620
10348,-1344,7868,-8706,14116,10232
5590,-1392,5367,-14394,9576,9712
5229,-1392,5730,-11554,11408,9716
1716,-1408,7006,-12782,13776,10952
-1633,-1344,1863,-11602,12056,12000
-1407,-1424,-863,-9826,9304,12224
-1729,-1392,701,-9170,7768,13228
-3401,-1408,1115,-8574,9176,14056
-4443,-1376,-16,-8110,8632,12744
-1992,-1392,-1423,-7658,8424,11608
-157,-1360,-1149,-7674,8356,11664
-180,-1376,288,-7750,7944,12284
-328,-1408,2118,-7258,8060,11824
248,-1360,2549,-7030,8664,11880
1221,-1392,2194,-6862,9352,11500
2116,-1376,1312,-6902,9296,11492
2863,-1376,2053,-6742,8656,10852
3375,-1360,2826,-6610,10036,10924
3451,-1392,1786,-6726,10704,10412
3976,-1376,2033,-6590,8224,10572
5630,-1376,6060,-6798,9608,9492
4658,-1392,5832,-7798,12060,11156
3248,-1392,4037,-7310,11360,10188
4390,-1376,4914,-6638,11168,9524
4987,-1376,5812,-6194,10672,9364
5984,-1392,5336,-5618,11256,8268
1
-32558,-1360,-29999,25318,28168,3860
-13947,-1376,-30840,31817,19200,-27148
14400,-1376,-27326,31817,23016,-10972
21368,-1376,-19470,31817,25124,-12220
22110,-1392,-19826,29218,23420,-13336
22988,-1392,-16013,18730,13316,-18512
20542,-1424,-26183,17838,4196,-18260
-13552,-1376,-10905,31817,-6968,-6496
-32558,-1376,-32598,12806,-12264,768
-32558,-1392,-32598,5050,-15352,-5140
-13239,-1376,2169,11030,-25580,5572
-1313,-1376,13970,3062,-2980,9812
3267,-1376,15549,-9438,9780,13076
-2751,-1392,18776,-11990,15396,13132
2848,-1392,5853,-6426,19872,9396
2014,-1376,4578,-10158,16936,11944
-2616,-1408,964,-8394,12816,11372
-1457,-1392,-1653,-7702,10692,10844
-237,-1424,-3603,-7302,9736,11268
16,-1376,-2081,-6766,9228,11852
-521,-1376,-515,-6346,9344,11416
152,-1360,122,-7062,9288,10644
1143,-1392,296,-8246,9716,10532
584,-1408,1963,-8510,10236,10708
-443,-1376,2930,-8542,11172,10840
-498,-1376,1609,-8098,12196,10908
-43,-1392,272,-7910,12632,10932
2045,-1408,-1390,-7486,15384,9268
3344,-1376,-7909,-7782,12164,10036
2787,-1392,-8763,-7522,9248,10984
1021,-1392,-5346,-7026,7020,10860
1324,-1408,558,-6874,7496,10928
1
9529,-1408,-4659,31817,24356,-10960
25187,-1376,-24760,31817,26608,-12592
27870,-1376,-10045,31817,24464,-13336
26776,-1392,-8200,20518,15036,-21316
2453,-1392,5380,8338,-15404,-6844
-32558,-1376,25766,19170,-11228,-1872
-32558,-1376,-32598,6562,5940,11444
-25731,-1392,-1237,18062,-12492,11112
-19425,-1392,-6848,3718,-1920,10212
-1826,-1376,-3568,3794,-4124,11292
7335,-1376,5658,-7466,4132,9152
10620,-1392,9016,-10722,11056,7644
6506,-1360,4712,-14058,14408,6896
2862,-1376,-3299,-14734,14088,6012
1704,-1376,-5481,-12510,10116,7204
90,-1392,-1429,-11234,9060,7788
-1320,-1360,2049,-10562,10672,8528
-2756,-1376,1488,-9610,11884,9380
-2850,-1376,-925,-8586,12660,9460
-1385,-1360,-3236,-7838,11364,9700
1397,-1392,-3140,-7394,10980,8480
3735,-1376,-2151,-8090,9852,8728
4566,-1376,-1624,-8802,10212,8484
4435,-1376,-1286,-8770,10168,8340
4830,-1392,-1183,-8486,11124,8256
13408,-1376,-421,-7130,9980,7136
14729,-1392,494,-8806,12720,6508
11056,-1360,761,-8994,11728,7832
5452,-1392,1915,-8858,12968,7036
4127,-1376,-408,-7662,13120,5648
1
8074,-1392,15002,-14974,11864,1068
18519,-1376,812,-16590,12832,3420
7324,-1376,-3236,-13398,14520,8348
-12020,-1376,-2306,-10334,10640,10976
-17669,-1360,-3416,-7502,9976,7868
665,-1360,4223,-6898,10156,6260
1901,-1376,3288,-11270,12864,11076
-864,-1376,-1049,-8910,13004,9096
4859,-1392,-2792,-9090,12400,8936
4552,-1376,-3417,-11042,10896,9080
2554,-1408,-1671,-11106,9712,8548
708,-1408,50,-11378,9568,8556
58,-1360,476,-10718,10616,8352
-288,-1392,-879,-10214,11276,8548
686,-1408,-2269,-10066,10508,8364
1918,-1376,-2082,-9810,9432,8292
2268,-1376,-60,-9754,8408,8728
2450,-1392,1670,-9994,9184,8228
2795,-1376,1260,-10166,10492,8560
2539,-1376,-740,-10166,11416,7992
2209,-1376,-1811,-10478,11352,8020
1012,-1360,-1690,-10522,11024,8200
1227,-1424,-1041,-9890,10792,7244
2093,-1376,91,-9998,11116,7804
627,-1376,182,-9390,11688,8212
266,-1376,-451,-9378,11292,7856
2744,-1392,-1945,-8994,10948,7720
5287,-1376,-2674,-8790,10496,7952
8993,-1408,-4370,-8058,10868,7896
9105,-1408,-4299,-7306,8792,8340
6504,-1376,-3117,-8486,9340,7568
7748,-1360,-1014,-7150,10368,6108
1
13838,-1376,-29947,31817,18724,-32768
16055,-1344,-25195,26970,15304,-4108
-3807,-1360,3216,31817,32467,-20668
-15732,-1376,-7810,18738,32467,-13632
-32558,-1376,-32598,20398,24464,-22276
-32558,-1376,-32598,31817,-2404,-29920
-32558,-1424,-32598,31817,-11984,-16804
-32558,-1392,-32598,31817,26432,-3980
-149,-1376,-32598,14586,32468,5636
3307,-1408,-6266,5570,-17636,8552
16380,-1392,28232,1330,4304,1752
17040,-1360,26256,-6466,18028,9348
-6502,-1376,10973,-13038,18300,11932
-5879,-1376,-4471,-6550,19348,6340
-3119,-1360,-18594,-4942,18656,10280
-1510,-1392,-22261,-5454,7600,11120
-2136,-1392,-4980,-3302,5112,12800
-397,-1376,5718,-2774,11432,11288
647,-1360,-2514,-3886,14080,12464
-819,-1360,-4914,-4338,11204,12704
-2908,-1360,-2274,-3306,9420,12096
2313,-1376,-1810,-2706,9840,10564
3457,-1392,216,-3906,9744,12216
1665,-1360,2379,-3450,11268,12436
598,-1408,2712,-3282,11904,12252
1712,-1376,1069,-2122,11044,11600
3039,-1392,1081,-1550,9432,11112
3597,-1392,3689,-1214,9064,10936
2791,-1376,3667,-1370,10492,12660
6223,-1376,-23,-1066,13764,9288
10151,-1392,-2867,-2518,13416,9024
7224,-1392,-1551,-3586,12216,10004
1
5737,-1392,-32598,27242,32467,-20380
1435,-1360,-32598,27458,32467,-26324
-18304,-1392,-31055,28202,32467,-26044
-32558,-1408,-20167,31817,25324,-25416
-32558,-1376,-32598,31817,7856,-19976
-32558,-1360,-32598,31817,-14960,-5836
-22481,-1360,-28716,31817,-18584,-14160
-23074,-1392,-25445,10718,-20516,12532
-11318,-1376,-4068,4786,-17608,10156
692,-1376,12390,894,-5012,9384
3673,-1360,20300,-7810,11392,9984
-1905,-1392,12255,-10006,18404,11564
-2345,-1376,-5078,-4850,18520,7488
4324,-1408,-4752,-4966,12868,9636
2123,-1392,1905,-5374,11484,10716
4043,-1392,2255,-3978,11704,11244
2991,-1376,1139,-4182,13064,13052
392,-1376,161,-4398,12592,13636
-985,-1360,-141,-5110,11944,12716
2015,-1376,-905,-5010,11504,10804
6055,-1392,-922,-4514,10976,10328
6275,-1376,240,-5350,10864,10392
4857,-1360,1890,-6234,11404,9928
2945,-1392,2481,-6214,11712,9964
1449,-1408,1567,-5910,12160,10752
1239,-1376,537,-5046,11444,10464
3068,-1392,491,-4426,10200,9012
5133,-1392,925,-4070,9948,8340
4943,-1408,2809,-3950,10484,8244
2514,-1376,3822,-3734,12456,7768
-3391,-1376,6034,-4190,12092,7996
-7336,-1392,5503,-3058,11140,7084
1
22253,-1408,-11949,31817,-704,-28516
-32559,-1392,-9091,31817,13124,-17480
-32559,-1360,-7809,31817,20100,-17612
-32559,-1376,-7412,22554,29860,-27008
14069,-1376,-32599,10850,-10064,-10548
-32558,-1392,-32599,14918,8364,-4728
-32558,-1360,-12669,17294,11652,-5852
-22055,-1376,-32598,21526,3896,10224
-21469,-1376,-32598,12458,-8356,2464
-4505,-1392,-17779,474,-12652,6540
-1020,-1376,1849,-10498,-360,7296
-2476,-1408,6027,-8790,3496,10148
-224,-1408,3381,-5214,8928,9020
1261,-1360,-2872,-6330,13920,11536
251,-1392,-6360,-7454,13844,11024
697,-1344,-5451,-6374,11288,9540
845,-1376,-1207,-6282,10680,10740
78,-1392,2636,-5678,13112,11324
393,-1360,977,-5470,13896,11396
1090,-1376,-1914,-5542,12348,10840
3470,-1376,-833,-5518,9792,9888
4931,-1392,3380,-5634,9828,9584
4905,-1392,5949,-6062,9956,9352
4197,-1392,6386,-5562,10732,8672
3347,-1376,5868,-5114,11840,9604
2129,-1360,5515,-4426,11788,9040
3687,-1376,5360,-3866,11772,8220
5579,-1376,6027,-3766,11784,7284
8633,-1376,5053,-3554,16388,6380
7127,-1360,2524,-3978,12872,7324
5804,-1360,5434,-3114,12128,5876
7176,-1376,5243,-1982,12668,5348
1
-3060,-1376,-21636,31530,32467,-5376
7882,-1376,-32598,31817,20924,-15992
19970,-1392,-32598,31817,704,-18620
-32559,-1392,-32598,31817,-16156,-15144
-32559,-1360,8063,31817,-12436,-18092
-32559,-1376,22366,24566,2456,-7860
30179,-1360,14636,17298,9860,-11976
17556,-1360,5442,12082,-1428,-14132
-7054,-1408,10859,12298,-5084,-3748
-32558,-1376,-4714,6566,1836,2572
-32558,-1392,-32598,14078,2152,-5716
-4990,-1360,-22151,15238,-25564,12520
-1836,-1408,4168,206,-7944,14380
9623,-1376,5645,-5750,5212,13460
9030,-1392,13662,-9350,6000,10968
9872,-1392,13039,-11150,14780,8924
6377,-1376,6768,-13238,16824,8276
1973,-1376,-2402,-12806,15952,8504
-359,-1392,-6735,-10954,15180,8120
-2392,-1360,-9429,-9810,13804,9116
-4328,-1376,-11736,-8814,11856,9944
-4779,-1408,-9093,-6826,8632,10272
-3817,-1392,-3610,-6018,7432,10868
-1693,-1360,1524,-6566,7496,10516
882,-1376,3361,-6430,10296,9344
1483,-1392,1672,-6466,11624,9948
-171,-1392,-29,-5998,11712,10376
12,-1408,339,-4850,10052,10472
977,-1376,3577,-4494,10104,9964
2161,-1360,5521,-4746,11632,9628
2628,-1376,5143,-4594,11332,9608
4015,-1376,6344,-4346,10368,8324
1
-3373,-1408,-19134,12382,-8084,-1496
-24887,-1360,-20312,4978,-16372,2724
-32558,-1360,-22933,3106,-12640,8016
-12295,-1392,23998,6558,-7072,8332
-12065,-1376,23699,-4578,2716,11584
-4204,-1376,16894,-2502,9080,10648
-1018,-1392,14378,-4822,9044,14116
-3198,-1392,8803,-6450,15396,15100
-516,-1376,2594,-5834,16424,11712
5789,-1344,-1937,-7666,12384,10996
5168,-1360,-410,-8662,11252,12452
2189,-1360,1572,-8262,10608,11500
264,-1376,-568,-8434,11180,10188
725,-1376,-5735,-7510,10344,9472
832,-1392,-6953,-6646,8252,9764
-901,-1360,-3596,-5774,7200,9792
-637,-1376,-530,-4810,7636,8828
2116,-1424,7848,-3458,10600,9332
2567,-1376,7359,-3050,11568,9124
4688,-1408,8080,-2630,11164,8400
5251,-1392,9959,-2674,11448,8548
4594,-1392,8741,-1758,10404,8676
5875,-1392,10938,-590,9788,7216
7463,-1376,14478,254,14304,5416
7682,-1376,7310,986,15144,6020
6972,-1360,7558,2098,14104,3232
9526,-1392,9752,4862,16072,2428
7180,-1376,7350,5510,11324,5056
5588,-1408,5546,7374,18420,2952
5436,-1360,6246,9266,12372,2896
1
