17160,-1984,13155,31818,20920,-6200
19397,-2000,11932,-28902,20100,-5016
10102,-1984,5100,-20542,10816,4964
2786,-2000,-883,-10134,6624,5832
-1099,-2016,-1621,-3982,11244,6184
-3530,-2016,-2309,-470,16108,6192
-4821,-2016,-851,-478,19404,5288
-6051,-2032,1081,-1010,18096,3740
-3876,-1984,-1473,-1406,17892,2272
-2490,-1984,-7371,-2378,15888,3232
-3063,-2000,-2216,-1818,12392,3260
-2140,-2016,2932,-1766,15668,2060
-1219,-1984,354,-2254,17156,2312
-2113,-2032,-55,-2482,15904,3588
-2739,-1984,3759,-1966,15460,3552
-2299,-2016,3247,-2170,17704,2876
-294,-2000,-4127,-2258,17412,3484
-1069,-2016,-3386,-3158,14940,4812
-2157,-1984,2418,-2950,15192,4444
-1609,-2000,2035,-2946,15892,4208
-1449,-1984,-1200,-3074,16224,4432
-1553,-1984,-1669,-2766,15420,4480
-1419,-2000,1165,-2650,14932,4148
-392,-2016,1178,-2710,15628,3792
195,-1984,110,-2966,15984,3868
-69,-2000,-1735,-2946,15888,3896
-180,-1984,-1871,-3050,15548,3732
-187,-2016,-1062,-3278,15584,3364
-315,-2000,-833,-3558,16016,3288
-426,-2000,-1198,-3142,15932,3256
-308,-2016,-356,-3222,15672,3376
-871,-2000,217,-3582,15380,3484
0
-14945,-1968,-32599,31817,-7224,-14924
13005,-1968,-15828,31817,32467,25664
1234,-1984,-2113,25230,32467,-14180
8964,-1952,-32599,12266,32467,7600
-21844,-1968,-25447,31817,26236,768
-9757,-1952,-16340,31817,1696,6108
-1606,-1920,-3111,25754,8244,6996
2821,-1968,2427,2090,7156,6564
2804,-1968,-1999,-13482,9740,7364
-1311,-1984,669,-18502,7644,10032
-4558,-1984,11381,-20130,12720,8424
1566,-1968,16723,-27310,20984,3360
17110,-1984,12224,-21866,27252,3636
19358,-1984,8902,-25726,14476,9248
16962,-1968,15372,-21890,15068,4508
20915,-1984,3567,-19686,17368,1616
20131,-1952,-3107,-18226,7904,4852
7473,-1968,5449,-14758,9816,7936
-2638,-1952,583,-8714,16660,5792
-1526,-1984,-11979,-2322,19516,2436
202,-1968,-8817,-3222,14044,4408
-3798,-1952,3833,-2706,14348,4148
-5614,-1952,6310,-1958,17020,2672
-4103,-1968,1723,-1982,17240,2848
-3726,-1936,-3584,-2910,17228,3948
-3386,-1952,-3756,-2954,15684,3144
-1891,-1984,-1074,-3614,15076,2720
-1121,-1936,-212,-4474,15428,3056
-1827,-1952,-1182,-4634,16424,3244
-2137,-1952,-732,-4278,15488,2888
-606,-1936,679,-3454,15660,2680
644,-1952,1081,-4074,15136,3368
0
-3099,-1952,16480,31817,29088,10848
-12271,-1936,-32598,31817,32467,17040
21723,-1936,-2373,31817,4756,4852
-32559,-1920,-4739,31486,32467,-21020
-19234,-1952,-11423,-16922,-30740,4772
-32558,-1936,-32598,15078,-28416,-26912
8076,-1952,29423,19098,2688,10884
13117,-1952,10753,1450,8248,10376
2902,-1936,10510,4534,10392,11240
-2646,-1952,5666,10574,18904,10792
-11211,-1952,-364,20242,19524,14760
-15459,-1936,-554,29306,24580,9004
-12288,-1936,-7343,31817,24364,7668
-15163,-1952,-5672,26998,14176,9832
-21793,-1952,7001,10190,10708,11108
-19653,-1936,3441,642,16244,12224
-14133,-1936,-4713,-8294,12332,9248
4917,-1920,5323,-16122,11288,2324
21043,-1936,19615,31818,7484,5576
22806,-1936,23122,31818,9640,11904
18247,-1952,14618,-26738,15440,10264
20294,-1952,-384,-19358,13088,4232
20618,-1936,6735,-18522,8368,7360
13746,-1984,8443,-17862,13936,6780
6247,-1920,-16233,-11634,18888,4256
1436,-1936,-20124,-8822,15124,2004
-1336,-1920,-3996,-5778,12504,2000
-2631,-1952,6021,-3234,15292,1920
-1037,-1936,3940,-2026,16596,1660
-346,-1936,409,-3786,16060,3188
-2159,-1920,562,-3362,16752,3576
-2524,-1936,1322,-2686,15208,2772
0
-5115,-1936,-25388,31818,13976,9072
4286,-1904,-32598,31818,7996,14108
9440,-1920,-10790,31818,-5788,7856
17925,-1952,13395,31966,-6348,4572
4211,-1952,6101,-14302,3572,7072
-8057,-1888,25408,31817,32467,2776
2142,-1904,-457,31817,32467,2796
-1669,-1936,-7473,31817,32467,6056
4622,-1952,10911,31817,15504,4176
-3635,-1904,-6395,31817,10008,5908
1252,-1904,-6185,24638,5468,12036
3812,-1920,4940,11698,9032,8688
4228,-1936,3448,390,16228,8800
2805,-1888,-3244,-4034,18472,8692
2286,-1920,3363,-10438,18180,7368
6447,-1936,7731,-18674,27168,1652
9885,-1952,1713,-26238,25092,-508
9846,-1920,4021,-28670,14020,-1184
12733,-1936,4825,-25678,11264,-140
15924,-1952,750,-20722,10964,148
10944,-1920,7324,-17074,12292,4048
3050,-1920,464,-9494,16900,5080
1045,-1920,-5415,-3110,18620,4380
45,-1936,-2753,-1082,15468,5056
-533,-1888,4573,618,15564,4180
-1159,-1920,1462,-422,18148,3960
-3159,-1936,-4668,-1662,15536,3804
-5022,-1920,-3132,-2430,14316,3748
-5651,-1920,-1278,-2438,14780,3628
-5038,-1936,-1056,-2450,15452,3840
-5874,-1952,-1082,-2174,16376,4552
-6553,-1920,-204,-1866,15844,4348
0
6198,-1936,-17365,31817,32467,15696
8614,-1920,-16792,31817,29780,-14260
18310,-1920,18257,21946,10688,4252
-5407,-1872,-11264,31817,3456,6048
-11410,-1904,-9547,28626,1884,9316
-1473,-1888,510,21918,3960,5720
4289,-1872,8220,4462,13660,9392
-2638,-1904,5048,-5426,15268,13344
-5331,-1920,-997,-2358,15040,11148
-2561,-1904,2775,-9970,15924,7848
3324,-1904,17791,-14082,19112,4496
16265,-1888,24941,-13086,22412,-2108
20122,-1904,15966,-21698,29004,4360
10709,-1888,9127,-26750,17064,6196
15518,-1920,4028,-23034,16000,-5600
27446,-1904,2137,-19954,11840,-5148
21254,-1936,9085,-18922,8960,3312
1943,-1920,8668,-13478,14768,8240
-6796,-1936,1717,-2870,24156,4192
-2706,-1904,-9679,1270,18108,2568
323,-1920,-8654,1410,14692,3068
-532,-1920,843,362,14816,3576
-3594,-1872,5536,-2122,14944,3196
-5279,-1888,-1483,-3934,17672,2312
-6389,-1904,-11884,-4846,17936,2328
-7007,-1904,-9964,-4886,15184,2076
-5698,-1888,-2274,-4270,14908,1840
-3764,-1872,811,-3050,16572,1908
-2878,-1904,552,-3370,15876,2424
-4037,-1920,-709,-3114,15784,3104
-5470,-1904,-2559,-1654,16104,3220
-4860,-1904,-1839,-1098,15948,3624
0
29616,-1888,1556,-10730,24592,-19928
2450,-1872,12984,31666,32467,32767
4184,-1904,-22175,31817,14540,8284
26452,-1920,14028,31817,25228,596
17798,-1904,28441,15542,13628,-13680
-20147,-1888,-20473,19354,13936,6012
-15062,-1920,-24363,31817,-2912,5524
-6825,-1888,-3830,19790,4752,7292
-2335,-1904,-3807,7270,17696,6284
-807,-1888,-10913,854,11848,5660
-3151,-1888,-2169,-210,10952,10228
-4154,-1872,9002,-966,11168,7996
-2014,-1856,7621,-4602,12616,5000
2111,-1920,6205,-9354,11836,4176
3725,-1872,14937,-16754,8528,5232
3455,-1888,22495,-20874,9892,5276
16189,-1888,26372,-20282,19276,-3236
31523,-1872,14646,-20662,23420,-232
27102,-1920,3480,-22806,17584,5704
10089,-1888,-268,-20442,20780,6988
-172,-1904,-555,-13178,20356,3324
-2845,-1888,-2142,-8518,18376,1784
-5274,-1888,-7061,-5838,16996,2728
-7679,-1872,-8825,-4362,13204,2672
-7114,-1920,-6617,-230,13824,692
-2787,-1888,-2199,2846,13248,64
-109,-1872,2288,1986,13624,1220
105,-1904,3603,302,15944,1540
-640,-1888,-3,-1438,16760,1764
-978,-1904,-1463,-2514,16196,1400
-892,-1872,1596,-3070,17340,1600
-1685,-1888,3331,-3238,18712,2364
0
-27788,-1840,-32598,31817,-7688,1764
-12250,-1856,-17747,19742,-1912,708
-1330,-1872,-6873,8726,7664,4976
4989,-1872,-1224,4818,8828,6492
6544,-1888,7947,1458,13816,8436
2856,-1872,19935,-8358,17668,6884
3070,-1904,10916,-17922,23580,5768
8471,-1888,3321,-23450,17752,3112
17932,-1888,25931,32578,24036,-1252
25632,-1872,26157,-24922,27548,2008
21954,-1856,3646,-24706,28284,5276
12774,-1856,-4615,-20670,18380,6432
1636,-1904,6,-17926,11124,6600
-5453,-1872,-6698,-10942,13516,6844
-7938,-1856,-18942,-6406,15320,7692
-5625,-1888,-17458,-950,13476,3480
3798,-1904,-3867,2906,13464,-824
8324,-1888,5614,794,15080,1496
3218,-1856,5796,-1110,17960,2964
-1486,-1872,-964,-1762,17808,1972
-1035,-1872,-6682,-1574,17812,1748
635,-1888,-8649,-3006,16372,2992
-490,-1872,-2587,-4066,14312,4204
-2540,-1872,3901,-3778,14752,4552
-3873,-1856,4571,-2722,16064,4376
-4676,-1888,1780,-2334,16484,4712
-5229,-1872,-1115,-2046,16508,5108
-5405,-1888,-1175,-2410,15280,4916
-5245,-1888,347,-2370,14748,4496
-4725,-1872,1530,-2122,15440,4052
-4104,-1888,2236,-1818,15488,3424
-3497,-1888,3494,-1458,16256,2640
0
-7459,-1888,-32663,30190,8712,8512
10874,-1856,-12339,31817,32467,12732
-5824,-1840,-32598,29086,32467,8444
8001,-1872,8752,26514,3100,-5036
-3498,-1824,32179,19106,26776,7268
-9034,-1872,-5942,28182,21644,10064
-4397,-1840,-2810,16582,9144,11812
-1437,-1856,7592,4594,8032,11152
1104,-1872,9220,-2350,10436,8752
3239,-1872,4822,-9822,16932,6660
5019,-1824,10369,-11874,13236,4548
4671,-1856,9548,-13710,21336,3308
7132,-1856,5645,-19574,18052,-80
11762,-1856,3086,-23278,19640,-1372
10895,-1856,4665,-21250,18076,312
6947,-1872,-2031,-17298,15072,736
2669,-1856,-1606,-13554,11884,3160
-590,-1888,-1203,-8498,17180,4460
602,-1872,-10920,-4522,18060,5332
-209,-1856,-12227,-2470,13316,6228
-2688,-1888,4948,-170,12700,5584
-4115,-1888,15662,302,15208,3980
-3546,-1840,13358,142,16676,1968
-359,-1856,-5818,-406,21008,2020
-491,-1856,-16987,-3642,15568,3316
-2882,-1872,-8941,-4694,12984,4104
-3489,-1888,850,-4482,14060,3796
-2385,-1856,4316,-4454,15256,3864
-2332,-1840,4955,-4354,15616,3940
-2471,-1872,4093,-3818,16260,3676
-2292,-1856,2768,-3470,16260,3372
-2312,-1856,944,-3034,16648,3380
0
20409,-1840,9872,5518,32467,5628
12509,-1840,-17863,31817,19884,13124
-5892,-1856,-2353,31817,21164,-8304
8862,-1840,5975,31817,32467,-2796
3242,-1856,-78,31817,432,10948
-1441,-1856,-9456,21594,4152,7436
8501,-1856,7560,17442,4456,12852
11250,-1872,18461,7170,13820,11308
9028,-1840,9144,5698,24128,13028
5784,-1888,-646,-3314,12928,7760
6533,-1840,3615,-8654,13632,5056
7565,-1824,5663,-14638,15392,3028
7084,-1856,5075,-16894,16012,1604
2775,-1840,2359,-20050,20016,3524
-501,-1840,-5235,-22234,24756,1416
5100,-1856,4552,-19730,15504,-3320
16162,-1872,15379,-17662,17248,-3288
16047,-1872,4660,-16046,18456,1780
13021,-1792,4044,-10250,14540,3136
10395,-1856,7615,-5354,16824,4388
3439,-1872,932,-2686,19256,6532
-3604,-1840,-12511,-2038,17932,5184
-6474,-1856,-12244,-1142,15264,4228
-4759,-1840,-2468,1098,15180,2164
-1223,-1840,2183,570,16552,1220
-990,-1888,-3641,-430,18048,1436
-2984,-1872,-3527,-966,15320,1204
-4058,-1872,1422,-1146,15108,1316
-4348,-1824,2157,-1322,15684,2144
-4744,-1824,-972,-1586,16036,2976
-5300,-1872,-1811,-1638,15760,3704
-5168,-1840,449,-1122,15944,3956
0
1498,-1824,-11784,31818,24920,10084
-10218,-1856,-29827,31818,16488,10192
-8625,-1840,-27828,-29562,11700,1572
-4553,-1856,-25940,-21378,6100,3788
-13279,-1824,-4782,-2950,-3388,7764
-13691,-1824,14361,31817,12392,108
-8712,-1808,-13798,31817,29036,21256
5007,-1824,-4652,31817,32467,-11724
9331,-1856,26076,31817,21620,7176
-5418,-1840,-8225,31817,19756,5476
1522,-1824,-5999,30986,3580,9916
6952,-1824,8208,9530,6924,10160
7276,-1840,9754,-7386,11548,11256
5101,-1840,1637,-8330,10808,9172
6556,-1824,9995,-17898,7720,6356
10860,-1840,12688,-21426,15108,584
10238,-1808,9459,-21402,17492,3896
-104,-1824,3194,-23834,18092,9920
2397,-1824,-1346,-15994,16360,2200
17418,-1840,213,-15574,15936,-2756
17669,-1840,6214,-19946,14092,3256
4280,-1856,-512,-14270,20032,3344
2581,-1840,-10235,-5082,18012,2036
2975,-1840,-4598,-3462,13800,5964
2865,-1824,3805,-310,15392,5784
4414,-1840,-3595,170,19976,6304
2128,-1840,-9187,-1922,17288,7568
-2619,-1824,-7498,-3098,15076,7012
-5078,-1808,-3316,-2526,14004,5264
-4234,-1824,807,-2046,14772,4368
-3274,-1824,-215,-2514,16784,4628
-3746,-1840,-2825,-3446,15240,4552
0
-17298,-1824,-17454,-6482,-12240,13236
-20134,-1824,23932,31817,-27960,-5284
9534,-1808,-4444,31817,32467,24536
11598,-1840,-16224,15790,32467,-19024
-5607,-1792,-32599,4066,26700,10440
-25792,-1824,-16664,31817,25196,6588
-8250,-1840,-18662,31817,1660,5788
-290,-1792,-3724,22206,948,8628
765,-1824,7551,3138,4652,7600
1281,-1840,5944,-3794,8152,7108
892,-1808,2673,-7946,9024,7124
1475,-1824,9405,-13978,7080,6188
4684,-1840,14288,-19854,14784,5052
9659,-1840,20681,-14502,19392,4932
15043,-1792,26520,-17550,29748,2196
16636,-1840,7282,-19658,32467,1320
7782,-1840,-7695,-22234,23604,2576
541,-1792,2042,-19226,17524,1420
-924,-1808,-453,-14738,18320,2068
-1777,-1824,-13578,-10610,19036,4860
-5962,-1856,-8808,-6946,13560,6872
-8042,-1824,-7291,-3062,16956,6960
-3128,-1808,-12081,3274,18228,3408
4487,-1792,-4882,5178,15312,2112
6274,-1824,4410,2966,16188,3520
2113,-1808,2260,1722,17260,3932
-1240,-1824,-4164,1058,16352,3676
-1610,-1840,-3263,-358,14060,3812
-1387,-1840,-1130,-2214,13620,4208
-1336,-1824,-1384,-3182,14368,3952
-862,-1840,-1517,-3506,14300,3980
-1021,-1856,-867,-3806,15180,4692
0
1339,-1792,8332,31817,32467,21900
6443,-1792,-32598,3706,11588,-15908
-1378,-1808,20738,31817,30524,8936
-2873,-1792,-21867,31817,12424,3892
9376,-1824,-19398,30414,-6036,-380
11796,-1808,3431,7526,2432,4500
907,-1808,7915,-4078,6756,10560
-1767,-1792,-945,-3394,10568,10212
3086,-1808,7662,-10674,15572,8328
4369,-1808,11554,-21026,19472,7544
4314,-1792,9510,-26686,22280,5624
11791,-1808,13252,-23298,27728,-2520
20666,-1808,8054,-24094,27296,-3400
17313,-1856,6531,-27966,14176,-2712
9941,-1808,4148,-21318,9768,896
7575,-1792,-87,-10770,8640,4064
15410,-1824,11307,-558,17632,60
12023,-1808,10769,-3230,24028,5820
-2474,-1808,-7195,-2422,23072,6708
-6324,-1792,-10313,1850,18352,3212
-2349,-1808,-4022,258,13612,2092
1104,-1808,-620,-1294,14424,1600
1610,-1792,-1099,-1894,15356,1604
731,-1808,-3185,-2446,16020,1248
-743,-1776,-3801,-2894,15660,932
-1737,-1792,-1604,-2526,16120,1064
-2426,-1808,-1093,-2594,16504,1448
-3456,-1824,-2266,-3010,15928,2140
-4431,-1824,-1437,-2694,15404,2044
-3819,-1808,733,-2006,15844,1644
-3804,-1760,604,-2574,16092,2436
-4782,-1824,73,-2770,16100,2592
0
-14299,-1776,-13462,31817,18636,8060
-7099,-1808,-8879,19874,5968,8940
-4010,-1792,12479,2878,5448,6904
-2083,-1760,9216,-11426,18828,9484
1057,-1808,-4578,-8462,19308,8348
8723,-1792,3423,-10854,16992,4936
15883,-1776,10531,-15930,28824,2696
17383,-1792,4793,-15838,32467,4904
13715,-1792,7048,-24326,22312,-740
12439,-1808,14121,-22670,16760,-4108
11266,-1824,322,-17726,14616,-1484
9755,-1824,-12453,-13506,6012,220
6089,-1808,-9104,-11298,2572,2204
3630,-1760,1620,-8002,4816,2612
1665,-1792,6935,-5054,13120,4100
1546,-1808,6018,-454,19912,3644
2460,-1824,536,694,22900,3828
712,-1792,-3831,-706,21812,5152
-2795,-1808,-6339,-958,20304,4932
-3990,-1760,-6893,-982,16844,3936
-3191,-1792,-5249,-1646,13980,3468
-3167,-1808,-2928,-2710,14060,3816
-3883,-1792,-1223,-3038,14012,3964
-4199,-1792,763,-2894,13984,3016
-3361,-1776,1775,-2946,15488,3160
-2514,-1792,1413,-2666,16796,3264
-2407,-1792,509,-2822,17264,3656
-2695,-1776,-170,-2874,16944,3944
-2850,-1808,-139,-2586,15804,3508
-2999,-1792,725,-2674,15388,4296
-2969,-1792,605,-2570,15684,4192
-2957,-1840,-108,-2978,15212,4448
0
-6658,-1808,-31913,-29314,9848,3184
-78,-1792,-32598,31818,-1416,5036
-1623,-1792,-16495,32662,-1712,5876
-4195,-1808,-14016,-16806,1488,4472
-8205,-1776,-19404,2902,-1972,3392
-15455,-1792,12503,30330,-1396,13576
-19905,-1744,-8276,31817,32467,22084
-7375,-1808,-15552,31817,27280,12968
28641,-1792,-32599,18946,25180,-21284
12061,-1776,18876,11870,31124,23604
-20518,-1776,-9833,25562,17884,16148
-20865,-1792,-14907,31817,8464,6256
-4150,-1824,-2230,21574,2128,2452
4192,-1776,12084,1642,5832,7192
1874,-1792,16555,-9394,9256,9364
-2,-1792,9376,-14826,15132,8268
1846,-1776,3022,-17674,15992,5608
5577,-1824,13873,-28982,19460,-72
10393,-1824,24823,-30394,24736,3452
8227,-1808,7336,-27374,29076,9724
9008,-1792,-10192,-20714,21648,6312
12270,-1776,-7399,-14698,14752,3392
10936,-1808,-1842,-9530,15656,5980
2221,-1792,-5430,-6182,16316,7284
-4124,-1776,-8628,-2410,14728,5472
-4024,-1792,-4898,702,13516,3624
-2279,-1792,930,50,12564,4340
-2091,-1808,4721,-1158,14176,5164
-2639,-1808,2694,-2374,15080,4996
-2991,-1792,-2811,-2862,16052,5264
-3777,-1776,-3722,-3142,15336,5288
-3539,-1808,-875,-3686,15596,5048
0
-20037,-1792,5707,23434,-27760,-4784
-10283,-1776,1227,31817,32467,13816
-26537,-1808,-12031,28966,32467,11680
6680,-1760,-32599,25610,-7552,14300
-7730,-1776,-31374,31817,17312,-3484
276,-1744,-4667,30846,-17796,1892
7729,-1792,18367,13074,164,7748
6184,-1776,16457,-278,14228,11040
5836,-1776,6351,-3038,12792,11124
5421,-1760,10951,-7638,12528,8540
4168,-1792,12855,-14102,19000,4568
1806,-1776,3508,-14434,25400,5948
-6221,-1792,-559,-20758,21848,7220
-4534,-1760,3399,-17906,23556,2720
3212,-1776,3142,-16574,25936,-948
7506,-1776,2688,-20626,21504,-1264
4342,-1760,6360,-20842,16992,1364
477,-1744,876,-16146,16512,2460
-1434,-1792,-8359,-10026,14676,3792
-3143,-1728,-6427,-6274,11788,4508
-2402,-1760,-1239,-2598,15616,5104
-195,-1776,-4697,-6,20652,5624
2657,-1760,-6341,1958,18092,5268
3910,-1792,1143,1658,16276,5448
4331,-1744,4252,-70,16700,4976
2594,-1776,-3652,-3398,13900,4004
2023,-1744,-1938,-3650,14532,4028
1154,-1760,-557,-3770,14908,3740
252,-1808,-812,-3026,16000,3892
-266,-1776,-1276,-2742,16080,3756
0
7736,-1760,-18617,31817,32467,23980
1304,-1808,-9014,31817,32467,11116
18825,-1776,-32599,21706,23512,-9644
-13570,-1760,-5236,24790,30824,9544
-9025,-1760,-19057,31817,14052,7452
-1131,-1776,-446,31817,1172,8536
2245,-1760,11364,6274,4100,8600
3525,-1760,10120,-11530,11880,9560
882,-1776,8285,-17806,11128,9544
1135,-1776,8318,-25434,17228,5148
8156,-1760,5277,-29542,21188,-508
11133,-1776,11484,-22594,26004,616
7579,-1776,10841,-22730,26112,2080
-2894,-1760,-3370,-21118,20380,3756
-4922,-1760,-7429,-14310,16132,2548
1475,-1776,-1987,-10706,12548,2888
6855,-1792,2904,-7630,12828,4548
5937,-1792,1812,-3950,16512,6136
4639,-1776,-2280,-1594,18116,4248
4067,-1744,-3847,-914,13516,3324
3318,-1760,2135,-1270,13472,3624
1444,-1776,3443,-2698,14860,4020
-1466,-1776,-4938,-3874,16816,4032
-3062,-1760,-8805,-3050,15044,3236
-3261,-1776,-6057,-3630,15336,3532
-4016,-1760,-2621,-4234,14972,4024
-4316,-1792,1171,-3262,14604,3692
-3264,-1760,3832,-2814,15460,3500
-2031,-1744,891,-3070,17516,3312
-1541,-1792,-3627,-3018,16004,3464
-943,-1760,-2693,-2534,16392,3772
-832,-1744,-122,-3254,16312,4112
0
-87,-1760,14645,31817,10204,-4360
-15455,-1776,-18518,31817,32467,25600
-21429,-1760,-1934,31817,25296,-11900
788,-1744,2410,28626,9864,-1684
-4502,-1776,2677,27258,4752,6020
901,-1760,-597,29938,7720,7008
3048,-1776,1086,22394,7296,10228
1904,-1728,13435,14114,8896,11060
1287,-1760,16529,3002,14044,9784
-333,-1744,10199,-6658,15880,12664
-4133,-1792,7887,-11074,15432,13588
177,-1760,16839,-13066,20588,8592
9745,-1744,19871,-16674,27840,4824
15821,-1760,10138,-15994,30316,4212
12067,-1744,1764,-17758,23536,6428
1228,-1728,-2203,-19110,19792,7908
-4303,-1760,-5105,-15938,18848,6832
-3509,-1776,-6820,-13326,15516,6200
628,-1744,-6421,-7682,14840,4236
3439,-1728,-4744,-4018,15548,5520
639,-1744,-4734,-478,17448,7532
-2281,-1760,-6570,2346,18376,6880
-1981,-1760,-7180,3598,17564,5684
427,-1776,-3851,3710,15460,5984
1882,-1760,1097,2294,14808,6684
1535,-1760,2000,578,15068,7164
899,-1744,-56,674,15288,6800
2102,-1760,-1451,350,14848,6272
2597,-1760,-17,-730,15012,7000
1496,-1776,485,-1170,15540,6824
1124,-1744,-718,-1346,15228,6316
1127,-1760,-1485,-1230,14808,6428
0
-30339,-1728,-32598,31817,32467,13496
2895,-1760,-32599,18782,-12364,-17528
-4770,-1744,3758,31817,32467,9748
4927,-1728,-16483,31817,-496,-584
11097,-1792,12461,25186,-3220,4612
4642,-1712,23153,2330,6144,9564
-1149,-1760,1253,-4702,11680,9516
-56,-1728,-251,-13542,1584,8436
292,-1744,8233,31818,4580,7544
5329,-1728,10970,-22930,9572,3640
10823,-1760,10828,-27374,10852,444
11084,-1744,14519,-25278,16932,4608
4500,-1760,8660,-21806,17200,6276
2633,-1728,-961,-16394,20964,5148
3861,-1776,-2665,-12578,17904,5432
4803,-1696,2232,-8586,15548,5764
6141,-1776,5586,-5346,17732,4816
6726,-1760,624,-2654,21048,4888
4559,-1760,-6827,-2222,17484,5500
1388,-1712,-6842,-2502,15676,5180
-733,-1728,-4149,-4002,15196,4972
-2032,-1760,-1631,-5110,14520,4120
-1773,-1760,-500,-5134,14696,3628
-1789,-1728,-268,-5342,14728,3456
-2409,-1744,-899,-5786,15092,3280
-2931,-1744,-2558,-5206,15816,2848
-2413,-1744,-3448,-4946,15296,3392
-1524,-1728,-2486,-5022,15660,3864
-1594,-1744,-827,-5126,15284,4480
-1667,-1760,-42,-5074,14916,4344
0
19807,-1728,-26467,-25414,-8828,7408
16300,-1744,8445,-13826,-9076,20312
-8330,-1728,17962,17394,13776,3196
-5520,-1712,-12399,31817,9516,16780
-29446,-1728,-3009,31817,32467,32388
-32559,-1728,-4243,31817,32468,-30416
5126,-1712,8863,22726,30008,15728
1370,-1712,-12534,31817,-5580,3900
8059,-1728,3877,18382,-13536,2844
13490,-1712,20714,4002,5104,5812
7676,-1744,15293,-630,9976,10144
-1367,-1728,18443,-8586,7356,8584
1225,-1744,12180,-9986,14636,6648
3207,-1744,1055,-17194,17108,8764
767,-1728,11161,-20546,14048,7220
10817,-1712,17309,-18626,20100,-2352
18023,-1712,14082,-20574,24936,-2828
7774,-1760,12047,-28714,22896,-2780
7976,-1760,-2243,-18746,19764,-5448
12837,-1744,-3205,-17002,10872,-4272
6793,-1728,9853,-15086,11296,884
-3205,-1728,6282,-9298,15836,1040
-3029,-1744,-1436,-2082,18268,1164
-38,-1728,-2720,506,18920,2052
229,-1728,2780,-458,17752,2044
-1484,-1744,3014,-1550,18572,1252
-3164,-1728,-1202,-2370,17352,1224
-4242,-1760,-1625,-3174,16240,1004
-4171,-1712,-1302,-3218,15628,696
-3788,-1760,-3722,-3102,16048,916
-4330,-1744,-5141,-2838,15548,1480
-4684,-1744,-2860,-1810,14936,1496
0
-16135,-1712,-14992,-7290,-424,18824
7,-1712,3774,31817,-944,-6980
15229,-1728,15799,31817,27876,32767
8655,-1712,-32599,31817,32467,-13404
-13097,-1712,-13277,11538,24220,6816
-17573,-1728,-23263,31817,11904,12632
-5408,-1712,-2287,31817,-356,7540
3604,-1744,8755,21258,6540,10016
45,-1760,8696,-686,8740,10864
-7183,-1744,4471,-9810,11432,11912
-8943,-1728,1126,-13926,8488,7500
-4897,-1728,6371,-22362,13924,5492
-2856,-1728,8776,-30806,15444,6960
-1662,-1712,12637,-22618,18192,5164
6078,-1696,16168,-19738,17136,148
12221,-1728,8398,-17954,18772,528
8434,-1712,903,-16290,15932,3332
-379,-1760,-2435,-12654,13712,3904
-4308,-1728,-4557,-7438,15324,2764
-1597,-1712,-6799,-2374,17688,1068
3840,-1728,-3352,-1186,14636,544
6437,-1680,4230,-1038,14520,1424
6217,-1728,9246,-1026,16380,2380
4509,-1728,5576,-1930,18576,2656
1821,-1712,-2053,-3870,17940,2812
-1193,-1744,-4493,-3946,16676,3140
-2954,-1728,-2918,-4026,15772,3204
-3395,-1712,-1337,-3742,15164,3056
-2432,-1712,-1117,-3390,14996,2764
-1965,-1728,-584,-3594,15544,2880
-2002,-1744,-1122,-3598,15476,2408
-1561,-1696,-1052,-3438,15664,2072
0
12006,-1728,-31163,31817,32467,32767
5234,-1712,-11984,31817,25472,-8
11765,-1696,-32599,29098,24832,1224
-25205,-1728,-7223,25338,13904,9828
-24619,-1712,-8160,31817,-15080,4584
-2144,-1696,12861,28954,4400,2208
-467,-1696,16585,10046,10828,13736
-8208,-1712,2555,-1542,14144,11664
-2695,-1728,6704,-2846,15124,2844
6592,-1696,12557,-13602,23528,3916
4484,-1712,7738,-25574,25060,6092
8825,-1696,-2367,-19542,28964,1644
18449,-1696,-2698,-19306,24476,-3488
21218,-1712,6453,-22090,20124,-3104
14111,-1696,3494,-18674,20076,-1772
5110,-1696,-9663,-14586,16096,-424
-1894,-1712,-6323,-10146,10272,1980
-4027,-1696,-44,-4514,12980,2484
-1651,-1712,-311,222,15704,2260
210,-1744,-1366,1346,16472,3108
-156,-1696,647,658,17620,3392
-1111,-1712,1658,-1442,17716,3300
-2266,-1696,-907,-1882,17076,3192
-2143,-1664,-1573,-882,16476,2508
-1128,-1712,-528,-1494,15556,2444
-1786,-1696,817,-1698,15876,3204
-1833,-1696,78,-406,16956,2544
-371,-1680,-3020,-58,17376,2308
64,-1696,-4291,-414,16132,3108
-1238,-1728,-1735,-866,15124,3332
-1829,-1712,1132,-738,15648,3012
-1482,-1728,275,-762,16380,3232
0
-27039,-1696,1262,30482,5568,-1280
3574,-1664,305,31817,17784,5816
9595,-1712,2005,31817,15104,13940
13825,-1696,22081,31817,17088,-3752
8060,-1696,27458,22246,16856,5928
-13522,-1712,-2264,31817,26392,14360
-10893,-1696,-6986,31817,18740,7952
-2700,-1728,4929,24962,9704,10436
-4293,-1712,10469,-1274,12276,10832
-8357,-1696,9244,-17574,13136,14460
-8781,-1680,6696,-21730,12552,12064
2179,-1712,11286,-28178,15208,3696
14337,-1696,18594,31818,16864,3964
15979,-1712,7485,-31898,18000,8784
13042,-1712,-5074,-25842,11156,3500
16851,-1696,995,-19442,4100,-2928
13757,-1680,3055,-16774,11696,3240
4433,-1728,-5156,-9634,17328,4536
3145,-1696,-8850,-2366,16336,756
4121,-1696,-1986,-1854,16888,2584
837,-1712,5508,-2174,18604,4744
-2247,-1696,3371,-3162,18508,4272
-3109,-1696,-6878,-3922,17096,4212
-3722,-1680,-7260,-4922,14416,4252
-4210,-1696,-2460,-4462,14720,3920
-2883,-1696,-545,-2994,14972,2664
-774,-1712,-1892,-2954,16364,3436
-1167,-1696,-2730,-3446,16244,4616
-2929,-1712,-1425,-3122,15876,4912
-2814,-1696,312,-2498,15552,4032
-1762,-1696,1018,-1982,15152,4364
-1245,-1712,375,-2306,16156,4700
0
12264,-1696,-3040,-29590,-2656,-6932
-23162,-1712,9286,-7366,772,14696
-1406,-1680,-4759,31817,15352,19768
-4702,-1696,14191,31817,32467,32767
11403,-1680,-32599,-9810,3952,27660
-24481,-1696,-32598,31817,-4680,-11264
-10762,-1680,-5206,24774,-27752,11864
-8710,-1712,2327,13682,7976,10348
2186,-1696,3655,21362,13180,6068
3184,-1680,8148,11994,21692,14484
-81,-1696,11988,10278,16616,13136
1432,-1712,11730,2770,18812,9980
2124,-1680,10650,-2374,18796,10408
427,-1696,6842,-10518,16200,10120
3725,-1680,-319,-23886,16472,6356
10137,-1696,5666,-27610,8344,-720
11173,-1680,25466,31818,11564,556
11179,-1696,1624,-26670,16412,332
12000,-1696,-16310,-21106,7476,1592
9289,-1728,3751,-16126,6696,3144
5529,-1696,13190,-7982,18484,2736
980,-1680,-5057,-2374,24024,2620
338,-1728,-15144,-694,16568,2312
-343,-1712,-6377,-814,14804,4716
-2013,-1696,4998,-2682,14168,4236
-1059,-1696,7130,-2874,15268,2824
797,-1712,1158,-3262,17612,2848
-15,-1696,-6018,-4706,16636,3740
-1254,-1680,-5036,-4026,14248,2976
-1329,-1664,-338,-3970,14936,3128
-1927,-1680,375,-3566,17804,3940
-2045,-1680,-480,-2622,16568,3248
0
71,-1664,13956,31817,3740,-9148
-9777,-1680,-21780,31817,32467,22592
-16544,-1696,4631,31817,21980,7348
-3108,-1712,17551,31817,24736,7708
-7321,-1696,5132,31817,22312,9752
-3709,-1712,2354,29482,22044,7528
1004,-1712,5954,16998,13164,8952
953,-1696,8811,4258,16288,8920
-139,-1680,7952,-8262,19680,10484
-682,-1696,2428,-12346,14348,10356
6121,-1680,4529,-15346,14364,6056
16138,-1664,14069,-16874,16864,4040
22137,-1696,13714,-16778,20180,2672
19697,-1680,4779,-18514,24396,3696
11875,-1696,-5514,-18726,17836,2724
8699,-1648,269,-16098,10584,620
11291,-1696,4341,-13658,14160,296
12700,-1712,897,-11862,14232,2144
9357,-1696,769,-10370,13088,4472
5375,-1696,2766,-7558,14852,4464
3445,-1696,1592,-5054,16732,4488
414,-1696,-253,-3782,17480,5792
-2659,-1680,2840,-3314,15336,5052
-3212,-1664,4042,-2654,16696,3580
-2729,-1680,-2917,-2706,17756,4056
-5085,-1664,-4186,-4810,15128,4688
-7544,-1696,-1018,-3990,15420,3572
-5640,-1712,-913,-2186,16968,2524
-3196,-1696,-2219,-2542,16620,2860
-3326,-1680,-937,-3038,15244,3344
-3241,-1664,28,-3134,15232,2748
-2679,-1648,-909,-3082,15504,3444
0
15146,-1664,17952,31817,1720,-7524
-9671,-1680,3002,31817,27456,30300
-8706,-1664,14319,31817,32467,2904
-228,-1680,-7707,11830,24960,5308
-8401,-1632,-19131,31817,11568,8264
-1048,-1680,-2715,31817,3276,6960
4888,-1648,7569,24222,11592,7200
1054,-1632,9206,4446,21548,10508
399,-1680,2492,-6122,17600,11632
3723,-1664,16917,-11542,9708,9520
7815,-1648,23772,-22974,21820,6808
8588,-1664,8656,31818,21828,812
1664,-1680,3598,-30510,17964,4140
-3328,-1680,278,-26926,13300,4000
1396,-1696,-8166,-19386,11160,4760
1282,-1680,-4622,-16122,10048,6976
265,-1696,1920,-9710,10960,4208
2167,-1648,-1895,-4366,18200,5312
2221,-1664,-10659,-2434,19268,7576
-457,-1696,-6122,-2678,14724,7072
-1689,-1680,2180,-1122,14232,6052
-644,-1664,3471,-1010,17112,5992
-1342,-1680,-2511,-3054,16652,5980
-3445,-1664,-3020,-3514,13572,5604
-3170,-1680,448,-2654,13212,4600
-1588,-1712,-1802,-2938,17216,5800
-2278,-1664,-6534,-3018,16620,6552
-2425,-1680,-4575,-2334,13980,6012
-1317,-1664,-1160,-2186,13792,6124
-637,-1680,41,-2634,14812,6528
-931,-1664,-416,-2994,14984,6652
-1048,-1664,-837,-3258,14996,6672
0
1842,-1664,15381,2022,9352,9196
3866,-1680,11589,-15578,17504,8980
3488,-1680,3593,-13862,15156,8488
6050,-1696,8980,-16946,14372,3524
9786,-1680,10808,-21582,18832,-220
11531,-1664,8526,-17350,20296,-2324
8212,-1680,3478,-21282,19496,-276
-2224,-1680,-6323,-21006,20660,5064
-5958,-1696,-3542,-14414,15812,3104
2015,-1680,1976,-10870,16808,228
7255,-1664,3343,-12482,15056,2268
4003,-1648,519,-13306,12960,4876
2002,-1696,767,-9342,11860,4280
5282,-1696,1487,-6510,14516,3712
7345,-1664,2341,-6622,15016,4440
5692,-1664,749,-6098,16016,3808
2894,-1648,-3912,-4818,18384,2688
-383,-1696,-7578,-4562,17620,2676
-3211,-1664,-6353,-4122,16028,2292
-4271,-1664,-2500,-3802,14480,2072
-4584,-1664,838,-3850,13648,2208
-4589,-1680,1961,-3790,15200,2620
-3964,-1664,-513,-4566,14716,2964
-3632,-1680,-1810,-4262,15676,3204
-3125,-1664,-1046,-4390,14804,3516
-2843,-1648,794,-3842,16504,3844
-1801,-1664,1335,-3830,17048,4100
-1370,-1648,447,-4706,16080,4304
-1935,-1664,451,-4886,15316,4296
-2253,-1664,380,-4434,14716,4440
-1881,-1648,220,-4246,15256,4584
-1691,-1664,-77,-4522,15020,4740
0
10913,-1664,-5184,31817,5540,24032
2533,-1664,17624,31817,32467,5356
-7212,-1648,28245,-5162,32467,5868
-19155,-1664,-32506,31817,148,-2000
-11745,-1680,-7231,19418,-9540,14088
-5925,-1664,10274,9250,7208,13968
-1496,-1664,-4023,2954,18724,12804
33,-1664,10252,-534,19096,16168
-232,-1632,9324,-5598,19960,13296
2439,-1648,6833,-10066,19372,9916
5561,-1664,6928,-9058,17424,6592
8464,-1680,5775,-12514,16104,3164
5451,-1664,7011,-13306,18084,4148
2443,-1680,14081,-14458,15932,3412
1258,-1648,8835,-17466,16084,8032
-1925,-1664,3609,-21946,8544,5744
7293,-1648,4954,-14630,16748,1108
12573,-1664,3549,-19658,4552,6444
12694,-1648,-2873,-14966,7576,32
14799,-1696,-532,-11354,18868,-4208
14294,-1664,-7583,-7722,23612,-1892
4929,-1648,2515,-10370,22616,5268
-6175,-1664,-195,-6106,20872,3304
-7129,-1680,-2771,-4058,17240,3456
-4888,-1664,280,-4386,14288,5040
-3173,-1680,1969,-4094,13412,4392
-1625,-1648,1805,-4222,14824,3244
-1488,-1696,-2324,-5378,15380,3452
-2186,-1648,-4775,-5002,14832,2616
-2862,-1696,-3584,-5190,14472,2524
-3491,-1680,-1952,-4630,13748,2604
-4312,-1680,-538,-4102,14808,2800
0
-16179,-1648,-11223,-21338,-4256,8220
-32558,-1632,24878,18886,-16388,-17672
-32559,-1616,-32599,31817,32467,-8460
10755,-1632,10518,23382,32467,32767
-22005,-1648,-32599,31817,1196,11772
-22374,-1664,-444,31817,24032,14044
-6012,-1648,894,24366,3436,23212
-3046,-1664,13632,-10590,2072,18000
-7314,-1616,8232,-26062,5220,20016
-11075,-1664,-1297,-23646,2772,16356
-3844,-1632,8201,-22406,-6728,6176
11094,-1616,20000,-19018,-6500,5320
5499,-1664,29898,-21274,3724,18024
4194,-1648,25423,-16206,12284,2960
22279,-1632,-2393,-17046,23464,-6068
23434,-1648,-5635,-20074,16316,3888
4644,-1680,7838,-18070,17272,9368
-4320,-1632,900,-9202,20364,2488
2674,-1648,-12540,-5542,14568,-580
7052,-1632,-7862,-6502,12420,2372
4488,-1616,1767,-7154,13424,4728
1170,-1648,2089,-5970,17216,4196
679,-1664,-4731,-4758,17648,2804
622,-1680,-10340,-6254,15448,3212
-1913,-1600,-6645,-7106,14124,3652
-2736,-1648,-1597,-6502,14244,2716
-1218,-1648,-172,-6330,15564,2336
-531,-1664,223,-6402,16028,2872
-1710,-1680,577,-6322,15920,3632
-2980,-1664,738,-6158,14680,3320
-2527,-1648,-78,-5542,16152,3348
-1613,-1632,-2101,-6030,14744,4100
0
-615,-1664,-24651,31817,32467,32767
6691,-1648,29583,31817,32467,-6624
-12397,-1664,745,31817,28908,8144
-12799,-1616,-12608,31817,-1320,-5352
-1856,-1648,10717,27482,-13204,-252
1748,-1632,16065,730,2484,6384
-385,-1648,12404,-15658,9652,12624
-3578,-1664,11020,-16098,9740,14232
680,-1616,20995,-20254,13364,11488
8883,-1648,24175,-24926,16984,10172
12376,-1632,22096,-27766,18436,9324
7272,-1648,20111,-28390,18392,10432
6671,-1632,2473,-20922,20996,8124
15635,-1632,-11720,-14094,21476,1664
18304,-1648,-7862,-13402,16768,4104
9884,-1632,-6920,-11110,15664,4120
2645,-1648,-11326,-8422,14180,2124
481,-1632,-13430,-4330,16376,2420
1370,-1648,-7245,-642,15156,2592
3732,-1664,3240,2278,16812,2924
6274,-1632,5916,1770,19464,3856
5310,-1616,983,-2810,17068,4600
1036,-1664,-1795,-5586,14296,5080
-2426,-1616,-731,-5542,13988,4700
-2784,-1648,-703,-5006,15016,4688
-2677,-1632,-631,-5770,14120,5012
-2940,-1648,-192,-5590,14608,4788
-3651,-1600,-1190,-5282,16336,5132
-4009,-1648,-2086,-4898,15508,5040
-2848,-1616,-1243,-4586,14776,4428
-2800,-1664,-722,-4986,14664,5384
-3180,-1648,-536,-4866,14952,5184
0
3759,-1632,-1309,31817,-9976,-21712
-16455,-1600,-18364,31817,32467,32767
6633,-1616,-32599,31817,32467,-17244
-14343,-1632,-15422,31817,23860,7268
-11213,-1616,-4455,31817,-10508,3248
1202,-1632,4576,29594,-6104,6844
5818,-1648,14783,5774,2212,9712
-1289,-1664,13904,-14326,14300,14476
-15013,-1664,11896,-23650,19228,15040
-11723,-1648,12914,-16866,21020,13284
-2115,-1664,4207,-16706,22568,7652
5873,-1648,9359,-20986,18792,2648
7027,-1664,10216,-23782,21960,3360
7931,-1648,-3151,-19878,17496,-244
8940,-1664,-320,-15242,10876,2072
8604,-1632,4971,-9382,13664,5136
15338,-1616,1273,3490,16560,4644
12764,-1600,-986,438,17104,11336
5669,-1584,-6453,1430,18736,6736
2573,-1664,-9544,-1074,16292,2780
809,-1616,-6475,-3446,14356,2388
-1578,-1648,-3795,-4310,14804,3084
-2441,-1616,752,-3026,16892,2484
-1481,-1632,-2097,-3910,16124,3824
-1504,-1648,-2391,-3510,15052,3700
-1462,-1648,-449,-2602,15016,4200
-924,-1632,1411,-2466,16600,4788
-853,-1648,613,-3014,16092,4964
0
1791,-1600,-32599,31817,-11744,-15736
-7577,-1648,16910,31817,32467,31232
-8685,-1616,-32598,-2006,32467,1864
7330,-1632,4154,31817,3880,19484
-3919,-1648,-14766,31817,6208,10500
5321,-1600,145,31817,-12596,708
5747,-1616,12261,13270,5136,5980
-1922,-1648,10319,1274,16052,11120
-1558,-1600,15079,-238,11424,8424
2838,-1648,15767,-9938,19920,4568
3586,-1632,14108,-19498,26540,6448
-2503,-1632,7587,31818,24456,1816
10863,-1584,25762,31818,23152,-9948
26331,-1632,12241,-30282,28216,-9404
10085,-1648,2914,-31942,19304,6492
-17459,-1600,-103,-20670,15548,7860
-8758,-1648,-13094,-262,19144,812
7204,-1616,-6807,-2802,10548,2548
6456,-1632,4483,-3606,14372,5576
662,-1648,6650,-854,16948,3568
314,-1600,-1592,1378,21264,1904
-1541,-1616,-6466,-1794,17872,3672
-4475,-1632,-4080,-3394,14624,3172
-4947,-1616,-2993,-3730,14272,2520
-4273,-1616,-2753,-4150,14364,2972
-3976,-1632,-2395,-4630,14564,3580
-4346,-1616,-1723,-4666,15180,3924
-4782,-1600,-751,-3906,16232,3960
-3246,-1616,-1436,-2714,16360,3912
-1411,-1616,-1364,-2870,15944,3728
41,-1632,-669,-3318,15496,3856
244,-1648,-687,-3382,15220,4384
0
-12586,-1648,-16452,31818,17124,15436
-4053,-1600,-32598,31818,6076,4112
13010,-1648,-9950,31818,-2988,-3028
7876,-1616,22512,31817,32467,2624
-1990,-1632,-21218,31817,24100,23548
5079,-1616,31023,23742,32467,-32768
-23657,-1600,-24000,31817,32467,12096
-13909,-1600,-23098,31817,2048,11260
-686,-1616,3298,31817,-3640,8972
7070,-1632,21926,12982,4224,9464
7169,-1616,17160,-7626,20188,9868
7436,-1632,8593,-10558,15560,6820
10133,-1648,12188,-22970,17344,5408
10615,-1632,5910,31818,23324,1404
6612,-1600,-3590,31818,17984,2252
-1415,-1632,1227,31818,14460,1616
-637,-1632,5415,-23390,14044,1524
3180,-1616,-1920,-14666,18600,512
2106,-1600,-7097,-9750,18024,2840
-1487,-1648,-24,-5922,16932,2324
-490,-1632,2563,-3254,16896,1360
825,-1616,-629,-1002,19276,3232
-1054,-1648,-1938,-438,18024,4204
-2424,-1600,-828,-618,16328,3516
-2899,-1616,280,-1226,15596,3704
-2522,-1600,-1731,-366,17052,3252
-760,-1648,-3282,-1118,15208,3084
-909,-1600,-2253,-2262,15176,3928
-1586,-1616,-1393,-1346,15252,3192
-490,-1632,-640,-1010,16280,2932
0
-13580,-1600,6332,31817,-6648,7988
-5072,-1600,-12813,31817,32467,16808
-12326,-1600,-26284,31817,32467,-2204
26594,-1584,-32599,1366,-23672,5964
-11246,-1664,-32598,31817,18212,6744
6839,-1616,-5201,31817,-13196,6640
5800,-1632,19238,19226,-1212,11992
-129,-1632,11839,2370,8048,11856
2881,-1584,7587,-2618,9828,10956
4762,-1600,14845,-7710,6280,11024
2440,-1616,15619,-21266,10172,9056
4911,-1600,8849,-22298,14572,6628
10977,-1632,5818,-25970,12244,496
8641,-1616,20890,-28458,12288,4340
2674,-1632,17063,-28766,20016,1944
3401,-1632,-5175,-21990,18928,804
3817,-1632,-2433,-15814,13116,2048
2486,-1632,7077,-9790,18260,2300
-88,-1616,-1742,-6006,20776,2268
-1433,-1648,-7103,-3082,16516,2364
641,-1600,2993,218,15444,3116
2347,-1616,6913,-134,17856,4552
1378,-1632,502,-722,17008,4428
-433,-1584,-2714,-2078,15848,3908
-907,-1616,-2115,-2746,15324,3344
-1517,-1632,-1185,-2838,16260,3356
-2290,-1616,-1736,-3142,16064,2804
-2918,-1600,-1201,-2806,15804,2588
-2952,-1616,-471,-2266,15976,2524
-2587,-1600,-610,-1702,16540,2256
-1626,-1600,-2790,-1734,17268,2756
-1391,-1632,-3810,-2174,15936,3176
0
-32558,-1632,-28058,10118,-360,-5912
5024,-1616,7084,31817,16188,27060
-2631,-1600,-29395,31817,32467,15536
8059,-1584,-32599,30798,28544,-22152
-17531,-1568,-10,20130,32467,6108
-12051,-1600,-23342,31817,12364,752
-4297,-1584,11874,29426,-6340,11736
-7160,-1632,12657,9338,14536,6720
-2325,-1616,-2139,2282,14832,7248
-374,-1600,8552,-6578,7176,6252
1144,-1616,11345,-20270,16160,8656
3708,-1632,6601,-21798,14932,11400
15042,-1616,20928,-29550,16664,5848
21274,-1600,26040,-22574,29700,1304
7979,-1584,-13055,-22478,28136,2804
2138,-1600,-21525,-17470,15080,776
782,-1600,-7432,-14406,11624,4476
-2135,-1616,754,-7714,15452,5608
-774,-1600,1712,618,16580,2764
1386,-1616,-813,3762,16612,2208
-784,-1600,-4500,2686,18016,5324
-2724,-1616,-5328,2422,17044,5344
561,-1584,-1585,2150,15204,4288
1462,-1600,540,-266,16132,5136
387,-1616,-1441,-702,17040,3988
608,-1632,-934,-1298,15728,3184
235,-1616,-608,-1618,15800,4088
-829,-1632,-1281,-1850,15664,4144
-1436,-1600,-663,-2130,15172,4220
-1767,-1600,-778,-1962,15512,4616
-1850,-1584,-1162,-1642,15244,4696
-1488,-1600,-199,-1186,15748,4740
0
2421,-1584,11527,31817,29368,5420
7120,-1584,-27786,31817,20100,9960
2094,-1568,30339,31817,9900,4176
-11810,-1600,16011,31530,24500,13996
-13281,-1568,-14780,31817,14808,10588
-5823,-1584,11871,25058,728,9212
-4723,-1600,21468,3642,13584,10056
-4119,-1584,1008,-7034,15852,8876
-3912,-1600,6002,-9758,9364,7568
1040,-1600,20054,-15446,14884,4172
10120,-1584,16251,-23790,23132,940
17282,-1600,12860,-24066,20608,-2308
18964,-1568,9886,-26122,22404,-1860
9753,-1632,-2509,-31474,20644,640
3151,-1600,-3201,-19370,16420,1004
7917,-1616,2439,-9866,14328,-484
11856,-1600,-326,-6726,15596,2796
4209,-1616,-1433,-6158,15264,5996
-1067,-1632,1639,-1602,13736,2600
2266,-1600,-1421,782,20120,1408
3403,-1584,-6025,-1262,17128,2472
-871,-1600,-1421,-3898,14452,2176
-3737,-1584,-635,-3254,16484,844
-3220,-1600,-6164,-2990,17820,712
-3296,-1568,-7175,-4102,15360,1168
-3682,-1584,-2480,-3290,14832,1280
-3178,-1600,-797,-3106,16736,1752
-2640,-1600,-1012,-3070,15440,1328
-2356,-1600,-438,-2786,14952,2256
-2491,-1616,1729,-2090,16132,2204
-2397,-1600,4079,-2466,16108,2124
-1978,-1632,4759,-2858,15264,1876
0
-3719,-1600,-31835,31817,32468,-29908
21411,-1616,-816,31817,18600,27580
-303,-1552,-32599,31817,32467,4576
-24936,-1600,-32598,31817,7340,11076
-8493,-1584,-6127,31817,-828,23344
-3250,-1600,7325,13942,-1780,17772
477,-1584,11022,-978,12692,16644
-2775,-1600,4415,-3914,14480,14056
-5607,-1600,4773,-6346,15700,10880
-6660,-1616,4905,-9550,19312,7520
-2027,-1632,11571,-17934,21448,2760
8871,-1584,15901,-20850,18776,-1340
17410,-1600,16135,-20434,22672,88
12867,-1568,7056,-24018,19540,2064
8359,-1616,1976,-17886,15756,2272
10335,-1600,2993,-14770,13556,2144
7344,-1600,4288,-13142,14408,5712
-184,-1600,-1340,-6754,18208,5496
103,-1600,-5971,-1322,17920,2508
2763,-1584,-4157,-2262,15016,2544
174,-1600,468,-2290,14844,2924
-1928,-1584,-16,-1438,16920,2536
-2379,-1600,-1178,-1950,15144,1912
-2185,-1568,-853,-2438,14832,2264
-2554,-1616,-1022,-3230,13460,2312
-2919,-1600,-1837,-1814,17252,2372
-2528,-1584,-2802,-1954,16220,2308
-2616,-1600,-1037,-2138,17064,2552
-2626,-1600,-851,-2282,16652,2812
-2170,-1584,-1431,-1918,16408,3176
-18496,-1568,-3936,25670,-12524,-12792
-3202,-1584,-32598,31817,32467,32767
-9202,-1600,-19002,30826,32467,5176
4352,-1616,30579,31817,17588,9572
-5819,-1600,-1511,31817,12052,7116
2952,-1584,10217,30886,-9852,5704
2671,-1584,27796,3618,5548,9568
-4566,-1568,11395,-6922,16164,12152
-3724,-1568,1433,-3830,14892,12408
267,-1600,11535,-9154,11252,8808
7065,-1584,18533,-23406,21652,2260
13880,-1584,11478,-21594,21204,-2348
11527,-1568,15947,-26894,21036,-1468
8681,-1584,6136,-23474,23200,-1340
10145,-1568,-7784,-20486,10716,236
13662,-1584,986,-16042,1920,1600
14191,-1568,4518,-12526,11244,3296
11229,-1568,-2191,-8462,20348,1408
7685,-1584,-201,-4862,21732,616
1839,-1600,4104,-4982,20936,1944
-3427,-1584,-368,-2726,18432,952
-5279,-1632,-2601,-2358,15040,944
-5529,-1600,-2331,-3290,14096,1572
-4213,-1616,-1502,-3114,12908,948
-2600,-1568,-2060,-3470,14976,1316
-2569,-1552,-3060,-3970,16632,1388
-2079,-1568,-2657,-3718,15824,220
-704,-1568,-1820,-3610,15668,76
175,-1616,-1016,-3186,16684,92
15,-1568,204,-3498,16488,68
-677,-1584,963,-3938,15508,-104
-1525,-1632,600,-3670,15680,224
0
-539,-1600,2883,31474,-8180,-1264
-2676,-1584,-32598,31817,32467,32767
1265,-1584,9485,26570,31004,-9308
2838,-1568,-32599,11894,32467,15656
-15125,-1568,-22311,31817,6608,496
-6796,-1568,4734,30398,-16060,9768
-3357,-1584,17860,16570,904,10224
-1966,-1600,7187,5362,10696,11088
-1968,-1568,1909,1762,10232,11760
1848,-1552,15794,3314,14668,10260
6722,-1568,12518,-5906,20684,6760
12033,-1584,7940,-12774,20332,3812
16949,-1600,12695,-18246,20812,-1080
21112,-1568,14594,-29022,29284,-4764
15997,-1584,6182,-20062,27828,-664
9033,-1568,-6284,-18810,23960,-3388
5566,-1584,-9710,-20230,18360,-4680
490,-1552,-3995,-18078,12404,-2836
-2630,-1568,-1996,-13354,13188,-2256
-940,-1536,-4560,-7558,12736,-2820
2819,-1568,-2666,-4006,13028,-2920
4925,-1584,3198,-2922,14448,-604
4200,-1600,3416,-3726,16900,1924
1156,-1568,-162,-4274,17032,3496
-494,-1584,-1922,-3522,16120,3264
-165,-1568,1015,-3142,16280,2964
-1349,-1568,2630,-4034,17020,3220
-3649,-1584,1980,-3734,16304,2432
-4092,-1568,472,-2830,15768,1452
-3659,-1584,-1452,-2766,16396,936
-3868,-1568,-4069,-3178,15896,1364
-3708,-1568,-3781,-2594,15564,512
0
-16535,-1568,-32314,-27790,-7728,6820
-3533,-1568,-7767,31817,-28368,-1228
8200,-1584,-32598,31817,32467,32767
-1780,-1568,17681,31817,32467,-3924
-10010,-1552,22638,15610,32467,4220
-18543,-1536,-5622,31817,1016,7196
-13623,-1568,11319,31817,-14160,7524
-1663,-1552,17795,22222,-956,8660
-1095,-1568,11709,5842,10284,5948
1057,-1584,5135,-2178,11496,6068
1455,-1536,3939,-13670,15380,6136
1230,-1568,366,-24674,21156,4292
462,-1584,5896,-28322,20248,2536
2662,-1568,13585,32310,25604,1308
8728,-1600,-5437,-28766,26080,1368
11290,-1568,-3019,-23170,17324,1392
13850,-1568,8682,-15326,14980,920
11908,-1584,-4703,-9474,14516,1656
5427,-1552,-8230,-5338,11744,2768
3050,-1568,-67,-1666,13700,2452
2174,-1552,6515,-386,16812,2420
762,-1568,1017,2,20848,2164
-1020,-1568,-6896,-1954,16680,1504
-2357,-1584,-1830,-3090,13132,1304
-2755,-1568,3293,-3814,14440,968
-2081,-1584,-1049,-3710,17916,264
-2074,-1584,-7143,-4654,15780,1040
-2366,-1568,-4767,-4366,14772,1444
-2472,-1552,-23,-4190,15292,2056
-2466,-1552,584,-3690,16104,2004
-1965,-1584,-1926,-3138,16728,2428
-1326,-1568,-1968,-2490,15800,2288
0
29711,-1584,13496,31817,32467,-21384
-4682,-1552,22903,2310,-5196,-5764
-15191,-1568,-11753,31817,22744,8356
-1006,-1584,-7608,31817,-7380,10292
8465,-1568,10191,25930,5724,7016
7231,-1552,-943,9702,22124,7788
5732,-1552,-2916,2378,17620,6300
6881,-1568,-1302,-11234,23444,2116
7218,-1552,-3675,-19602,21984,-492
-1546,-1568,1049,31818,20596,-2488
459,-1568,9194,-30686,15752,-4464
5808,-1584,20250,-28962,13068,-3948
1271,-1568,23193,-28098,11440,1276
-5497,-1584,-2519,-21670,12424,12520
666,-1568,-3964,-4086,10376,6204
17148,-1552,11683,-1982,22652,3580
11696,-1568,-4933,-5418,26932,3292
2804,-1568,-12991,-2094,17608,-1468
1697,-1584,-1760,342,16076,-1204
818,-1600,373,-1946,16500,-140
-568,-1584,-3496,-4614,13776,328
-2288,-1568,-4118,-4866,13440,1196
-2405,-1552,-1379,-4138,15624,1124
-735,-1568,-3419,-4246,16436,1232
-724,-1568,-6132,-4342,15332,1656
-1530,-1552,-4284,-4318,14776,1824
-664,-1600,-875,-3342,15528,1204
-233,-1584,-346,-3142,17268,1364
-687,-1584,-2107,-2938,17784,1716
-1526,-1568,-1888,-3630,15440,1740
-1976,-1584,590,-3190,15768,2056
-2389,-1568,1594,-3210,17216,2308
0
15740,-1568,22233,31817,6344,-5688
-32558,-1584,-32598,31817,26852,32767
-6652,-1536,-24160,31817,-13060,-14632
3105,-1536,1772,16410,-17012,5200
5528,-1536,26109,-11318,2052,8600
8167,-1568,4633,-17246,9448,7876
9777,-1552,-232,-18618,5968,6312
5567,-1568,10965,-29642,11628,8248
9082,-1520,16248,-28594,16764,216
16660,-1536,12364,-20942,22444,-1848
15421,-1552,4747,-21390,24264,80
7868,-1552,-1998,-16754,21684,904
2187,-1536,-7005,-10658,18792,692
670,-1552,-6979,-9134,16004,688
1094,-1568,-4668,-7710,13840,1184
2996,-1584,-2087,-3966,14276,500
3065,-1552,1860,-2686,15620,1820
334,-1568,1947,-3418,16588,1532
-354,-1552,928,-3694,16460,1052
-450,-1568,363,-4470,15972,1268
-1827,-1552,75,-4890,16272,1760
-3835,-1568,-1131,-4462,16216,1780
-5009,-1584,-1354,-3830,16248,1616
-5279,-1552,-1156,-3722,16044,1856
-5624,-1568,-1028,-3434,15672,2176
-5722,-1568,-1435,-3462,15708,2408
-5754,-1568,-1362,-2806,15780,2484
-4935,-1552,-1043,-2542,15556,2528
0
-19236,-1568,-32598,31817,32467,28304
9309,-1536,29253,31817,32467,1212
-5779,-1552,-32599,31817,13892,2376
-10097,-1536,16257,31817,-11952,10080
34,-1584,20283,23006,-5916,9080
6235,-1536,13205,15122,18144,4836
6100,-1520,9670,5622,23728,6088
6464,-1536,15859,3046,27376,5812
9844,-1584,1998,-9638,30064,3972
14847,-1568,7611,-14966,19536,-576
16291,-1536,21467,-19466,23116,-5484
5977,-1536,-4636,-29158,21072,-356
-423,-1536,-5450,-23190,7760,3084
6795,-1552,14349,-21598,5064,2352
7305,-1536,3734,-19002,16048,5896
6351,-1536,-5990,-10802,16616,1288
6233,-1568,2097,-8258,19024,-792
5693,-1568,2759,-6862,20668,-2804
3330,-1552,-214,-5798,20892,-1968
-141,-1536,-22,-2834,19812,-1272
-3215,-1552,684,-1778,18060,-1008
-4754,-1536,-411,-1518,15292,-1280
-6652,-1552,-1708,-2542,13280,68
-8015,-1552,-4254,-2506,14028,268
-6836,-1536,-3494,-1766,14732,228
-5006,-1552,-3456,-1666,15936,160
-3762,-1568,-3966,-2106,16360,548
-3367,-1552,-3204,-2026,17328,692
-2028,-1536,-1719,-1762,18656,1424
-892,-1536,-1140,-1858,17884,1488
-272,-1520,-176,-1678,17012,2104
-911,-1536,37,-2066,16240,2688
0
5974,-1536,1083,31818,-17396,700
-7055,-1552,16516,-27118,-8120,8824
-10770,-1520,-7361,31817,768,-5568
17462,-1536,-22935,31817,31788,30340
14939,-1520,31771,31817,32467,-19544
-8205,-1504,-16747,31817,-10020,2940
-4897,-1552,-550,16962,16580,4360
-4514,-1504,11459,5438,11672,8968
-7519,-1536,865,-10746,22244,14196
-7907,-1552,-6614,-17914,10516,16032
-8746,-1504,23282,-26602,16796,12040
-8183,-1552,5484,-27538,19228,9776
3452,-1536,-1739,-23258,3420,8844
1002,-1536,13030,-20642,9284,13260
1622,-1552,995,-12266,14736,3488
8984,-1536,-4826,-8126,16288,1224
9916,-1552,4954,-6382,22824,3936
3169,-1504,-145,-2766,23424,2308
2182,-1568,1343,-3822,15052,2140
2895,-1520,3948,-2442,14280,4840
2016,-1504,4529,-1770,16528,6828
2014,-1520,-465,-2286,14696,4148
3669,-1536,438,-2650,13612,3020
2105,-1520,1668,-4134,17484,4432
672,-1536,-2245,-3090,17260,1640
519,-1504,461,-3290,16408,1152
-252,-1552,2059,-3026,16644,2452
-1353,-1536,1166,-3186,15944,2300
-1027,-1552,1003,-3174,14032,2844
127,-1536,1970,-2258,15672,4160
0
-6117,-1536,-21226,31818,16264,25116
-7708,-1520,-32598,31818,9212,15632
24532,-1552,-10761,31818,-3644,6652
4674,-1504,-25752,31818,15292,14940
3076,-1520,-1256,5526,-9316,1540
842,-1504,9792,31817,-16536,6908
9557,-1552,6534,31817,-3460,22204
10995,-1520,-32599,31817,32467,-32768
-21710,-1504,-32598,22086,21816,-10736
-12199,-1552,-9116,31817,-16900,16172
-6766,-1504,-898,29590,-15684,3320
-4626,-1488,722,17566,6840,3892
-6034,-1536,2745,17754,16756,6744
-8228,-1520,11159,8262,21272,10504
-6183,-1552,4770,-3298,19632,11100
-4592,-1536,9509,-14886,15888,13212
1713,-1520,16063,-16274,12700,10520
6339,-1536,7402,-28998,11920,11528
8018,-1520,14165,32354,10996,10060
10097,-1520,8734,-29242,13832,16532
21771,-1504,-3665,-13514,15700,4008
15592,-1520,-6875,-12814,20052,968
5635,-1536,195,-8310,17068,-4448
4481,-1536,-1314,-5558,19188,-2728
2523,-1552,-747,-5086,16340,3128
-1632,-1472,-114,-3306,17024,5596
-1200,-1520,-831,-2518,14928,4484
-1354,-1536,-901,-4398,15288,4264
-2134,-1552,-1735,-4602,15600,3672
-1608,-1504,-3560,-4098,15100,3056
-2165,-1504,-3087,-5446,14088,3556
-5583,-1520,-419,-6222,13668,3932
0
-17338,-1536,-27443,1110,612,3056
24527,-1488,-11574,31817,-13608,13096
16065,-1504,-19564,31817,32467,31236
12680,-1520,-32599,31817,20440,-10296
-10913,-1504,141,18522,28476,3128
-11270,-1504,-6920,31817,-10436,14792
-7498,-1520,9539,24390,-8400,15004
-7863,-1504,13774,16610,6828,12780
-5418,-1488,12795,7934,18980,4908
-2976,-1552,4062,4630,18844,4960
-2331,-1504,9067,-6934,15632,3092
28,-1488,12549,-14022,21576,1352
2252,-1504,20319,-24646,21888,-1020
18381,-1520,17168,31818,1148,-2828
16411,-1536,4319,31818,-6164,5728
-750,-1520,5692,-23022,9600,2476
1749,-1520,-105,-9230,30228,-6300
9709,-1536,-10928,-10714,25188,-4496
2419,-1520,-1776,-11266,17840,-836
-3095,-1536,644,-6666,15124,140
-289,-1552,-4450,-618,16604,-272
1839,-1504,-7370,30,17796,1332
-3092,-1568,-6006,-1578,16156,2072
-5101,-1552,-3010,-442,15976,1116
-2530,-1504,-4927,-1806,14812,836
150,-1520,-4468,-3746,14192,1324
-2162,-1504,-1291,-4342,15080,1972
-2832,-1504,1177,-2690,15656,448
-936,-1552,-57,-2886,16152,788
-682,-1536,-20,-2742,15880,2068
-1902,-1520,770,-2882,15848,2232
-1209,-1504,1205,-2614,15348,1692
0
-17338,-1552,7589,31817,32467,21300
9293,-1520,12870,-886,17964,9076
-3814,-1504,-32598,31817,6924,1372
2485,-1488,4940,31817,-25984,7960
1596,-1504,17995,12602,-5604,2788
2421,-1520,11223,6138,6544,5336
387,-1536,17085,390,9480,8528
-1319,-1520,17078,-2630,21560,8960
2806,-1504,9593,-12326,27784,6112
-1521,-1536,16259,-16826,24896,7880
-5366,-1520,7830,-24166,28196,8344
6921,-1504,-4439,-22102,20172,14656
23252,-1520,7525,-24298,11084,4540
26609,-1536,866,-18866,14028,-3552
19186,-1520,-6091,-10138,12652,-6420
10870,-1504,8678,-5370,19780,-6120
1117,-1520,1619,-4898,23908,-1552
-5218,-1504,-3024,-1814,16448,2152
-5933,-1536,1419,-258,16300,4100
-5226,-1552,939,-2706,16296,4300
-5612,-1568,-177,-3598,15960,4108
-5980,-1520,-748,-3590,16144,2920
-5411,-1504,-343,-4614,15424,1848
-6081,-1536,-4,-5014,15312,756
-6465,-1520,-307,-4566,15380,896
-5979,-1536,480,-2826,17192,756
-6164,-1520,-388,-2422,16024,636
-6244,-1504,2166,-1218,13576,1360
-6208,-1536,5965,-882,16164,2732
-6454,-1520,4285,-2042,16484,2356
-4900,-1504,509,-2358,15812,1656
-3362,-1520,-610,-2026,17060,2592
0
14603,-1488,2633,-29634,10220,9340
14301,-1504,-4590,-29226,26984,18688
-13998,-1504,-28254,-11518,18396,992
-14393,-1520,2392,10334,-16808,-17768
14394,-1536,-11430,31817,20544,18336
10449,-1552,14870,31817,1512,21876
20309,-1504,-32599,31817,32467,-29936
-9557,-1520,-32598,13618,6696,-5972
-8530,-1504,-3659,27090,32468,14836
-3541,-1520,7502,15126,-964,13144
-7113,-1520,8874,11106,13064,8816
-10563,-1504,-2525,25194,13928,6148
-10151,-1488,5108,20258,15592,8832
-10555,-1536,6182,14682,18084,9180
-6630,-1520,4642,4826,14892,10344
-3688,-1536,10124,-7702,11616,11164
1632,-1520,17742,-19950,12504,9800
14696,-1504,11750,-26478,6988,9080
4723,-1488,20477,31818,6060,7428
17463,-1504,6475,-19238,18316,-8844
19697,-1504,-4072,-23254,20936,-3172
16081,-1520,8778,-13066,32467,-4304
11452,-1504,-5143,-10262,26904,-6860
7212,-1488,-413,-11470,9708,-3348
1013,-1536,10660,-8482,10380,68
-2127,-1520,824,-3038,16728,-620
882,-1504,-8021,-938,16492,-48
-58,-1504,-3994,-3090,14188,1444
-3595,-1520,-1476,-3758,14472,1188
-4042,-1504,-2179,-2858,15232,-232
-1440,-1520,-3249,-1790,16380,252
-1910,-1504,-3572,-3406,16632,1012
0
7033,-1472,-2678,31817,10712,14284
959,-1472,-5836,31817,32467,26608
7945,-1520,-32599,31817,32467,4016
2281,-1504,8220,6974,29320,-5148
-9948,-1520,-26115,31817,-7724,2536
-9348,-1504,3529,28334,-7948,9196
-8216,-1520,9390,24706,5764,6068
-2850,-1520,9168,22546,30788,5700
-3170,-1536,10647,10218,22880,8048
-3811,-1536,12081,2858,27132,7652
66,-1472,6604,-8822,26876,9076
2116,-1488,5984,-17210,14920,7676
9528,-1504,11574,-20046,15284,3280
18085,-1520,10104,-20626,18024,1996
17346,-1536,13878,-29426,13264,1468
15832,-1520,11598,32494,11944,692
1505,-1520,-6361,-28338,11388,9740
7366,-1504,-10384,-12506,7196,-1420
7569,-1520,1248,-11166,12404,2020
-530,-1504,4162,-6606,20296,1080
-3673,-1552,-1806,350,22496,-1684
-3046,-1504,-5446,1058,20008,336
-4434,-1536,-669,-1442,15740,2780
-5726,-1520,2205,-2186,16444,3728
-5404,-1504,-173,-2286,15644,3496
-3923,-1520,-2785,-2794,14520,3144
-2204,-1472,-2175,-2858,15076,2600
-2943,-1552,-1848,-3630,15120,3536
-3216,-1520,-494,-3410,14720,2140
-2289,-1504,545,-2258,15492,1936
-918,-1488,-1536,-2142,17244,2344
-972,-1472,-2498,-2994,16440,2580
0
4617,-1472,2086,31817,-5664,20128
2958,-1456,18599,31817,32467,9676
6961,-1504,-32599,7570,32467,-18624
-15992,-1488,-32598,20838,5392,3148
-11342,-1472,-10822,22898,-17212,11384
-4985,-1504,8380,15202,-868,11372
-1262,-1488,7865,15418,14540,8504
-1877,-1504,8516,11166,21332,7932
-2496,-1488,8868,7462,21136,9096
-1203,-1472,4817,1634,18940,10412
465,-1488,6669,-4866,18336,9928
3030,-1472,11750,-8994,19764,7848
8787,-1472,8297,-12326,21676,5792
12610,-1520,6293,-18274,22020,3496
11778,-1472,1633,-21966,19848,2152
5397,-1488,-144,-21930,19152,2032
1319,-1504,-1232,-18178,18124,1056
618,-1520,622,-13386,17232,1520
-386,-1504,317,-11882,16912,2864
-1510,-1472,-2770,-8762,14980,3656
-646,-1456,-1315,-6078,12188,2872
3568,-1440,1270,-3046,13660,2880
5415,-1488,363,-1686,16248,4012
4678,-1504,-2294,-1250,15796,4240
4045,-1520,1211,-974,14352,4044
4879,-1488,5352,-1958,15052,3604
3956,-1488,3326,-2978,17104,4084
2391,-1472,427,-3122,15416,3548
1457,-1504,1435,-3722,13544,2596
-174,-1488,3339,-4014,14916,2756
-2428,-1504,1109,-3618,16968,2364
-3032,-1520,-1054,-3986,15080,1584
0
-618,-1504,-4626,12814,-19400,-4692
21378,-1472,-30035,31817,32467,6420
-6561,-1520,-13590,31817,10380,11444
7814,-1504,20042,31817,32467,1908
5138,-1488,21010,23222,9400,15264
-5964,-1472,9542,31817,4700,15244
-5806,-1472,12875,26130,2172,14588
-1389,-1456,13941,16386,7408,9680
1866,-1504,12359,1650,8480,6824
3039,-1488,4520,-1962,18244,6440
4076,-1504,2737,-9278,19604,3592
6919,-1488,4702,-15766,19292,1380
7971,-1440,205,-21014,20264,-432
5903,-1456,6680,-25818,15232,-3792
943,-1504,8659,-30410,19540,-2268
2521,-1456,-3786,-24386,16208,-3792
4405,-1504,3341,-17918,11604,-692
-6961,-1472,5608,-17934,15836,11976
-8285,-1488,-4068,-2514,16596,4984
3818,-1536,-4803,-1322,14044,3204
4793,-1488,644,-2778,14720,4040
1491,-1504,4635,-1410,17420,1912
1643,-1488,-2456,450,17708,760
1592,-1472,-4041,-1170,14748,1340
-1221,-1488,4380,-3474,13820,1516
-4057,-1472,7602,-3186,16260,928
-3852,-1488,-98,-2606,18476,744
-3876,-1488,-5895,-3386,17884,2344
-4459,-1472,-3868,-3286,16844,2500
-3883,-1472,-1102,-3062,16052,2668
-3063,-1504,-790,-2974,16364,2644
-2001,-1456,-1779,-3274,16072,2636
0
-15300,-1504,3629,17770,-16928,-6920
-4649,-1488,10370,31817,19696,16200
-12394,-1472,-9066,31817,32467,21040
12293,-1472,31323,30894,32467,5976
1967,-1472,4610,24574,32467,11232
-4499,-1472,-8096,31817,13656,9548
-530,-1488,-7512,30314,-3940,8480
-910,-1440,6585,6050,8460,10496
-2048,-1440,3037,-3422,16400,10608
-4576,-1472,4428,-14482,16740,13232
-5347,-1504,12949,-23494,24148,11136
1523,-1456,2759,-25470,22180,7108
3815,-1472,12547,-31818,9468,4656
2864,-1472,21187,-27186,6532,1400
7002,-1472,7551,-22874,6364,-2092
9054,-1472,3362,-19478,7800,-1712
5196,-1488,2718,-15034,15872,-1264
2502,-1472,-1567,-9342,20348,-516
1127,-1456,91,-6558,19660,1956
159,-1472,-302,-3758,17048,3720
-1145,-1472,675,-2002,14220,4600
-2643,-1488,128,-3062,13692,4544
-4128,-1472,-1915,-4642,13868,3128
-4486,-1472,-1404,-4982,13412,1828
-3019,-1472,-429,-4590,15224,1556
-2610,-1472,-1079,-5374,17024,1944
-3343,-1456,-1581,-5018,16332,1756
-3582,-1472,-580,-4538,16972,2084
-3791,-1472,857,-4062,16844,1848
-3207,-1488,1695,-3446,16264,1956
-2541,-1472,2620,-3662,15628,1944
-2455,-1488,1582,-4014,15996,2244
0
-23049,-1456,-30470,5158,-4016,560
4923,-1472,22902,31817,-9572,-296
-12212,-1440,-16502,31817,32467,32767
21468,-1456,-32599,16498,32467,-28824
-2607,-1472,-32598,4082,32467,14652
-2999,-1424,-32598,31817,-4596,3508
5853,-1440,-11934,23014,4824,13452
1934,-1472,-15554,15294,11584,13140
-37,-1456,-452,6626,4416,9348
-1649,-1472,5338,-8158,11012,10412
-4378,-1456,636,-7654,8852,11988
-6855,-1456,7932,-10670,6836,10532
-5232,-1472,12448,-14426,10260,9772
-345,-1456,14053,-14518,12036,8276
4460,-1472,16408,-15614,13372,6784
7898,-1488,17727,-15354,14696,4724
7959,-1472,20605,-14002,17228,5024
2742,-1472,23092,-15942,18420,4968
501,-1488,19179,-15578,20224,1544
2470,-1472,969,-12290,22240,1320
-49,-1488,-8997,-11334,19096,4276
-4499,-1472,-7395,-8146,17316,4604
-2649,-1440,-3001,-3910,16152,3368
2030,-1456,1538,-3778,15112,4072
2909,-1472,2347,-3850,16736,5164
1262,-1488,-448,-2530,17328,4924
1628,-1472,-1716,-986,16544,3888
3532,-1488,-989,-1282,15460,3308
4122,-1488,167,-1998,15156,3676
2989,-1504,542,-2394,16204,3856
1606,-1456,796,-3234,16016,3376
1099,-1440,-87,-3374,16236,3300
0
-5709,-1456,-3722,31817,-13892,5964
526,-1472,-32598,31817,32467,32767
4302,-1456,3874,31817,22056,13060
1589,-1472,-32599,12098,32467,15692
-10274,-1456,-6901,31817,26508,14248
-10998,-1440,11113,30150,-996,11340
-11042,-1440,23106,11930,7924,11780
-6810,-1472,16064,806,10944,8912
-1836,-1440,15943,-9358,13768,4216
-1839,-1488,11152,-17482,15464,6596
-4268,-1504,10106,-27546,15444,6212
1081,-1456,18066,-25834,17124,4684
6890,-1472,10103,-23646,19268,3748
7486,-1456,3556,-22182,16616,3968
1827,-1488,3552,-20130,15044,3788
1668,-1440,1012,-13530,15236,16
4455,-1456,-1872,-11154,15512,-96
1762,-1472,-4581,-9698,14312,2200
-2669,-1456,-3574,-6414,13740,1824
-2859,-1472,126,-3162,15140,1496
470,-1456,1217,-866,16800,1976
2425,-1472,373,-2186,16556,2864
1968,-1424,1210,-3586,14520,3396
263,-1472,1809,-3534,15472,3816
-454,-1440,1192,-3190,15908,3084
-65,-1440,22,-3574,16176,2744
-211,-1472,-2023,-4182,16340,2616
-1105,-1456,-3629,-4710,15172,2256
-1373,-1472,-2714,-4510,14748,1948
-1018,-1456,-1725,-4754,15040,1820
-948,-1472,-1446,-4626,15564,1908
-693,-1456,-1225,-4634,15564,1764
0
-3512,-1440,-32598,31817,32467,32767
31936,-1456,-32599,31817,32467,-9264
-2337,-1440,-13874,19442,23840,-36
-4759,-1456,-10200,31817,-7672,10228
-10102,-1440,-3133,25246,-6320,13516
-5753,-1488,14318,12142,-3508,6872
1890,-1440,15911,-4078,8768,7164
1292,-1440,14544,-12962,8944,5756
1215,-1488,6891,-25242,12540,7256
4568,-1472,4863,-28986,8872,6904
7317,-1456,8865,-25254,11884,8420
8734,-1440,9430,-22886,12004,5344
8886,-1456,6943,-21530,14512,3336
1828,-1440,11354,-20106,14248,4048
-5681,-1472,7173,-19466,16224,1916
-2826,-1472,-4615,-14122,14168,-864
610,-1472,-6893,-12990,12848,1436
-1300,-1456,205,-12318,11696,3496
-4648,-1440,3326,-10398,14936,5100
-5128,-1456,3295,-7690,15636,4896
-1862,-1440,-763,-5826,17040,4768
1099,-1424,-3120,-5762,16028,4880
1353,-1440,-1035,-6186,14244,4808
1140,-1456,1281,-6422,13028,3728
1190,-1440,1754,-6934,14272,3004
976,-1440,393,-7022,15456,2776
646,-1456,-496,-7486,14868,2460
245,-1440,492,-7182,14460,2736
-130,-1456,1381,-7190,14968,2552
-566,-1440,1265,-7150,15208,2620
-1175,-1440,1017,-6966,15396,2564
-1614,-1456,732,-6798,15560,3084
0
-27053,-1440,-14951,338,-12008,1240
7157,-1424,-5697,31817,-2880,19832
1062,-1424,-9795,31817,32467,32408
8105,-1440,29658,31817,32467,956
-4924,-1424,-19436,31817,-5808,5280
3105,-1440,8296,27570,-26412,3364
1351,-1424,24476,12142,-3828,5428
-2064,-1472,16232,8398,22040,6184
-2301,-1408,4098,2766,27684,7784
-6840,-1424,4765,-17658,23256,8184
-9263,-1440,6107,31818,26624,11168
-5787,-1424,1738,31818,18208,6944
903,-1456,8481,-30962,14824,4756
6125,-1440,6759,-26226,12536,4552
8419,-1424,6881,-19154,11764,2144
10758,-1440,9103,-12242,12984,-864
11713,-1456,4827,-8142,15036,96
6392,-1424,1792,-6790,17144,1688
2456,-1408,1596,-3262,16436,2668
-384,-1456,1758,-962,18556,3768
-1301,-1440,-2696,-1190,17884,4196
-2112,-1456,-3819,-2846,15468,3312
-1702,-1504,-4137,-3690,14932,2648
-1731,-1424,-3365,-3922,15520,2316
-1042,-1424,-3909,-4530,15620,1684
-208,-1440,-3117,-4386,15416,1484
245,-1456,-941,-4550,15840,1600
-338,-1440,691,-4194,16412,1460
-593,-1440,-654,-3666,16924,904
-858,-1424,-2239,-3846,16080,1112
-1771,-1408,-165,-4146,15028,1512
-2531,-1424,2152,-4086,15572,1588
0
-32558,-1408,-16302,8582,-14972,-1140
2491,-1392,25280,31817,-16864,13916
-15435,-1408,-377,31817,32467,32767
19654,-1408,-32599,31817,32467,-32608
-12511,-1424,-27218,31817,16816,7484
-2218,-1408,-8645,31817,-6840,11892
5268,-1424,610,31817,-5036,9588
1795,-1408,9525,6814,10568,13148
-1166,-1408,4258,-15614,18584,15036
-1755,-1456,7304,31818,23472,9932
-3932,-1440,17459,31818,22852,1380
-4154,-1456,16402,31818,22700,-5496
622,-1408,2786,-30294,11384,-416
-12763,-1392,-3714,-30930,8968,13528
11387,-1392,4110,-5298,6748,-992
18062,-1408,-2090,-7750,24840,2404
9642,-1424,-2628,-6706,19028,2904
4353,-1408,8178,-2542,16868,2128
3453,-1424,8469,-542,19936,2836
3367,-1392,-604,-10,19496,4380
1520,-1440,-3382,10,16480,5372
-405,-1456,-1871,-1714,14380,4048
-2301,-1440,-2104,-4350,12284,3068
-4940,-1424,-4479,-5090,13504,3108
-6034,-1424,-5283,-5446,13156,2544
-5100,-1472,-2235,-4842,13680,2248
-5005,-1424,-37,-4590,16320,3324
-5326,-1440,682,-3830,17324,2936
-4289,-1424,-465,-4522,17248,2816
-4192,-1440,188,-5334,16528,3100
-4761,-1440,2635,-6162,16160,3452
-4968,-1392,3155,-5486,17592,3508
0
-10700,-1408,15023,31817,17220,31848
-10693,-1424,-32598,31817,32467,32767
-32559,-1408,-32599,31817,32468,-32768
-32558,-1392,5242,-4198,32467,1064
-764,-1440,-32598,31817,-12192,3208
-1775,-1408,-10291,15162,-13348,11324
-11691,-1392,-32599,11450,284,6444
-4335,-1376,8167,6698,26800,5672
-27,-1392,-1206,1586,12516,9384
-2906,-1408,14160,-13606,16152,8848
575,-1408,5791,-20642,21764,6704
9953,-1392,-4211,-23806,17496,7108
10438,-1408,9640,-30814,5652,8172
13967,-1424,22445,-27358,12484,-2832
21870,-1408,-1828,-22350,15392,-5956
12269,-1424,-5173,-21614,10540,-1056
895,-1408,5089,-15550,14928,-2548
1033,-1376,1136,-8834,17448,-3072
2774,-1392,1359,-7482,16956,-248
-677,-1408,3724,-5042,17620,3336
-5363,-1392,4371,-2650,17780,3944
-5431,-1408,1425,-1150,17360,2816
-3297,-1392,-4637,-1422,19156,3116
-5176,-1440,-7348,-3238,17904,4072
-7477,-1392,-4828,-3558,16732,3332
-6810,-1392,-2266,-3490,16672,2616
-5205,-1408,-1923,-3694,15928,2312
-4222,-1392,-2820,-3674,15956,2352
-3425,-1408,-2385,-3582,15360,1980
-2106,-1424,-1367,-3302,15528,1964
-1963,-1424,-866,-3694,15532,2284
-2066,-1376,-593,-3642,15740,2404
0
-9282,-1376,17933,19202,-16044,-15616
8789,-1408,21955,31817,19596,9540
-24908,-1392,-12646,31817,32467,23536
13483,-1376,-32599,9418,32467,2176
-9449,-1392,-29835,30750,16472,4828
-4996,-1376,-13092,28858,-9232,11188
-4559,-1424,4306,10126,-1032,13432
220,-1392,2523,2534,19480,10108
1362,-1408,334,-10786,16772,10400
-525,-1424,-3840,-10258,9492,9328
385,-1408,9452,-9106,9904,6936
2627,-1424,8948,-9654,14816,7080
5019,-1408,5901,-8518,16632,5392
6298,-1392,8448,-10346,16364,3992
5368,-1408,10814,-11006,16112,2596
4851,-1376,5629,-9990,19984,2876
1905,-1392,-2035,-10570,18148,3164
2267,-1408,7214,-8370,14420,508
4315,-1392,13569,-8562,17840,2168
2940,-1408,6263,-9638,18656,2504
1853,-1392,4557,-9198,14492,1604
2230,-1392,3185,-8246,14336,1316
1515,-1376,-2416,-7046,14964,2796
-1695,-1392,-1598,-6102,14312,3816
-3314,-1408,2349,-4326,14564,2696
-2075,-1392,2823,-2890,17428,2160
-1964,-1392,351,-3362,17696,2552
-3469,-1376,-995,-3498,14844,2164
-3824,-1392,-92,-3374,15832,1304
-3283,-1408,-1679,-3346,16204,1208
0
-17882,-1376,-1769,-1378,-13236,-5492
5143,-1376,11902,31817,656,-4060
-481,-1392,-22300,31817,32467,27472
-24291,-1376,-26275,31817,32467,5120
21183,-1360,-32599,16262,3392,13996
-6413,-1408,-32598,28682,17648,5380
6201,-1424,-21298,31817,3720,8628
6700,-1376,-9502,23530,1952,9012
4426,-1424,9122,1414,5852,8692
7944,-1424,2463,-6494,17952,8304
7994,-1392,2362,-8282,9384,7984
690,-1392,8642,-20082,6564,8664
-5208,-1408,6283,-23774,13536,7428
-5167,-1408,4901,-25510,11616,5160
-3332,-1440,11889,-21842,11856,6108
-1009,-1424,17254,-19322,14048,4740
2065,-1408,13598,-17710,16680,3612
2357,-1392,3629,-16578,15752,3984
85,-1376,-106,-13838,14112,4864
-1667,-1376,3379,-10194,13996,4500
-369,-1424,6489,-5986,15520,3732
3608,-1376,4340,-1414,19260,3168
6645,-1424,1563,-450,16340,3388
4086,-1408,3175,-4398,14204,7236
-1532,-1424,3583,-4554,14676,8440
385,-1376,1569,-2858,14772,4152
3576,-1408,-2295,-5378,15968,3684
794,-1424,-2513,-6594,15876,3868
-2936,-1408,-2746,-5714,16968,2688
-4001,-1392,-3901,-4606,16304,1960
-3819,-1408,-2540,-4562,15276,2108
-4152,-1360,-157,-4354,16224,3032
0
-15542,-1408,1148,-12786,-15632,8272
-17896,-1392,7698,25710,-11968,-5628
4381,-1392,9133,31817,24972,9636
-9500,-1408,15234,31817,32467,15080
6802,-1392,-13430,-1846,32467,-8608
-2925,-1408,-22175,31817,25848,2936
-1781,-1392,-9251,24338,10364,3012
1761,-1376,-1512,18442,4988,3700
4872,-1392,1105,1930,11796,7156
5361,-1360,5392,-7690,9076,8300
5882,-1408,3765,-7850,10080,7760
4709,-1392,9774,-13702,7212,7320
1297,-1376,8271,-17882,9832,8276
-145,-1408,4255,-17486,12840,7060
3046,-1408,10680,-17006,9680,3916
6143,-1392,16592,-15446,13372,5040
4053,-1408,10740,-14034,18004,6920
-920,-1392,-610,-12122,17208,6536
-2215,-1408,-41,-10286,14156,4876
-2360,-1392,3272,-9842,14180,4624
-5016,-1408,1394,-8714,17616,5172
-7296,-1392,-4762,-7550,16680,4500
-7046,-1408,-5670,-5646,14664,4236
-4663,-1360,-1689,-3110,15724,4428
-2278,-1408,2029,-3170,15312,5064
-1538,-1408,2913,-3906,16076,5284
-1644,-1392,1202,-3470,16816,5372
-1147,-1408,-901,-3550,16088,4996
-458,-1392,-368,-3806,15624,5104
2,-1376,1436,-3358,15764,4856
376,-1392,1912,-2998,15736,4560
409,-1408,1690,-2942,16524,4636
0
6141,-1392,2784,2062,32467,-4412
-3527,-1408,-21638,30470,24140,9068
-4651,-1392,-5913,31817,15832,13164
30,-1376,10714,31817,11296,5984
4409,-1392,3230,14662,13768,8260
-1908,-1376,663,-7670,4660,10052
-10521,-1360,6568,-16778,-836,11716
-16349,-1408,13489,-22818,2612,14168
-16851,-1408,10486,-26426,4056,16980
-5697,-1392,9772,-23174,3792,13004
6668,-1376,22729,-24598,116,8764
15836,-1392,31292,-22342,11992,2372
18894,-1376,10008,-21370,17368,2452
11853,-1392,-9030,-17766,13292,4040
5056,-1408,-2330,-11526,13084,1932
3537,-1392,1121,-8086,20116,2028
1067,-1408,-6280,-6710,18432,4008
-622,-1392,-9804,-5298,15524,3852
1272,-1376,-3505,-3146,14216,3248
2156,-1392,2708,-3214,14668,4416
311,-1376,3306,-4382,14984,4504
-964,-1376,-788,-4818,15500,3972
-1685,-1392,-2077,-5834,13912,3872
-2765,-1376,-154,-6482,14520,4400
-3397,-1360,147,-6194,15440,4212
-2648,-1408,-635,-5546,16140,4112
-1861,-1424,-696,-5646,16648,4504
-1991,-1440,-271,-5874,16004,4568
-2063,-1424,198,-5426,15052,4216
-997,-1392,893,-4794,14436,3836
-51,-1408,418,-5078,15688,4268
-56,-1440,-232,-4934,15312,4388
0
