-29439,-1392,-32598,20002,32467,-376
-32558,-1408,-32598,18942,32467,2544
-14251,-1392,-32598,31817,32467,9276
32074,-1424,-26987,31817,32467,9032
-32559,-1440,25070,31817,32467,-1024
20545,-1424,-3916,31817,31924,-5832
-825,-1408,-29235,31817,-26228,-24672
-643,-1376,-27643,24114,32468,-2332
-10434,-1424,8050,-12610,-26780,2484
-13910,-1408,25073,-9226,-52,5764
-7257,-1424,23639,1274,12072,2252
-1279,-1424,23133,-16834,26408,12084
-6978,-1408,7214,-9566,12984,18596
-12271,-1392,1036,-2330,5344,13888
-4336,-1440,3437,2534,868,5972
7397,-1408,14120,2214,-656,2660
13813,-1424,21644,1822,1596,3036
12236,-1408,15168,3674,6960,6484
4663,-1392,-5839,8230,18440,11916
-992,-1408,-18488,10174,-780,3252
17546,-1440,-969,20778,-15400,-13084
29863,-1424,23375,23902,9836,-1296
145,-1408,19943,31817,32467,6036
-19072,-1424,-32599,31817,24308,-11044
-6980,-1424,27558,26314,27704,784
-9348,-1408,-32599,31650,29224,1636
-1752,-1392,13229,24686,32288,-2596
1564,-1408,-1914,14002,22448,-2168
536,-1408,-1231,15734,11380,1964
-1542,-1424,9398,17482,4944,-96
-2151,-1440,18912,14326,6428,3240
-8199,-1424,20414,13974,8516,4916
1
5072,-1440,28875,2710,15652,5496
-2785,-1424,-32599,-17034,22468,5388
-714,-1424,2234,-4742,25052,12672
6946,-1408,522,-5690,9472,10604
8073,-1424,9965,-6470,7924,15252
3444,-1424,11083,-8406,11568,13140
3774,-1440,3837,-6738,11764,9752
5915,-1392,-3097,-3926,10888,11100
5922,-1408,-7480,-2574,6276,11884
6186,-1408,-7680,-1758,3484,10636
7603,-1392,-1897,-490,1628,7100
11708,-1392,10457,62,4064,4148
13585,-1408,-32599,-230,7756,1612
12383,-1424,13107,-1774,32467,2968
9479,-1408,-17369,-5430,22212,8932
6087,-1440,-5832,-3374,10020,8092
4503,-1424,13650,-710,10492,8608
6834,-1408,6784,3702,8304,3112
17138,-1408,-1590,4802,10940,552
15024,-1424,18858,5534,11120,4504
8465,-1408,20159,6730,10284,3284
10344,-1424,4076,12830,18180,-444
12340,-1424,4111,16634,18924,2124
8512,-1408,14657,12250,14068,4172
2016,-1424,13121,17826,19640,5548
-3480,-1408,12041,20494,19836,4168
-4796,-1408,9526,18030,18172,3244
-4388,-1424,5867,18190,15000,2416
-5594,-1424,3921,16982,10220,3888
-6068,-1408,323,16126,8088,3244
-4302,-1456,4245,17422,9080,2052
-431,-1408,8566,16402,8944,2072
1
-32558,-1424,-32598,31817,32468,-472
-12171,-1408,-24256,29946,32468,-5228
-8287,-1392,-5408,2050,-18516,-5552
-7793,-1456,17627,-8258,-4020,1472
-7638,-1408,18600,-886,14588,4876
-4992,-1456,7261,-5298,17836,12696
-2984,-1440,6678,-7610,10584,16572
5461,-1440,7882,-574,5720,18788
11082,-1392,9998,434,2148,17940
11946,-1408,8017,2982,3324,10736
15026,-1408,6476,2390,6036,5284
16698,-1392,3124,-1230,8572,3632
18881,-1424,4304,1122,6768,-196
21622,-1440,8978,2334,14752,-108
14650,-1424,6689,226,13228,1524
19730,-1408,7494,5978,14256,-4840
22432,-1408,8762,4442,25876,1836
14785,-1424,4854,1658,19812,4400
16220,-1440,6260,10530,19596,-1272
15677,-1376,7020,11294,24816,4696
6868,-1424,2671,8306,20212,4268
3411,-1408,5387,13182,16932,1424
3553,-1408,5951,17582,21844,60
850,-1392,-357,16294,16772,2644
-2196,-1424,-5430,16806,9960,2232
-6013,-1440,4015,19762,3664,1780
-6151,-1392,16021,20010,8012,2300
-4612,-1408,19020,20190,10092,820
506,-1440,16582,18750,5884,-576
3383,-1424,13069,17514,7612,2216
2068,-1408,6229,15866,10632,3088
834,-1440,-2618,15726,9144,2412
1
-2254,-1392,-29291,31817,-6008,-32768
-26823,-1424,-11965,31817,32468,-15328
-12575,-1440,5818,14258,-20352,-1280
-8991,-1424,16669,12762,-20364,10280
-3250,-1408,16068,1342,1236,10384
3040,-1408,8574,-3162,11068,9876
4611,-1392,10408,-11098,7884,13760
1118,-1440,13493,-7418,8760,17332
2281,-1408,8688,-734,9704,11596
12170,-1456,-3670,530,9680,8720
15195,-1424,-2675,-3374,5744,9412
16150,-1408,-5380,-4874,15432,6444
17838,-1424,-20340,-7926,9576,6624
17253,-1440,-1084,-4778,5584,7704
15145,-1392,20663,-3546,6988,7808
11230,-1424,21723,-1618,10084,6976
9413,-1440,14042,1334,13888,4520
13668,-1424,4647,4050,4016,-140
20665,-1424,11271,5322,14132,2604
13490,-1408,14496,7622,24436,7940
10049,-1424,3033,7462,14884,4060
13459,-1424,27037,10430,24576,2024
18735,-1440,-32599,14642,24344,-672
23274,-1424,14238,10042,15764,-1528
19101,-1424,2605,9642,15168,2632
6079,-1440,-1473,13458,15436,4056
-3301,-1424,-1190,14498,10964,1884
-5389,-1456,-2100,18018,9644,352
-4681,-1408,-5248,19986,10436,408
-6057,-1408,-8948,20522,9192,3192
-9068,-1424,-10647,20874,4928,1432
-3210,-1440,-2694,22502,4536,-2416
1
-14840,-1424,-32598,21818,32467,-15264
-32558,-1440,-17443,14490,32467,-8400
-32558,-1408,-29165,19250,32467,-29500
-32558,-1424,-32598,31817,32467,-22364
-32558,-1376,-9457,31817,32467,-20512
-30796,-1440,-8443,31817,32467,-21624
-32558,-1424,-26081,31817,-18164,16776
-12481,-1424,-13042,31817,32468,15380
-8565,-1440,-5197,342,-29656,1192
-9834,-1456,16468,-2406,-5340,864
-6150,-1408,14350,-802,16108,1448
-4818,-1440,8682,-17758,16384,8332
-4438,-1424,8240,-4782,7696,15936
16209,-1440,16504,3738,3256,11764
17709,-1424,13642,-5562,14168,14080
13711,-1424,-1004,-4286,11048,9724
15003,-1408,-7970,-2874,7812,3856
14150,-1424,-8443,-2822,12168,1564
10168,-1456,-9887,-4450,9588,4300
10601,-1440,-524,398,6048,-376
18363,-1424,2075,3298,15268,860
14195,-1424,6233,718,8248,2852
14599,-1440,19796,6714,10720,664
23904,-1424,13182,11894,27768,1092
15424,-1456,-1118,5990,16228,5364
12410,-1440,9729,12166,19204,2840
11840,-1456,16781,18974,30828,2988
12320,-1440,15384,13474,23636,3032
12787,-1424,12591,13402,12432,908
12561,-1424,17991,16462,8628,-388
10039,-1440,18152,18202,13248,1988
2882,-1456,11927,16406,15232,4212
1
-1148,-1424,-32598,946,32467,3724
-11412,-1424,-32598,24934,32467,-14800
-11751,-1440,1974,31817,32467,-24720
-25031,-1456,-15398,31817,32467,-23548
-32558,-1424,-19340,31817,9540,-20308
-23346,-1440,-20394,31817,32652,-14348
-20274,-1424,-9014,27974,-25664,-2184
-18018,-1456,-2423,10506,-22376,9188
-9892,-1440,7563,-1674,-9584,10192
-1702,-1408,16153,-2534,2492,10840
760,-1456,13137,-8178,13372,12728
3007,-1440,6270,-9222,14684,11052
4703,-1408,3888,-11394,12500,11420
3229,-1424,347,-8746,10704,12936
-138,-1424,-3697,-5466,7520,13680
-343,-1440,-3573,-3030,2100,10968
5440,-1424,-107,-598,1016,8044
9025,-1456,3062,-902,3568,8024
8889,-1408,5912,-746,1976,5640
13388,-1456,12256,682,3576,2044
15268,-1424,20134,1206,4696,3040
21382,-1424,13604,4518,18772,-5304
23506,-1408,4205,-1330,20028,5624
16520,-1424,11338,-2082,18396,5452
9074,-1408,-2538,2522,28972,3464
10887,-1440,-141,2614,15464,3532
15253,-1424,19862,4698,14156,4608
15400,-1408,16515,9006,19096,3424
15990,-1472,2094,11522,20456,3024
12876,-1456,2231,9378,14992,2880
10228,-1440,10493,16230,14400,456
10968,-1440,1475,19834,23548,-300
1
-13052,-1440,1999,-4166,-14940,7228
-9748,-1408,7446,-930,-8800,8008
-3014,-1424,7171,-12954,15336,15500
3780,-1440,3142,-4534,8216,16272
8814,-1440,4105,-7042,6360,18572
5641,-1456,-2253,-7634,8756,13860
6070,-1456,-6192,-6418,4452,9628
5515,-1472,867,-10466,5056,9884
1182,-1424,1141,-10414,13856,9956
2087,-1424,-17332,-5866,17052,9212
2538,-1408,-13170,-4758,5324,11272
787,-1424,7332,-4130,3084,12104
1374,-1440,14974,-1298,1488,7160
12307,-1456,9966,958,6788,4624
15574,-1424,14655,-1006,5776,5164
28528,-1408,12990,1994,6156,-3776
26401,-1456,11859,-1774,20380,9296
10848,-1456,3924,-2326,17436,5364
16081,-1440,-3924,3770,12564,308
16169,-1424,5602,2778,14556,6952
6196,-1440,9232,4618,16736,6172
5245,-1440,6220,10798,13472,372
5435,-1456,7403,13694,14836,2672
-2587,-1456,10658,20822,19544,1612
-7576,-1408,12146,27674,20820,-852
-2086,-1424,12796,26818,29232,-6104
-6299,-1456,15316,22358,23332,5680
-9165,-1440,6562,20594,14860,3880
-6267,-1440,-3088,17674,7240,1504
1728,-1456,-6914,18530,6708,688
1
-32558,-1440,-8173,27938,32467,-32688
-32558,-1456,-28774,31502,32467,-32768
-32558,-1424,-32598,31817,32467,-32768
-32558,-1440,-29854,31817,32467,-32768
-32558,-1424,-16931,31817,5372,-4080
-7494,-1456,-31523,31817,32468,-6440
-6680,-1440,-15319,1342,32468,17528
5567,-1456,-32599,-1446,10192,-5676
-26394,-1440,-32599,-31594,32467,-1820
3832,-1472,-32598,-25658,32467,20336
-9248,-1456,13205,-10254,48,11028
-3369,-1424,9741,-4030,12848,14988
-2606,-1472,2145,-8058,8012,11504
-3543,-1456,2203,-9126,11080,9764
-2161,-1440,-236,-7982,11600,9980
-1399,-1456,-3944,-10882,12448,10724
210,-1456,-3747,-8286,8684,9196
1854,-1440,1152,-7830,6808,9244
2609,-1424,135,-8546,9372,10192
221,-1456,-3451,-6874,7568,9828
-1197,-1440,-3282,-3666,3532,7720
6954,-1456,-5332,1590,3128,7928
7475,-1424,-1391,2806,2540,7800
3937,-1424,777,270,2944,2180
2287,-1424,-7243,4770,4824,452
1325,-1424,-10000,9606,3364,2168
-2267,-1440,2924,10242,-3360,2336
-13821,-1440,23710,16338,-920,-2020
-18392,-1456,-32599,31817,20556,-4132
-10902,-1440,-32599,22778,21236,-1596
6614,-1472,24171,31817,32467,-5436
1
-5714,-1440,-4371,31817,32467,-4668
-32558,-1456,-32598,31817,32467,-10168
-18247,-1456,-32598,31817,32467,-32116
6523,-1440,-32598,31817,25940,-32768
7015,-1440,-26766,31817,8764,-32768
-32176,-1456,-32598,31817,32468,-10984
4087,-1424,-9367,19198,32468,13116
4951,-1440,21385,-5230,-2024,10940
1113,-1456,31489,-2954,26720,1988
-5405,-1424,15222,-22974,30956,-25528
-5020,-1440,-1432,-9358,9332,9852
-2432,-1456,3571,-6330,12664,9948
519,-1488,-3337,-6486,8604,10012
956,-1440,2393,-9206,9308,9524
-273,-1424,-2597,-9298,12908,9388
495,-1456,-7461,-8454,8072,11024
932,-1472,-1042,-7762,5188,10364
2431,-1456,3175,-7150,5688,8520
6236,-1456,2452,-4630,6824,8220
6921,-1472,222,-1862,6288,8844
9044,-1424,-1327,450,5744,5728
14660,-1456,-4373,2666,5484,3616
17772,-1440,-5970,4658,6736,3172
14945,-1456,1769,6342,2224,2736
15485,-1424,13267,11878,1488,-1748
21231,-1440,19907,14638,2368,-3972
13180,-1456,-32599,16746,-796,920
6570,-1424,32759,24570,4476,-11896
9721,-1440,26943,31817,14832,-21932
6348,-1456,-32599,31817,18608,-21784
12602,-1456,-32599,31817,30912,-24224
8403,-1472,25341,31817,32467,-16520
1
-32558,-1408,-32563,31817,32467,-30864
-32558,-1408,-32598,31817,25800,-29948
-32558,-1392,-25055,31817,-21092,-13060
-28496,-1408,-32598,31230,-32292,-4832
-32558,-1408,-12211,3178,-27560,4508
-14557,-1456,20391,2006,-6648,-4928
-5582,-1408,-1493,1770,12984,4088
5888,-1424,2695,-2114,13292,10848
4347,-1408,1406,-3722,12808,12452
3196,-1392,5987,-1862,11068,10548
5830,-1408,7216,-982,9196,10824
9256,-1408,6322,366,7472,8380
12383,-1392,6796,502,6284,6240
15013,-1408,6670,1090,6052,3736
17185,-1440,6607,2042,7208,2128
15906,-1392,9497,3858,6360,1836
15008,-1408,6372,6982,11928,764
15718,-1408,8585,9858,13568,-848
16035,-1424,19684,14830,25640,1948
11933,-1440,21727,13410,18312,2480
15068,-1424,19235,11242,13624,-2080
15530,-1424,25753,11246,14408,2664
1691,-1408,24275,13974,26232,3136
-4305,-1424,12949,13982,19068,68
-463,-1392,8041,15270,9992,-3184
-1308,-1440,10085,22742,14384,-3316
-1466,-1392,11907,19518,13372,-2480
-2272,-1424,12525,19582,11560,-2668
-1457,-1408,10842,18442,10348,-1804
-596,-1392,7708,17730,8788,-2152
1
-8045,-1392,-14499,3882,-29972,-2212
-2716,-1440,6281,5134,2992,-3976
-2939,-1392,4015,-10778,23960,160
190,-1424,1984,-12794,8016,8656
2881,-1376,2773,-9418,14872,11300
-245,-1408,-1515,-11646,8588,13064
-1694,-1424,-740,-8930,7468,13480
1017,-1408,-1705,-6262,6820,13664
3203,-1408,-2027,-5378,5984,13736
3700,-1424,-3548,-4222,4824,10268
6450,-1424,-1512,-2726,2544,7764
7616,-1408,3020,-2450,3608,7332
11122,-1392,1659,-4074,6456,5356
20477,-1424,-3166,-2146,7940,2548
16803,-1376,-3747,-5450,9684,6264
17290,-1424,-10197,-2454,12272,3344
12473,-1424,-3647,-4278,10524,9108
4853,-1424,13449,-766,15016,8512
4764,-1392,6084,2294,18336,6312
6727,-1424,1856,3546,12464,5996
7346,-1408,7881,7566,13276,4928
5780,-1408,9819,11370,23376,3028
9135,-1392,6410,9810,17476,2488
12688,-1408,-148,15034,23096,-336
9491,-1408,6482,10762,18252,4032
2417,-1392,26026,14742,18464,5104
1065,-1408,23338,18678,23740,4908
1434,-1424,7911,14410,24072,7084
-78,-1392,3069,13086,17236,3932
-4765,-1392,4589,16022,6560,1024
1
-32558,-1392,-32598,12690,32467,-18300
-32558,-1392,-4005,24070,32467,-5136
-32558,-1408,-28886,31817,32467,-12936
-32558,-1424,-32598,31817,-15472,-32768
-32315,-1392,-30208,22786,32468,-4888
-23252,-1408,-4680,8298,-20312,-5424
-18382,-1424,4565,7902,-8212,1056
-8520,-1360,12218,3902,10636,5708
1044,-1376,12188,-4222,17940,11516
1821,-1376,6405,-5470,18200,16116
5184,-1424,-1461,-4490,8052,16308
6475,-1360,-2671,-6038,7276,16828
4583,-1376,542,-6838,6464,15628
6148,-1424,217,-8190,7972,14140
4772,-1376,-1633,-9682,7088,13832
3030,-1408,-1078,-6814,5376,12164
4039,-1424,2687,-6726,3240,11280
6307,-1440,3196,-5354,6552,11384
7690,-1408,-36,-5038,7256,10504
8513,-1424,32,-4506,5288,8740
10547,-1376,3302,-4198,4512,6668
13285,-1408,19498,-4998,1944,3332
12063,-1424,24643,-4514,13520,7256
12228,-1424,6028,-3494,13784,7008
11956,-1408,6052,-2630,10980,5588
11155,-1392,7396,-1702,15248,5308
12715,-1392,8142,-1306,14740,4784
9747,-1408,6507,-826,21248,5284
6444,-1376,-14210,218,19280,4528
4856,-1424,-12117,698,10468,4616
1
-32558,-1424,-12379,31817,3444,-12872
-27002,-1408,-32598,31817,32468,-984
-11094,-1408,-13129,17802,-31772,1412
-6354,-1392,1289,2774,-11988,4996
-1629,-1408,-5161,1082,7764,-48
8472,-1408,12124,-8362,8260,4220
4247,-1424,10918,-11574,18220,11884
-436,-1408,-9181,-11454,11512,12996
2131,-1376,586,-9154,76,17144
3011,-1392,2757,-7954,8152,17140
997,-1376,-3773,-10450,8944,14448
2086,-1424,-2543,-10242,5636,11768
4334,-1424,4370,-9322,5920,12064
1510,-1408,-2461,-7930,7796,10828
625,-1392,-5587,-6502,4532,11340
5802,-1424,-8176,-3862,3524,10344
6990,-1408,-7310,-4882,4812,12020
3786,-1424,-13055,-5974,6300,11056
4670,-1424,-17218,-4158,1964,6832
7974,-1376,4028,-3538,432,8448
6039,-1392,25344,-3130,7752,8624
2860,-1408,17109,-290,13088,6976
4317,-1408,-2925,1690,20576,5272
2490,-1424,-6195,-1226,12232,6644
786,-1440,-225,2202,10752,5832
-314,-1424,1245,5530,16264,6528
-345,-1424,8410,4678,9964,6160
-2098,-1376,15174,8418,18464,9252
-3427,-1392,7638,15262,24256,8544
-2579,-1392,2180,12590,16872,7764
1030,-1408,13525,12690,7728,7008
1952,-1424,22944,14822,11552,7056
1
-32558,-1424,-31335,31817,-29924,27688
-16414,-1392,-32598,31817,32468,26980
3746,-1376,-824,8590,-31848,14152
5608,-1424,3889,-8922,4752,-1420
-10846,-1392,8710,-28814,25408,-2580
-4478,-1408,4834,-8742,17964,10712
2571,-1408,860,-8230,13752,18008
4416,-1392,-4405,-8686,9500,13552
1613,-1408,-1872,-13562,10056,10204
328,-1392,-2771,-12166,11468,8324
-1495,-1424,-6411,-10830,11068,9080
-725,-1408,-3028,-10406,8100,9228
1921,-1392,3275,-8366,8256,10428
2928,-1392,-4370,-7170,8440,10832
1279,-1376,-9608,-6162,6644,8900
-1489,-1424,-8679,-5334,4688,6300
4694,-1392,-8519,-2362,4228,6672
7317,-1408,-6065,-2698,9092,8788
2506,-1424,-644,-3838,9432,9428
5695,-1376,-5552,-1346,15544,2520
11695,-1376,-3398,-3310,10440,3796
13922,-1392,4658,-2002,-520,6820
6558,-1408,7853,154,8024,11764
-6159,-1424,2064,5570,17540,11772
-10114,-1424,-6069,6198,-1528,2676
-3876,-1408,7525,11302,9956,7160
-11605,-1424,29158,16674,15512,10388
-5531,-1392,18788,19374,23532,-4664
12335,-1408,4431,15342,24760,4368
8922,-1392,9237,12878,17504,3944
4206,-1456,13481,12318,21692,4124
-5502,-1408,-5036,9782,20332,7048
1
-1660,-1408,9389,-946,32467,-10056
-32558,-1408,12202,11354,32467,-15304
-32558,-1360,3430,31817,32467,-9616
-32558,-1376,-22268,31817,32467,-13360
-32558,-1424,-19655,31817,-1276,-6756
-26740,-1392,-32598,31817,32468,9556
-27505,-1408,4522,-5978,-18492,884
-16069,-1392,9710,12898,-4992,1768
411,-1392,-1406,3422,4484,5640
3625,-1376,15298,-12246,10544,5584
1116,-1392,7778,-18474,19952,10704
-373,-1424,-8149,-13822,10860,11884
908,-1376,4636,-12494,7240,12456
103,-1424,-2128,-11802,12032,10748
-1443,-1376,-4587,-13586,5896,8632
-3202,-1408,163,-11898,5828,8560
-2595,-1392,563,-10426,5992,9896
-1287,-1408,1672,-9466,5984,10304
-977,-1408,857,-7890,6072,10456
-269,-1392,117,-7030,4672,9860
843,-1408,304,-5410,2472,7616
6581,-1392,3060,-3330,4636,5600
6645,-1392,8156,-4538,8364,7584
9042,-1392,1406,-1622,14160,4180
11975,-1376,-11495,-3070,16976,5768
8802,-1424,5048,-4014,12312,5972
11672,-1408,14748,-3458,15724,5164
14786,-1376,15389,-3658,16272,3896
14770,-1392,19514,-5026,16620,7156
9221,-1408,10436,-2834,20812,4256
13915,-1392,-8760,-2510,17060,4068
13412,-1424,-2775,-1878,8948,4500
1
-20374,-1392,-32598,12382,32467,-11004
-25653,-1408,-32598,21790,32467,-21676
-29230,-1376,-32598,31817,32467,-27916
-9373,-1392,-32598,31817,32467,-25484
3341,-1376,-14209,31817,32467,-20716
2742,-1408,-23386,31817,27720,-32768
-26058,-1392,-28008,31817,-30484,-17132
-7538,-1376,-32598,31817,32468,616
-2972,-1376,6419,5138,32468,7096
-7004,-1392,20226,-1334,-576,13024
-3602,-1408,11067,-3598,19628,10452
3783,-1392,1701,-21270,16020,13192
-2735,-1392,3758,-10482,13984,19016
-4759,-1408,-7248,-8678,9972,16144
1194,-1392,-3907,-6822,2424,15056
2757,-1408,4395,-7234,5020,14696
-551,-1408,-3269,-8766,7640,13364
-367,-1392,-9165,-7154,4488,11404
3083,-1392,-1305,-5054,1340,13000
1455,-1408,4399,-6402,6452,13760
-120,-1392,1376,-5310,7236,12632
1210,-1392,-419,-2650,5304,10536
4996,-1376,-1013,-1406,3868,9972
7407,-1392,2770,-514,800,8268
20900,-1408,4676,2558,-2920,3412
32500,-1408,4375,1014,2700,9336
13700,-1392,80,-8770,15756,9756
7624,-1408,10776,-3898,11088,3856
9377,-1392,20048,-3450,18964,6608
5822,-1392,10436,-3718,19640,7096
5228,-1376,9058,-1422,19336,5704
5146,-1392,8584,-106,15552,5932
1
-32440,-1424,-19264,31817,32467,-24576
-27661,-1408,-32598,31817,-7100,-25908
6092,-1392,-3789,31817,32468,20764
-10108,-1376,12448,8094,-19920,4900
-12574,-1392,12273,-4450,-16180,8568
-3490,-1392,26331,-446,12920,7272
851,-1392,20531,-17098,29192,8760
1314,-1408,3039,-13014,18160,15332
1497,-1392,-2163,-7566,8816,15704
3281,-1392,-3204,-7290,4732,16188
3575,-1408,-950,-10050,7044,13544
1729,-1392,-1505,-10174,9448,11272
410,-1360,-3107,-11938,10276,9728
1022,-1344,-3581,-10474,9852,11148
921,-1392,-2480,-9758,7132,11456
85,-1376,-1130,-8974,6480,10808
731,-1408,-1442,-8418,6376,10912
720,-1392,-3756,-7058,6832,11348
44,-1376,-4010,-5554,5668,10172
3115,-1408,1117,-7446,4568,8228
6543,-1424,3081,-6034,6564,8412
7747,-1392,1211,-5442,7064,7136
7551,-1408,2559,-6678,5588,11004
1934,-1392,2465,-6542,7720,11636
4610,-1392,9198,-990,8436,6068
11384,-1408,12256,-2682,11172,6136
12434,-1392,12103,-6174,14752,7668
12972,-1392,13165,-3818,18508,5940
11669,-1376,3853,-3734,19648,5456
10201,-1392,524,-3246,20740,6216
9816,-1392,-1447,-1546,16972,3796
11011,-1392,2675,-1354,15512,5284
1
-5529,-1360,17860,19894,32467,7252
-10691,-1408,-28278,23530,32467,-16600
641,-1360,-22357,21422,32467,-10112
-13573,-1392,-28387,13230,32467,-14752
-28101,-1408,-32598,14766,32467,-19352
-30343,-1424,-20442,31817,32467,-32768
-32558,-1392,-15613,31817,32467,-32768
-32558,-1376,-32598,31817,27260,-28736
-26846,-1392,-32598,31817,32468,-18124
4361,-1392,-10645,18558,32468,5108
4917,-1408,14072,-3458,-11428,-5772
-9161,-1392,9018,-16806,32467,-284
-4728,-1392,5690,-20910,32212,448
-5900,-1376,10941,-3902,11268,18440
2116,-1392,1221,3642,10432,18520
4968,-1392,3207,-4010,9376,15356
1533,-1408,-4310,-6654,12800,11232
296,-1392,-6545,-9906,9668,9280
528,-1408,-585,-9198,8360,10628
-1148,-1376,-352,-8558,10148,11476
-1924,-1392,-3342,-6074,9176,11676
-587,-1408,-6136,-4606,7124,11496
106,-1440,-4164,-3386,6276,12080
992,-1392,1307,-2294,6092,11156
4473,-1376,774,-1034,8340,8940
9174,-1392,-2950,-2294,8292,8404
9278,-1392,2608,-3630,8200,8216
8668,-1408,6645,-5138,12264,7604
9874,-1392,1371,-6406,13064,8476
8018,-1376,6627,-5666,11464,8440
8833,-1440,12760,-4006,11024,7728
8950,-1392,14014,-3502,9644,8804
1
-8654,-1408,-26156,21882,29452,12052
-21040,-1392,-32598,25846,32467,7828
-19853,-1376,-32598,14358,32467,9060
-5416,-1344,-32598,14166,32467,3320
1328,-1392,-32598,25866,32467,-6128
4228,-1360,-24124,31817,32467,-22060
-6646,-1408,-23640,31817,24032,-23492
-23402,-1360,-32598,31817,32468,-22308
-5968,-1408,-13262,15142,32468,2872
-10132,-1408,11992,3042,-7820,-152
-10231,-1392,15422,162,4680,3832
-6181,-1408,18934,-5642,17108,9724
208,-1392,5743,-12094,19636,15392
-3059,-1392,4596,-7446,10644,16268
1755,-1408,1446,-5546,5776,17048
5400,-1392,3654,-3802,4508,17544
3901,-1392,2135,-8494,11164,15240
4406,-1376,-4135,-9226,10412,11916
3663,-1392,-1370,-9262,9072,12040
3300,-1392,-1150,-8506,8772,10896
2521,-1392,-1925,-8290,7796,9432
2344,-1424,-852,-8226,5840,9676
2505,-1392,1070,-8502,6424,10732
1720,-1408,-283,-7818,7344,10388
3588,-1392,-1196,-5610,6996,10068
7553,-1376,-1475,-4670,9224,10236
8377,-1408,-7433,-5410,10156,11812
6747,-1424,-7804,-4062,7644,11300
6069,-1440,2442,-6106,6396,10520
7379,-1392,9384,-7006,9476,9560
8893,-1392,7713,-6378,13608,8528
7982,-1376,2994,-6630,11968,7508
1
4719,-1376,-32598,31817,32467,-21240
8163,-1392,-11244,31817,7252,-32768
-28515,-1424,-32598,31817,32468,-18860
-6365,-1376,-8755,16774,32468,-8508
-9074,-1392,16875,8370,-16236,400
-13799,-1408,10842,-7786,10396,6296
-6768,-1376,24371,-11310,16840,12652
-722,-1392,11892,-9514,17776,17224
-1389,-1376,3789,-10934,13728,20256
-1989,-1408,-8755,-8318,9176,16080
583,-1392,-5167,-7898,3240,14968
1578,-1408,2812,-8582,6656,13296
-752,-1424,-3545,-8314,8784,10472
-408,-1392,-5850,-8302,5988,10212
671,-1376,1330,-7050,4416,11204
-145,-1392,4220,-7354,7740,12256
0,-1424,940,-6390,7412,12460
2563,-1376,-286,-5430,6496,13504
6185,-1376,-2107,-3126,5900,13840
9440,-1392,-8725,-1674,5860,12648
9149,-1408,-15382,-2006,3824,11200
7043,-1376,-15273,-3846,4296,9432
7190,-1424,-510,-2566,3860,7728
9842,-1424,11749,-2386,7836,7624
8606,-1376,13497,-2862,13544,8748
4911,-1360,7713,-1258,15492,6308
6960,-1392,-1990,-678,12976,5276
8645,-1408,7279,-1210,15804,6864
4480,-1392,12866,1762,18776,8988
4452,-1392,6289,1474,21424,5292
5836,-1376,4291,-890,15848,6784
7274,-1408,10900,2750,20212,6700
1
11991,-1392,-11805,28026,26180,-4728
6111,-1392,-28124,26650,27680,-5288
-14149,-1392,-32598,31817,32467,-6112
-32558,-1408,4974,26238,32467,-13932
-32558,-1392,-32598,31817,32467,-15812
-32558,-1360,-32598,31817,32467,-32768
-26601,-1376,-32598,31817,32467,-27104
-32558,-1392,-32598,31817,32467,-30568
-18929,-1424,-28227,31817,-27124,-32768
-2171,-1408,-17357,31817,-32044,-30896
28526,-1392,-32598,31817,32468,-18440
-11897,-1392,-15719,-15002,-19716,10228
12733,-1360,-32599,1722,21816,12080
-5700,-1408,-32599,-11690,32467,-1948
7975,-1392,-17336,-12074,27408,20440
6256,-1408,5306,-6006,5600,14392
4792,-1408,-2514,-7086,8908,15260
4651,-1392,831,-7894,4708,14392
2365,-1360,1835,-8922,9188,15440
-1468,-1376,-3561,-9086,10784,14572
-1389,-1392,-2684,-7826,7420,14576
1725,-1392,157,-6010,7700,13896
1927,-1376,-2652,-7710,9248,14188
181,-1376,-3875,-7202,7176,12260
431,-1392,1333,-7110,5932,11896
1457,-1376,4107,-8050,7036,13236
995,-1376,853,-6950,7692,12720
2653,-1392,1202,-5502,5684,11000
4354,-1408,4441,-5246,6400,11956
3214,-1440,2951,-4582,7528,13044
1907,-1392,156,-3638,7208,12068
3241,-1392,-559,-3538,6976,11644
1
20344,-1376,-20227,26342,32467,4476
-3793,-1376,-32598,27382,32467,3192
-7808,-1392,-32598,31817,32467,-32768
-12776,-1392,-25551,31817,32467,-32768
-17855,-1408,-26511,31817,-4516,-32768
-13307,-1424,-32598,31817,32468,-32768
-9624,-1392,13002,5342,32468,2476
-10358,-1408,9727,2406,-14344,18832
566,-1424,25867,882,14076,14552
2840,-1424,17362,-15030,30164,14512
2862,-1408,-6047,-10946,18360,14624
2798,-1392,-7641,-6886,9256,13452
3394,-1424,-3498,-6494,3136,11852
701,-1408,-2942,-8138,8728,12584
-2056,-1424,-5871,-8394,7036,11400
-306,-1392,-723,-9006,7536,11480
1447,-1408,-914,-7834,9248,13576
992,-1392,-4204,-7282,9244,12980
1402,-1392,-8279,-5866,8404,13408
2416,-1376,-7484,-5310,6088,13420
3333,-1408,-4341,-4214,5720,11496
7408,-1392,-2265,-4286,5740,10352
9229,-1376,-3268,-5802,6508,10468
7732,-1376,-4583,-6186,6188,10272
5080,-1424,-1642,-9114,5448,9464
4817,-1392,6981,-7950,6976,8608
5662,-1376,6252,-6470,10416,9056
4937,-1392,7404,-10430,7644,8040
5402,-1392,8562,-2598,9892,8424
6721,-1408,3073,-5050,9660,6768
6719,-1392,10765,-5122,7704,6544
6365,-1360,12263,-3522,14464,7604
1
-10603,-1392,-5989,31817,32468,644
-7827,-1360,454,11694,32468,-260
-8418,-1408,18521,-2106,-14740,12680
-1898,-1424,18972,-7042,21524,9320
-273,-1392,6540,-13046,23816,14908
1266,-1408,4062,-9742,10860,17560
4734,-1392,-1626,-8742,5336,19504
966,-1392,-776,-9778,1860,16432
-596,-1408,-2378,-12106,3912,14592
832,-1392,442,-9198,3096,12420
731,-1392,2703,-10630,7120,12036
-1566,-1408,-1156,-9902,7068,11452
-1041,-1392,-2907,-7694,3600,12416
1581,-1392,-586,-6638,1660,13048
3026,-1376,1479,-6342,3908,12748
4475,-1424,-181,-6482,5148,12460
7081,-1424,-2565,-6782,5524,11372
9648,-1424,-6135,-5554,6676,11532
7530,-1440,-8646,-8446,7456,12548
3099,-1424,-791,-6370,3052,9732
4902,-1392,4382,-4654,4784,8016
5564,-1408,4492,-6014,7292,9364
5690,-1424,7146,-4874,7536,8640
7125,-1424,10634,-3270,7220,7960
7240,-1376,8174,-2994,12660,8472
5959,-1408,4635,-2306,14880,8064
3749,-1424,6696,-1422,10296,7540
5250,-1408,6437,650,10256,5276
9180,-1440,11120,2106,13540,5736
8437,-1392,11486,2614,16776,7000
6847,-1376,7252,4706,14576,4928
5991,-1376,7933,6306,24636,5588
1
-13186,-1408,-32598,12658,25392,5040
-25123,-1392,-32598,15846,5324,3980
-7625,-1408,-20823,28598,-3244,5848
4630,-1376,-19813,18042,9044,15300
-1598,-1392,-6079,19158,14828,15716
69,-1408,-17771,19258,32467,15200
2740,-1424,-4561,15710,32467,16192
10386,-1392,-9013,7106,32467,13168
4200,-1376,-29526,14726,32467,-4372
-148,-1408,-32598,22390,32467,-32092
-11264,-1392,-9029,31817,27844,-32768
-24618,-1392,-13314,31817,-32040,-16084
-21638,-1376,-4222,31817,-31772,4020
-9740,-1392,1639,14546,-22224,9708
-7157,-1408,10960,6406,8020,12320
-1895,-1408,-2348,-11554,25184,10320
3621,-1424,5057,-5762,10504,15180
4828,-1408,-1404,-9486,10452,15544
4587,-1408,-3907,-10602,4704,13696
2702,-1392,3296,-11818,7088,13144
468,-1408,-131,-12670,8988,11704
-1356,-1408,-2957,-12030,7212,12160
-1633,-1424,-970,-9602,4452,12348
-173,-1408,1367,-8674,7468,12244
-448,-1424,-329,-9782,7964,11936
-532,-1392,-1669,-8790,7676,12132
-157,-1440,-1263,-9058,6944,12048
2095,-1424,2429,-8682,6444,12212
2633,-1392,3050,-8226,6356,12264
3685,-1408,1468,-5534,6088,11992
4942,-1424,-2185,-2754,5840,11604
6679,-1424,-4709,-998,2732,10196
1
-21943,-1424,-25017,20238,32467,7536
10651,-1424,-25880,18554,32467,17644
13838,-1440,-16713,14814,32467,20924
12490,-1392,-32598,10898,32467,23448
14484,-1392,-32598,19878,32467,10964
14567,-1376,-3217,22610,32467,-2384
-537,-1392,-11389,31817,32467,-15860
-5267,-1440,3116,31817,-6748,-17540
-6104,-1408,2898,31817,-27744,-2148
-10306,-1424,-9629,20214,-31156,-2220
-12470,-1408,15220,3398,-13364,6108
-6973,-1408,10398,-7098,14060,10188
-1906,-1424,6196,-9918,14540,15056
1474,-1392,8634,-14110,12836,17532
2518,-1440,-5538,-14678,13336,16940
2052,-1424,-4129,-11666,1156,13520
-743,-1392,401,-12214,5020,13840
-3155,-1408,-5495,-9818,5084,11916
-1021,-1392,-3107,-9770,1940,11248
26,-1424,3189,-10398,3796,11472
129,-1408,-833,-10222,5900,11316
379,-1424,-1408,-9550,4388,11748
-97,-1424,-1426,-8162,2956,12836
2035,-1424,-16407,-4210,1352,10492
341,-1408,-17519,-5402,-92,9176
-952,-1408,-2541,-3322,-972,7840
1019,-1392,18470,-3610,1112,8180
1269,-1392,16617,-5818,11804,10992
-3600,-1440,1895,-3958,11092,11716
-7539,-1424,-549,-1694,9392,11372
1
-31707,-1392,-6739,7126,18816,26236
-32558,-1440,-32598,23398,29260,10504
576,-1392,-32598,25022,10872,7368
19544,-1424,-20480,18018,14120,10808
19794,-1376,933,17854,23684,9400
17808,-1440,3033,21650,32467,3448
19848,-1424,-32598,20786,32467,5488
11310,-1424,-28152,22574,32467,2232
13463,-1376,-11424,25622,32467,-3656
2152,-1424,-542,29142,32467,-21932
-20921,-1424,-10947,31817,29340,-20696
-21107,-1408,-11848,31817,32468,-19324
-8741,-1424,23321,31817,32468,11964
-1537,-1392,17259,10234,-13556,12296
1464,-1424,26757,-3926,13056,7260
4956,-1440,12909,-14194,24972,6188
-1657,-1392,-2929,-13930,12980,9916
-2726,-1408,-3116,-9814,7940,13912
-248,-1408,-3901,-7370,2688,14024
1071,-1424,2699,-9758,5108,14496
403,-1424,-120,-10390,7608,12824
1496,-1440,-3518,-9974,7464,11848
3113,-1424,-1007,-10950,6540,11400
3833,-1424,5214,-10862,8100,11048
3061,-1408,1620,-9894,10092,10164
3575,-1424,-384,-7990,7740,10116
5266,-1424,4389,-10862,5500,9912
5531,-1408,4775,-9026,7264,10156
4458,-1424,-1034,-6714,9004,9324
3674,-1392,-8921,-7778,7332,9420
3039,-1408,-5923,-7634,4288,9280
3355,-1392,-848,-4618,7540,6732
1
21799,-1376,16781,27946,32467,-968
-32559,-1424,-3271,22410,32467,1348
14337,-1408,-32598,13810,32467,-3928
-3729,-1408,-13211,19034,32467,-20192
-14985,-1424,-14188,25554,32467,-31640
-32558,-1392,-9208,31817,32467,-32768
-32558,-1408,-4116,31817,2600,-23924
-32558,-1392,-11521,31817,32468,6520
-22191,-1376,-2483,31817,32468,21852
114,-1424,14787,7314,-24088,22724
5657,-1424,7884,3178,15476,8860
-322,-1408,7269,-23070,19680,3896
-1947,-1424,13651,-10826,17448,10000
1453,-1408,473,-9194,13056,16040
1986,-1440,-2138,-9286,5044,15056
1996,-1424,3243,-9454,6180,12860
2610,-1408,364,-10158,9284,10556
3141,-1376,-3090,-10546,6900,10680
2003,-1392,-874,-10446,5592,10772
999,-1408,187,-9686,5340,10312
1549,-1376,217,-9078,5792,9888
1057,-1392,-5688,-8678,9836,12744
-673,-1392,-15254,-7534,11840,11660
-390,-1376,-13440,-7362,5408,10172
2175,-1424,-6822,-7110,5756,9528
6305,-1408,2993,-6302,4068,9080
6278,-1424,16124,-7118,5452,10268
3015,-1392,15265,-5754,13508,10860
725,-1408,4781,-4978,11900,9216
2850,-1392,2549,-2918,7516,6920
6163,-1440,7462,-2038,8908,6276
-964,-1408,3552,27530,32468,-16412
770,-1424,23825,1514,-18900,260
-1710,-1376,21463,-46,-340,9808
6407,-1440,27369,-12486,14260,13040
7032,-1424,14516,-17066,21392,16808
2023,-1424,3042,-15526,14960,18432
-3323,-1408,-3634,-12550,8896,16060
-515,-1392,-6280,-10398,7072,14708
-64,-1424,-4146,-11322,5544,13924
-933,-1408,-1687,-10906,5872,11688
-1245,-1392,-439,-9886,6220,8992
-986,-1424,-1365,-9654,6132,9048
-1119,-1408,-1442,-8838,4876,10900
-2444,-1392,1694,-7854,3464,13312
-3351,-1392,7884,-7174,2036,14168
965,-1376,9594,-5234,3348,11248
7944,-1424,5413,-4078,5600,9252
17920,-1392,5684,-2982,-1516,2780
23490,-1424,2585,-8450,5408,7596
18607,-1408,-9358,-6774,8180,10028
326,-1424,-14068,-6362,9440,13072
-15523,-1408,-6391,-4610,6968,9092
-19678,-1456,-4995,662,4972,6688
-16473,-1392,-8489,6954,16148,4120
-12341,-1440,-3754,8022,17452,7212
-14065,-1424,4646,4854,6600,9716
-11836,-1424,6083,13150,18216,8692
-7888,-1408,5621,13998,13472,9048
-4592,-1424,8534,13790,11932,9112
-2869,-1392,7493,16386,21144,10340
-4407,-1408,7598,13942,13964,11040
-6882,-1424,10829,14754,12972,10508
1
-10701,-1408,-18897,14878,9772,6240
-9467,-1408,-17154,15522,12116,6160
-5828,-1392,-14549,16942,14460,5980
815,-1424,-8357,19510,18736,5364
5224,-1408,4423,23462,24416,4748
-894,-1424,7304,28578,28724,896
-3737,-1392,-15221,31817,32467,-13180
-18322,-1408,-2623,23486,32467,-13332
-21109,-1424,-32598,22874,32467,-20912
-29616,-1424,-28405,31817,32467,-16428
-32558,-1376,-12153,31817,11180,-6868
-3429,-1440,18013,-2270,-5740,-1184
6019,-1408,16567,-8086,21484,-3584
-11758,-1392,5765,-28546,15036,4212
-17023,-1424,12147,-4378,8856,10724
-2896,-1440,-5547,-1286,11508,15980
-4140,-1392,-3772,-8170,3916,14248
691,-1424,2074,-6634,8548,10688
2363,-1440,-3396,-8838,11820,12528
-998,-1392,-2234,-10110,9292,9956
-397,-1424,-1850,-10110,9584,9476
303,-1408,439,-9806,7952,11080
531,-1392,1625,-9110,8072,11444
1157,-1424,1605,-8566,8112,11260
3165,-1408,1185,-8034,8536,11232
7034,-1392,-1653,-6550,7972,10740
10877,-1392,-7521,-4858,8472,11184
11892,-1408,-10759,-4102,7996,10416
11276,-1424,-2613,-5018,4268,8136
12867,-1392,6146,-4906,6376,6768
1
-4582,-1328,-32599,12782,20140,-792
-27962,-1360,-2451,-2194,32467,-12980
-32558,-1376,-32598,8534,32467,-14180
-32558,-1360,-32598,20642,32467,-16596
-32558,-1344,-25896,31817,32467,-15080
-26065,-1360,-32598,31817,32467,-20352
-18096,-1360,-31853,31817,2132,-23896
-23283,-1376,-14938,31817,-32508,-14520
-20273,-1392,-24757,14670,-23896,-696
-15556,-1376,-10881,7474,-19268,2996
-11104,-1376,-3267,2342,-3532,6024
-4222,-1360,6722,-1746,5416,8868
834,-1344,10189,-6898,11488,10904
3219,-1360,1804,-8502,12256,14820
2961,-1392,452,-10426,6632,16316
1643,-1408,2388,-7546,4196,16680
1553,-1392,2286,-6130,5352,16840
3995,-1344,6413,-6090,5348,14536
5388,-1344,7213,-5598,9500,12916
7646,-1392,1277,-4418,8772,10864
11457,-1344,-1058,-4474,4736,11448
14558,-1328,-2471,-4030,1964,12348
13403,-1376,-2667,-3982,-1324,12668
11347,-1376,86,-3570,408,10768
11480,-1360,3282,-1926,2504,6168
14670,-1344,15337,-3606,3900,2928
11353,-1360,14224,-3382,10684,4968
7321,-1392,16235,-1522,13192,5312
3335,-1344,30694,2966,12280,2264
12762,-1360,10673,6206,20468,-2692
16564,-1344,9334,2962,21752,2612
10104,-1376,14397,3346,21720,3656
1
-7210,-1360,3225,21334,32467,4288
-18650,-1376,-16155,16446,32467,9584
-12751,-1344,-32598,19842,32467,3628
-17990,-1360,-15583,14670,32467,1032
-26758,-1312,-32598,31817,32467,-19088
-20851,-1344,-30483,31817,32467,-28372
-18285,-1360,-3252,31817,-18976,-21708
-13899,-1344,-15484,31817,32468,-1516
-5503,-1360,-7695,14062,32468,8392
-2871,-1376,8869,2402,-17772,9056
3317,-1344,24685,-4846,16904,3028
4007,-1392,7843,-23350,32467,4696
-1179,-1392,-2736,-11930,11300,11080
-918,-1376,-733,-8486,8864,13836
221,-1392,-2954,-7494,6244,12852
-286,-1360,-327,-9426,7732,15356
-3301,-1376,-1485,-9334,11056,14368
-3844,-1344,-6344,-7618,9688,12476
-996,-1392,-9291,-6246,5532,11484
592,-1376,-3634,-5666,3140,11016
439,-1376,-2036,-5286,3756,9312
3393,-1392,-6846,-3306,5736,8284
6069,-1328,-5457,-3482,4300,8608
8962,-1392,3147,-1658,3300,8820
9312,-1360,5214,-1030,8304,10184
7468,-1376,3788,-2414,10564,10368
6605,-1360,6474,-2346,12032,10128
4623,-1360,-5054,-1806,15936,9552
5372,-1344,6359,-1658,8752,8116
6672,-1392,29444,-622,13080,8360
7511,-1376,25294,-170,18852,5636
6853,-1376,-32628,474,15584,5140
1
-32558,-1344,-27128,22434,32467,-14940
-32558,-1376,-4602,31817,32467,-9516
-32558,-1360,-25190,31817,32467,-12092
-32558,-1376,-32598,31817,-17624,-11272
-22425,-1344,-26652,31817,-32076,-1868
-6384,-1360,-11335,6622,-27556,0
-7735,-1344,8004,-2490,-1684,5608
-11861,-1360,11612,-5274,13612,1064
-4033,-1360,-7202,-8762,17868,4236
-4124,-1376,1587,-6502,10612,13908
-1340,-1360,1654,-7402,9584,14176
-153,-1344,-2013,-6658,7488,12544
-1231,-1344,-2041,-8846,7156,13928
-2470,-1360,1859,-9198,6792,13768
-1964,-1376,618,-8214,9488,12876
308,-1360,-2898,-7818,8288,12024
1018,-1360,-1172,-8150,5512,11740
255,-1344,2312,-7382,7524,11464
719,-1360,966,-5458,7624,10668
3724,-1376,1706,-6610,4756,11108
6920,-1376,4304,-4818,4068,11808
7294,-1360,5943,-2546,8120,10392
8232,-1376,537,-1482,8404,7828
9017,-1344,-95,-3254,6092,6544
10541,-1360,5899,-2438,8616,5140
9695,-1392,7061,-978,11168,8204
6043,-1376,9493,-1798,14400,7312
5234,-1360,7766,18,14816,5948
7657,-1344,6578,1878,13000,4812
9555,-1392,5355,2518,19864,5512
7535,-1392,417,942,15220,6128
5815,-1376,-2916,4382,21392,5156
1
-26383,-1360,-19242,17450,32468,9304
-18661,-1360,-14013,11442,32468,10820
-4349,-1376,-1510,7374,-10692,12680
2110,-1360,6993,-994,12832,7584
6344,-1392,1950,-12906,22568,8060
3907,-1344,4162,-9690,21696,10044
1711,-1360,-2745,-8942,14300,11860
-614,-1360,-4989,-6350,8768,13360
-475,-1376,-4303,-5898,7932,14040
-315,-1360,-3017,-6566,8324,14412
213,-1360,-3375,-6698,8216,13376
3563,-1344,-3517,-5410,5808,13244
6783,-1360,-872,-4450,7880,14212
5855,-1360,-2446,-7106,11748,12284
5820,-1376,-4524,-7298,10032,10928
7132,-1360,-107,-8806,8864,9196
6282,-1360,680,-10102,11372,9980
2852,-1344,-1537,-10082,10564,10440
911,-1392,-2648,-7870,9116,10472
1056,-1360,-1314,-6294,6380,10732
199,-1376,1663,-5114,6264,10956
-1277,-1360,1053,-4030,7308,10448
-3266,-1360,172,-3298,3652,10176
-3152,-1376,6471,-1526,-1032,8520
1472,-1360,14111,290,4108,5656
6527,-1360,15917,2494,9276,5176
11491,-1344,14618,5258,11756,4176
14453,-1360,11805,5398,10668,5188
13254,-1360,13391,6070,9924,5216
12473,-1376,10430,12566,28844,4428
8101,-1360,-5389,9742,15092,6720
4527,-1360,-2903,8454,8360,5800
1
-820,-1328,-19892,21098,20376,6004
-9758,-1360,-32598,21294,11408,212
-2192,-1344,-32598,31817,32467,-4036
-20441,-1360,-31823,31817,32467,-724
-28736,-1360,-32598,28798,32467,-8984
-29019,-1344,-32598,31817,32467,-9908
-13805,-1344,-32598,31817,32467,-32768
1687,-1360,-32551,31817,3148,-21668
-32558,-1344,-32598,31817,-32176,-11060
-7909,-1344,-32598,23386,32468,6812
-2591,-1360,17940,642,-16752,1280
-8362,-1376,4306,-5510,13304,4396
-11532,-1328,28778,-13018,6288,8752
-2260,-1360,3122,-4182,15868,18224
-196,-1344,5499,-5170,8700,19916
630,-1360,-1525,-4622,5188,16512
4424,-1360,1997,-6046,6072,15656
4260,-1360,689,-7510,7764,16392
1016,-1360,-4213,-8542,7260,13420
1779,-1376,-2748,-9178,5692,12988
3535,-1360,2381,-9354,5684,12752
4565,-1360,3098,-8138,6280,12760
6502,-1376,-216,-6246,5736,12428
8224,-1360,-2866,-6522,4544,12408
6895,-1376,-970,-7898,6468,13124
2661,-1376,-1045,-9750,9012,13028
464,-1360,-3485,-9358,8736,11560
432,-1344,1040,-8650,8644,12016
-1281,-1360,9124,-7890,7300,13596
-13076,-1360,23214,-2174,7332,7864
1
1489,-1360,3595,-7082,10192,13644
1723,-1408,4605,-7154,13448,16736
-1313,-1392,-6518,-8926,10764,16596
-458,-1360,-7221,-7674,6064,13504
1034,-1344,399,-8306,6364,13816
282,-1360,662,-8834,8832,12976
150,-1376,-4587,-8146,8828,11172
245,-1344,-4194,-8270,5604,11392
1325,-1360,-265,-6830,6152,11664
162,-1376,-2908,-7798,8300,13500
-830,-1360,-5793,-7462,7080,14084
-517,-1392,-8453,-6958,10276,14812
-2049,-1344,-17227,-8314,9292,15428
-2546,-1360,-19966,-5342,3088,12476
2508,-1376,-1447,-2674,816,12020
6633,-1376,9178,-6518,5964,13048
5898,-1360,7253,-6966,10488,13048
4085,-1408,-1057,-4042,10844,12712
2670,-1360,-2431,-3822,6668,11868
4569,-1328,2048,-2954,4352,10596
7479,-1376,6669,-1598,4288,9544
11414,-1344,14037,-3566,9952,8440
16738,-1392,7615,-3110,14788,6752
16172,-1360,-287,-3366,16120,9592
10839,-1328,5392,-3242,12056,10064
6802,-1360,6432,-1182,11948,8272
6358,-1344,2666,1434,13064,6064
6218,-1328,-465,3638,15720,5700
5421,-1360,1927,4894,10172,5876
4516,-1376,9453,6798,14848,5820
1
-30966,-1376,7586,31817,32467,-23904
-32558,-1376,-3665,31817,32467,-21888
-32558,-1328,2103,31817,-784,-8228
-32558,-1360,-8251,31817,-7508,4904
-28800,-1392,-32598,31817,32600,11964
-16841,-1360,-17035,8322,-22604,15232
-9838,-1376,-2086,4322,-5692,8892
1754,-1360,828,-9494,13492,3580
5337,-1360,6235,-11782,17604,7656
1861,-1344,2584,-12194,15972,7552
-91,-1392,-5936,-13338,8328,10832
-365,-1376,2811,-11646,5328,14020
-2111,-1344,-1280,-12382,10352,12852
-1281,-1360,-6254,-11318,8416,10252
-72,-1344,590,-11670,6064,8512
-705,-1344,2779,-11986,8328,8816
-2246,-1360,-2370,-10454,8272,9568
-2190,-1376,-2531,-10642,5832,10060
-1279,-1376,-123,-9910,5640,10340
293,-1392,-865,-9646,6992,11600
169,-1360,-3066,-9030,8104,11504
-79,-1376,-7274,-7446,8496,11728
2491,-1360,-16227,-5650,9876,9988
4185,-1376,-17753,-7070,7292,10188
4158,-1376,-8006,-7350,4780,10308
4224,-1392,1231,-5814,6524,9540
7160,-1376,2525,-5802,5992,8036
9773,-1344,-1864,-5694,9892,7628
7890,-1360,-2939,-6518,11976,8044
2196,-1344,-8809,-9894,14188,10544
-2877,-1376,-15053,-7698,14836,10000
-4702,-1360,-5408,-5146,7124,8420
1
337,-1360,11466,21366,26348,8152
-3107,-1344,-9534,15578,32467,13800
-21002,-1360,-15558,-358,32467,13416
-22338,-1376,-32598,1626,32467,760
-9953,-1376,-32598,23278,32467,672
-9148,-1360,-8480,31817,32467,-13624
-11521,-1376,-20159,31817,13064,-29592
-15903,-1360,2399,31817,32468,-20724
-14907,-1360,-1044,9618,32468,4892
-4107,-1344,27797,12718,-12836,5656
933,-1392,27983,282,20552,5964
2507,-1408,3365,-29566,30216,6020
1197,-1344,-1188,-12782,11048,10756
2032,-1392,-2586,-14342,8364,12268
657,-1376,543,-11010,5856,8504
-8114,-1376,-11986,-10974,10564,12064
-6390,-1392,-7698,-7902,4936,9756
-2160,-1328,-2154,-8802,6204,10356
-2262,-1344,-4084,-7606,6152,10248
-3511,-1360,-5958,-6094,5024,9628
-1245,-1360,-9295,-3582,4488,9232
2791,-1376,-12331,-2778,4076,10388
4087,-1360,-16064,-2570,5684,11200
5710,-1376,-20579,-2254,6508,9848
8077,-1376,-14794,-2174,3100,8716
2337,-1328,9608,-3038,6924,12228
-3613,-1376,1181,-1298,12972,9260
-4554,-1360,-2341,-298,6380,8104
-8613,-1360,1102,3130,11052,9944
-11476,-1376,-9992,4982,12664,9200
1
-27149,-1376,7999,-7398,32467,7972
-18352,-1376,-26660,22434,32467,8684
2133,-1392,-6115,27866,32467,4428
-3982,-1376,-4554,31817,32467,-21268
-22639,-1408,-4012,31817,5956,-22140
-25203,-1392,-22707,31817,32468,-27984
-26487,-1408,17918,3086,-31664,-4188
-29762,-1360,5348,5354,-4400,9240
-9727,-1392,-32599,11966,10588,16276
-1924,-1376,11181,-10326,19648,16676
4087,-1392,3849,-5862,11744,14804
6358,-1360,-873,-9330,9224,13180
3544,-1376,-3715,-12018,8920,13940
-1199,-1360,-1917,-11774,7596,13964
3175,-1392,-1199,-9490,7324,10716
2579,-1376,-4020,-10906,8904,15776
-551,-1392,-6870,-8902,7632,13976
773,-1392,-8592,-9722,7152,12396
426,-1408,-8576,-10894,6704,11240
831,-1392,-3331,-10106,3636,11288
1152,-1360,1276,-10046,4676,10556
2891,-1376,-648,-9750,6360,11652
1190,-1408,-1341,-10206,5632,12560
233,-1360,36,-10526,5844,11812
440,-1408,636,-9722,6384,12132
-233,-1376,1218,-9838,6368,12952
-1570,-1392,2841,-10542,5812,12624
-1737,-1408,3734,-9622,6112,12272
-1800,-1376,3701,-7806,5992,11892
-1803,-1392,2755,-5786,5736,11332
440,-1344,-1503,-3734,5368,9840
3060,-1376,-2034,-2962,4200,9316
1
-25280,-1360,-32598,31817,32467,-26852
-1231,-1376,-19945,31817,32468,-32768
-20080,-1392,-11391,18070,-27540,-4220
-15034,-1408,-13779,9946,32468,7152
-2899,-1408,16588,154,-11172,11468
4882,-1392,17030,-8262,9912,11456
6503,-1408,5580,-8574,15020,9756
722,-1376,1530,-16058,13220,13856
-4380,-1360,-283,-12814,8316,14292
-196,-1376,2843,-9246,4068,12364
3986,-1376,3488,-10274,8704,13188
2966,-1360,-108,-11370,8092,11448
199,-1408,-2171,-12794,7096,10736
-1118,-1360,-4360,-10170,6164,9716
655,-1392,-4770,-7598,5624,9132
1364,-1408,286,-9094,3948,9960
143,-1360,4031,-8618,5004,10196
295,-1360,307,-6298,6256,9132
1678,-1408,-3922,-5082,5952,9216
1885,-1328,-5358,-4262,6664,9024
2314,-1392,-9261,-3070,5908,7976
3995,-1424,14685,962,5076,6256
7653,-1408,16756,2938,14716,6124
9439,-1360,11361,3802,9128,5844
9324,-1376,9173,5570,17696,6568
5451,-1440,-1795,8414,28112,8224
-329,-1328,-6659,5658,8628,7212
-1345,-1424,1607,11902,14068,6564
-2313,-1376,12498,17954,19652,6520
-1897,-1392,16060,15982,13020,5736
1
-6496,-1392,-32598,31817,32467,-32768
-22828,-1408,11651,31817,10356,-26452
-24872,-1360,-32598,31817,32468,-32472
-9608,-1392,-16815,24066,32468,8388
-2915,-1376,5181,-434,-21404,13376
1901,-1360,13488,-2746,3312,6132
-1655,-1392,12579,-12490,17224,7976
-3077,-1408,-4940,-24030,19088,12000
-5157,-1392,2589,-8198,7668,12528
1843,-1424,5774,-6710,6672,13248
1438,-1376,2472,-9442,7032,14380
-1439,-1392,197,-9626,7756,13620
-1541,-1392,-3877,-9206,6376,11108
1050,-1376,-3907,-9118,4160,11636
1344,-1408,1222,-8734,4648,11588
1524,-1392,3673,-8270,4796,11460
2995,-1376,3724,-6766,4580,11268
4644,-1408,2067,-4482,5404,11156
4864,-1392,-3061,-2802,5132,10136
4664,-1376,-8574,-1998,2248,8196
5515,-1408,-7745,-5666,-3456,7656
4904,-1392,-7076,-4894,3644,7552
4518,-1392,-14014,-674,4832,6300
-1229,-1376,-32599,14778,16476,4016
4788,-1392,26674,20606,20672,2052
10877,-1360,8337,12406,15484,2484
6984,-1408,8188,18934,30116,9344
-3388,-1392,5798,16926,19572,9028
-4481,-1376,-3144,18158,8940,5348
-5227,-1376,-3033,21578,15836,7968
1
-28415,-1376,-14785,31817,32467,-12280
-32558,-1376,-26697,31817,32467,-13796
-32558,-1392,-32598,31817,21060,-27588
-32558,-1424,-31910,31817,32468,-17452
-14649,-1392,-14710,21146,-26460,-7116
-3876,-1376,-16290,3758,-24816,3136
2409,-1328,-885,2554,-13896,6212
4911,-1408,13524,-1466,1540,7880
4737,-1408,20067,-7478,14264,9916
2976,-1392,9173,-14270,18468,11780
-2560,-1408,3735,-11174,14604,14204
-5913,-1376,3538,-9086,12808,13788
-5623,-1424,-148,-6706,11776,12840
-3091,-1392,-1610,-6126,8268,11868
-128,-1376,232,-6110,7440,11796
2301,-1392,1295,-5562,6220,11752
4183,-1392,2666,-4726,5632,11356
6798,-1376,4791,-3398,5208,9588
10991,-1408,8326,-2594,6104,7032
14782,-1392,10091,-4218,6264,6800
17073,-1376,9255,-4130,8052,6388
19017,-1408,8548,-3294,12940,4660
19636,-1392,7891,-4190,11600,5208
19284,-1392,6724,-2866,16648,2896
19009,-1376,3961,78,23884,3272
16791,-1392,-2306,-638,14588,5624
12028,-1376,-3904,-1470,5744,6612
10369,-1408,-143,2706,12128,4676
10559,-1360,-253,4606,15500,3868
11402,-1376,-7754,6854,19236,2764
10904,-1408,-7973,9350,18120,3976
9388,-1392,1025,7662,4784,4496
1
-32559,-1408,-3583,31817,32467,7092
-32559,-1376,-16087,31817,32467,-3268
30964,-1424,-19449,31817,19612,-26328
18695,-1392,2736,31817,-8412,-26144
-4904,-1376,-21458,31817,32468,-16468
-961,-1392,-32598,11966,-29288,-15960
-1296,-1376,12447,-1758,32468,12040
-3439,-1376,21048,1874,-12448,10556
4761,-1392,24492,-2870,7180,9036
591,-1360,22851,-12630,20564,13360
-4715,-1392,-461,-11458,21492,14360
-4514,-1392,1319,-8302,8060,12348
309,-1408,5102,-8330,9640,15320
-46,-1392,3609,-8726,8896,16424
-718,-1392,-2915,-8362,8856,14772
824,-1376,-7443,-8138,7184,13156
3117,-1392,-3059,-7202,3732,12668
2752,-1424,891,-6886,5068,13192
2584,-1408,143,-6378,4052,11664
4409,-1376,-478,-5150,3772,11344
4490,-1424,-1576,-2110,5312,11812
2915,-1360,-2227,-950,2040,11396
3999,-1376,3906,218,1512,8244
7342,-1392,10695,1102,3072,6412
10760,-1376,9989,-686,5948,5232
12656,-1344,7803,-2566,11668,5492
16434,-1424,13201,-3006,13624,4408
20312,-1408,11356,-2986,16568,5752
6866,-1376,-7268,-446,15780,6560
4642,-1360,-11211,1734,16552,6204
1
-10695,-1376,24192,19682,17172,872
-14992,-1392,-32599,21122,22052,-1236
-24974,-1376,-32599,20342,32467,-14956
-27144,-1392,18922,17038,32467,-14760
-32558,-1376,-29325,11358,32467,-20476
-32558,-1376,-32598,31062,32467,-32484
-32558,-1392,-18037,31817,28524,-25892
-32558,-1376,-32598,31817,11964,-20836
-32558,-1392,-32598,31817,-26828,-25420
-32548,-1392,-23250,19138,-24236,7220
-26467,-1376,-21399,2534,-13392,9700
-13999,-1360,2902,7034,-12444,9180
-1779,-1360,13267,-2142,12604,10392
1540,-1408,4582,-9378,11396,8512
4562,-1392,2396,-7906,15036,10856
3159,-1392,581,-9294,15300,11936
2313,-1408,-2205,-8478,10404,13980
170,-1392,-393,-8674,9540,13760
404,-1392,-3595,-8050,10716,13428
742,-1376,-4757,-7826,8476,12744
1534,-1392,-2067,-7710,8136,12148
1283,-1408,-1625,-8146,8496,11172
2872,-1392,-2816,-6778,7772,10508
4668,-1392,-4743,-5466,7784,10752
4698,-1408,-4222,-4606,5652,11048
5358,-1392,886,-4074,4664,10044
9618,-1392,846,-3690,6844,8412
13478,-1408,-2254,-4446,9364,8880
14830,-1360,-2481,-6450,10992,8836
14455,-1360,2231,-6126,7764,7936
13297,-1376,10358,-6302,7576,7612
12989,-1392,13323,-4002,7508,5284
1
-18342,-1408,-22141,31817,-21880,-31988
-18886,-1376,-32598,21910,32468,-7376
-17336,-1360,2977,-2962,-24512,11628
-5637,-1408,8368,9398,-16560,10432
5232,-1408,20225,-842,8488,12176
-125,-1392,19696,-12742,24424,13240
3831,-1392,-7278,-9110,16856,12616
1096,-1376,-497,-9938,9116,15756
-1035,-1360,335,-6262,7856,17292
994,-1360,408,-4390,6748,14504
6039,-1408,195,-6186,7340,14244
2291,-1424,15,-9150,9248,15292
-2658,-1392,-283,-8162,10804,14092
-3861,-1408,-3384,-6530,12248,13800
-4590,-1392,-2668,-5210,8464,14680
-2571,-1392,746,-3918,6324,13080
4541,-1376,-3383,-5754,8716,13568
6232,-1392,-6790,-6098,5772,14332
5651,-1392,-4269,-6042,3936,13524
5134,-1408,-582,-5442,3812,11732
5594,-1408,333,-4606,4712,10376
6181,-1360,814,-4174,3448,9824
6553,-1376,5116,-3778,2280,8660
9159,-1408,9199,-2030,2148,6296
16677,-1392,3427,-1278,4316,1000
26686,-1392,-4441,-18,1872,1940
26217,-1376,-1401,-1782,9200,7768
19318,-1392,10609,-3150,9732,9036
11291,-1408,19243,-2174,16824,9608
5012,-1408,9094,-450,14968,9340
-2332,-1392,-7784,646,21420,9180
-11317,-1408,-6825,3862,16184,8444
1
-10085,-1392,-4269,31817,2764,-22016
-32558,-1424,-11129,31817,-9628,-96
-26639,-1408,-32598,31817,-27940,-8236
-14772,-1392,-8560,5858,-29232,10172
-5409,-1392,14749,1730,-8356,10440
-2,-1376,20385,-4218,12984,8892
-1589,-1360,8610,-12802,19820,8400
361,-1392,-2595,-10086,14356,12104
651,-1408,4934,-8330,8892,12992
1360,-1392,2250,-8098,11488,12536
1608,-1392,-1457,-8886,11564,12188
1404,-1408,-1072,-9826,11376,11064
1560,-1392,-1632,-9750,11504,10416
2533,-1424,-3655,-9010,11740,9492
3908,-1408,-6550,-8622,12312,9044
5438,-1392,-9295,-7438,8652,10004
4697,-1392,-9252,-6798,8460,10996
2919,-1376,-8566,-7402,6372,11204
3467,-1392,-5053,-6654,4156,10048
7133,-1408,-1279,-5386,6356,8756
10029,-1408,1165,-6026,7220,8636
11031,-1392,176,-6082,8088,8980
10252,-1376,540,-5982,7500,8648
10417,-1392,4175,-4550,8024,7356
9245,-1392,8079,-4418,5456,6064
7371,-1376,19947,-2970,1792,4380
8678,-1392,30255,466,11708,1804
10044,-1360,16974,1334,25856,2804
6517,-1408,-7676,-206,17276,2544
8623,-1392,5294,2170,8080,304
14025,-1392,25984,5966,15304,2328
14445,-1408,12621,7538,23172,1792
1
-1390,-1392,-32598,13734,19832,11760
-24282,-1408,-32598,17094,18072,11412
-10116,-1392,-32598,31250,19396,3744
15106,-1408,-1855,29622,27308,17708
26439,-1360,-22648,31817,32467,27224
28575,-1392,-17576,26094,32467,15776
25368,-1408,-27590,31554,32467,3528
18537,-1360,-26975,31817,32467,-21068
11741,-1408,-16715,31817,27060,-25760
-520,-1408,-9101,31817,-29668,-15048
-13574,-1360,-32598,31817,32468,-7120
-1506,-1376,7681,1890,32468,-3512
-1395,-1408,24621,3954,-5660,6312
-1808,-1360,18184,-1678,18288,5012
-1146,-1376,-32599,-17342,18176,13116
-2120,-1408,155,-10254,23088,15948
624,-1360,-488,-9250,5080,16912
1258,-1392,1216,-8474,4168,15360
-2412,-1408,260,-10230,7544,15332
-2451,-1392,-2581,-8186,6092,11812
306,-1408,-2852,-8166,6100,11788
-386,-1376,351,-8534,6416,12256
225,-1392,3,-7606,5584,11176
2024,-1408,-343,-6822,5032,11420
4844,-1376,-1191,-4418,3332,11572
5231,-1392,803,-3526,2092,12428
3192,-1392,1762,-2894,2776,11468
2640,-1376,4686,-1830,3628,9476
2668,-1392,14548,-934,3840,9140
6609,-1360,19299,-190,13036,3512
1
-4634,-1392,-3604,-9678,25116,14112
-766,-1408,-17019,-9562,9116,13588
1520,-1392,87,-13514,2652,13448
-1166,-1424,2377,-12058,7732,12512
-1291,-1408,-8859,-10574,7932,9736
981,-1392,-5927,-10734,5172,8972
843,-1408,1674,-10966,6216,9064
-34,-1440,495,-10574,8128,9696
391,-1424,-4476,-9906,7528,11296
1233,-1408,-6544,-8250,6172,12584
1849,-1408,-7101,-7762,5360,12808
3521,-1360,-8491,-5442,6500,10800
5656,-1392,-7923,-5278,4200,8384
6342,-1392,-9442,-5702,4168,8164
4771,-1392,-15590,-6102,4360,7832
4900,-1408,-3032,-5574,2212,8172
10698,-1392,16092,-4310,6860,7400
14107,-1392,21954,-6374,12716,8912
11387,-1424,11278,-6038,13536,8012
6576,-1392,-2800,-1130,7204,5416
6930,-1392,-516,-1282,22396,6620
2202,-1408,-3471,-3246,16116,7924
1501,-1392,3119,802,13400,6116
2475,-1408,7752,2626,19080,7204
-3630,-1408,8491,1446,17596,7916
-4372,-1392,5860,5310,12896,5496
-3971,-1408,-160,7782,21644,6460
-4179,-1376,-2625,9046,16116,6076
-3533,-1424,4552,9486,13780,6492
-3642,-1376,6997,12502,21248,6548
1
10036,-1392,27388,-3698,-3584,8400
5296,-1376,16557,-2050,11672,9856
1745,-1392,19184,-10562,14368,11220
1720,-1392,14712,-10910,21192,10700
2850,-1408,7125,-12378,17264,13992
2744,-1392,-1364,-10850,10652,13704
-526,-1392,2539,-12694,8080,17244
-4502,-1408,5680,-10626,8476,15076
-3547,-1392,-494,-8906,7988,13920
-2310,-1392,-1186,-7854,5080,13200
-1062,-1408,342,-7198,4660,12116
615,-1392,574,-7010,5488,12116
1126,-1408,2215,-6574,5720,12316
1274,-1408,2596,-5662,4984,12388
2560,-1392,1279,-4194,4076,12280
5028,-1408,6692,-3138,4200,10944
6430,-1392,10331,-3058,6136,9792
6690,-1392,8715,-3794,8208,8304
7159,-1440,8749,-7618,9008,7560
6261,-1360,9746,-5570,11832,7356
6930,-1408,11088,-5582,11260,4736
5800,-1408,17351,-6658,12488,5852
3963,-1392,11656,-4246,16508,6908
1784,-1376,4054,-3594,15564,7836
2027,-1392,6398,-2974,14952,7268
4606,-1392,3878,-986,19192,6304
5648,-1408,-3194,-750,17220,5896
7166,-1392,4995,330,14308,5924
7808,-1424,5186,1542,18508,5152
8167,-1408,-7423,2394,19124,4696
7651,-1360,1391,1882,14092,5388
5915,-1392,8845,3934,16000,5272
1
