-32558,-1376,-32598,31817,588,31988
-26701,-1376,-27357,17010,712,32767
11998,-1360,27841,2766,-3308,32767
21957,-1360,-631,5430,4196,32767
23784,-1360,1476,5806,-9068,31896
22516,-1360,10781,1178,-5596,27232
19318,-1360,44,-1038,-2556,26892
11506,-1376,1463,-1502,-2144,25276
21725,-1360,10575,1974,-5608,17236
32653,-1392,3674,2654,6624,23596
-32559,-1376,-3432,134,2596,22668
-32559,-1360,3521,2650,-2328,14568
-32559,-1376,1912,1982,-2284,3408
-32559,-1360,4367,-2338,-7368,3080
-32559,-1360,15257,-4578,-4200,-3612
-32559,-1408,17890,-7606,-8204,-9384
-32559,-1360,16287,-12314,-9984,-5284
26677,-1360,-5288,-14186,2456,-7716
15067,-1344,-21393,-14122,-8440,-17056
9057,-1392,-23526,-15970,-14704,-21824
464,-1376,-18966,-10934,-18976,-20472
-20991,-1344,-19013,-10318,-10416,-10040
-29287,-1360,-4303,-6874,1280,-7276
-32558,-1376,7630,-4794,2904,-9152
-32558,-1376,14205,-1706,-4372,-4372
-32558,-1360,13422,-734,472,-3648
-32558,-1392,9269,-2834,-436,1392
-32558,-1360,-9943,-9534,-4056,5756
-32558,-1392,-24189,3518,1536,15144
-32558,-1408,-20626,8814,7040,22040
-32558,-1360,-10005,9026,2772,13412
-32558,-1392,19054,13306,2988,21856
2
-32559,-1360,-15733,31817,25872,-9756
-32559,-1392,-19026,31817,13156,-31436
-32559,-1376,-8604,31817,-6036,-32768
-32559,-1376,3492,27910,-32584,-32768
16112,-1392,-23297,12194,32468,-4012
-32558,-1328,-17466,-15330,-5680,-8668
-7610,-1376,-5010,-9894,-17720,-5304
15142,-1360,3386,-20914,-15228,-5948
25032,-1376,10243,-27226,-14620,-4852
15154,-1376,7943,-20570,-20548,-14056
6973,-1392,-11058,-11486,-32580,-24220
-20359,-1376,-23945,-11834,-17568,-32768
-32558,-1360,452,2222,-24148,-31972
-32558,-1376,11531,14642,-16080,-30024
-32558,-1376,7195,27702,-5444,-23900
-32558,-1392,-32598,31817,9308,-16224
-32558,-1360,-32598,31817,32467,32767
20217,-1376,5419,-6146,-22376,32767
13710,-1392,32408,-10778,5216,27864
5012,-1360,-831,-1018,4984,28300
456,-1376,-11952,-5666,-8700,30664
5777,-1360,-5211,-3854,-3124,25892
10910,-1392,7325,-2686,-7112,27976
18165,-1376,10600,6494,1380,24152
-32559,-1392,7623,8570,60,19924
-32559,-1360,2948,3990,5936,20844
-32559,-1376,3458,5502,-228,15692
-32559,-1360,6057,6578,-2272,9848
30212,-1360,859,3386,-1424,2912
24177,-1344,-4761,3858,-1364,1984
21338,-1360,-32599,-12286,-19192,2072
-32559,-1376,-32599,-24982,-14928,-12156
2
6292,-1312,3187,11538,2996,32767
24636,-1312,-8834,11338,4536,32767
25501,-1296,2471,6190,-5056,32432
22032,-1280,8050,3638,896,27960
23637,-1296,-34,5762,-872,24940
26791,-1264,-682,4894,-1416,22208
26909,-1280,-842,4166,316,19268
27236,-1328,595,3698,-236,17640
28034,-1296,1579,3242,988,13304
-32559,-1296,-2392,5330,2096,8260
-32559,-1312,-5474,3110,-5548,4632
-32559,-1312,-6303,-870,-3600,4648
-32559,-1328,-2497,-6946,-9344,-12796
-32559,-1312,-5840,-12626,-7928,-16660
17026,-1312,-2029,-24530,-14384,-21344
6128,-1296,22991,-16406,32740,-28776
-7881,-1296,-8598,-8066,-11516,-3784
-6550,-1296,-4967,-13478,4436,-4624
-26529,-1296,-17447,-17938,-11808,-3724
-32558,-1280,-2850,-12262,-14112,-4512
-32558,-1296,3481,-7466,-7940,-5164
-26258,-1296,13241,-6750,-1916,-4068
-24784,-1296,20853,-7122,-1556,-384
-26281,-1328,26495,-6106,-2112,16
-29934,-1312,26797,-6890,1100,1076
-32558,-1328,24471,-4862,1364,6268
-32558,-1312,14727,1902,1920,9140
-32558,-1296,240,1718,17700,15176
-32558,-1312,6986,11874,7420,9792
-27488,-1312,16641,8874,7252,12928
2
-32558,-1248,-22109,31817,-4128,16948
-27998,-1232,-7466,31817,-13340,32767
-18305,-1280,-32599,6222,20224,32767
6921,-1232,-24145,8598,6072,29988
23144,-1312,-3043,10698,-14000,30148
24123,-1264,2697,6606,-2220,24268
24791,-1280,4219,3718,-11472,23384
27025,-1264,8434,6046,-3968,21836
-32559,-1280,9353,10810,-1312,18660
-32559,-1296,9301,12770,-1328,16148
-32559,-1280,6293,14194,648,11428
-32559,-1296,4132,7414,-5888,6004
-32559,-1264,2056,2574,-9032,1916
-32559,-1296,7929,-662,-5556,3896
-32559,-1280,10648,-4658,-4628,-6792
-32559,-1264,5917,-10330,-5904,-13204
-32559,-1248,709,-21978,-3920,-15952
13946,-1296,-4875,-31370,-220,-18744
719,-1264,-1233,-23578,-15852,-20688
8951,-1280,9745,-19510,-30932,-22988
-14746,-1264,-8406,-14002,-7472,-2680
-27368,-1280,13158,-12894,-4984,-864
-32558,-1264,4531,-10918,-8176,-4992
-32558,-1248,7673,-366,-7508,-3912
-32558,-1264,9376,1050,-2668,-92
-32558,-1264,8686,1522,-2808,3304
-32558,-1248,4642,5870,-896,-796
-32558,-1264,5081,8446,-3436,13492
-32558,-1248,23331,9846,3944,10208
-32558,-1296,18432,16894,4968,-692
-32558,-1280,28092,24390,18140,32260
-32558,-1264,-32599,31817,30700,15248
2
-32559,-1264,-2794,12286,26768,32767
-32559,-1296,4484,16910,19264,32572
-32559,-1280,3311,18230,21528,25752
-32559,-1264,-4881,21650,17124,16328
-32559,-1248,-8813,27322,10332,9484
-32559,-1264,-17841,29290,8664,1376
-32559,-1248,-13059,31318,-1412,-12944
-32559,-1264,-1681,16158,-8364,-16180
-32559,-1296,23239,6310,-23516,-30140
-32559,-1280,23610,-5434,-26524,-16064
-4844,-1296,3635,-21214,-9056,-11524
-20901,-1248,-4253,-17514,-21704,-8512
-6769,-1232,-21058,-15414,-21820,-17720
11747,-1248,6940,-19822,-18140,-22844
8486,-1280,-20596,-14662,-19304,-32768
-32558,-1264,-1433,-13022,-11776,-32768
-32558,-1280,-12656,9830,-6592,-32768
-32558,-1296,4336,27990,-12612,-32768
-32558,-1280,-32598,31817,9120,28364
-17567,-1248,-19510,11758,-29376,32767
14233,-1296,-32599,7522,-1184,32767
28016,-1248,986,-1606,7660,32767
30620,-1264,-5635,1158,-8772,30536
31270,-1248,20042,1490,-8936,29512
28941,-1264,21735,5926,-240,27836
-32559,-1296,13484,12070,-2248,16944
-32559,-1280,12527,214,-3224,12776
-32559,-1296,10754,5038,-6092,11148
-32559,-1248,1957,7462,100,3904
-32559,-1264,-3464,2330,-5704,696
2
-9203,-1280,408,-14906,-29816,-12080
1737,-1312,17409,-5158,-27936,-27096
11704,-1264,7441,-13018,-17956,-19756
-8535,-1280,-4500,-13326,-15244,-26556
-32558,-1264,-17,-5170,-15256,-27932
-32558,-1264,823,8298,-19356,-26388
-32558,-1312,13113,14690,-14884,-18136
-32558,-1296,-11598,29442,3360,1232
-32558,-1280,4907,31817,-9284,32767
-32558,-1264,-32598,30262,32467,32767
-30598,-1296,-32598,5406,3732,32767
402,-1328,14024,-5454,-2768,32767
11094,-1264,1856,-226,1764,32767
18799,-1280,-15995,5554,-412,31692
24414,-1232,-8096,1462,-9156,31288
-32559,-1280,11827,5306,-8164,11732
-32559,-1280,14001,3658,-4648,9648
-32559,-1328,12828,1634,988,1956
-32559,-1296,12900,-2810,-192,-2388
-32559,-1296,23562,-3454,-10456,-9088
-32559,-1296,29753,-12238,-12444,-8000
19316,-1280,-1690,-18630,-3344,-9912
5237,-1296,-13560,-18606,-13196,-13944
-5807,-1296,-13589,-14922,-16632,-19140
-8241,-1296,-9173,-7818,-32188,-26460
-32259,-1296,-15375,-10990,-12544,-8428
-32558,-1280,-14094,-10946,-8124,-8764
-32558,-1264,-822,606,-10864,-10036
-21372,-1296,22902,1786,-4016,-5012
-22005,-1296,24326,2650,2332,584
2
-32559,-1296,250,28066,18356,19300
-32559,-1328,2446,29122,15068,31456
-32559,-1280,13009,25466,25768,32767
-32559,-1264,-1893,27446,28184,32767
-32559,-1312,-6651,21198,25068,32767
-32559,-1264,-1266,23742,18572,32767
-32559,-1264,-2234,27834,16820,23228
-32559,-1280,-13266,31817,12292,5736
-32559,-1296,-22494,31817,9748,-11236
-32559,-1312,-11016,31817,-2816,-24388
-32559,-1296,4159,11534,-6020,-15616
28689,-1280,14384,-3746,-14484,-19700
10868,-1280,19471,2570,-29732,-23812
-11267,-1296,-5059,-13966,-3824,-15000
-11501,-1312,-20800,-22454,-18676,-13148
-2623,-1264,-232,-17898,-20340,-17004
19562,-1280,18807,-8366,-21900,-27508
27000,-1312,23511,-13814,-16184,-25436
6914,-1264,6259,-9702,-8112,-18948
-32558,-1312,-5297,-5646,-5936,-23124
-32558,-1264,-5712,5506,-5864,-22600
-32558,-1280,2378,15406,-9520,-23152
-32558,-1296,-3838,20590,724,-16196
-32558,-1312,-17881,31817,-4240,2152
-32558,-1312,-15426,31817,6924,27844
-32558,-1296,-32598,31250,988,32767
-23844,-1280,-10290,12234,-756,32767
18402,-1264,10867,14934,-11536,32767
-32559,-1296,12616,10674,-6624,29836
-32559,-1312,7593,13782,2696,27996
-32559,-1264,3618,20310,-4632,16676
-32559,-1280,10665,16462,-5404,10788
2
4259,-1280,3168,-28802,-10936,-14000
-20349,-1296,-5609,-15310,-15652,-5696
-11513,-1296,-24112,-13266,-8080,-16576
13405,-1280,12317,-15846,-13460,-16220
16355,-1296,52,-24070,-10248,-18440
-6874,-1280,-193,-17598,-11656,-25392
-32558,-1264,2710,-12294,-8068,-27256
-32558,-1280,-2076,-3466,-7044,-29588
-32558,-1280,6079,2230,-10132,-24364
-32558,-1232,6208,18262,276,-13400
-32558,-1280,-32598,31817,32468,32276
-32558,-1264,-6609,31817,9564,32767
-23219,-1280,3938,11910,11868,32767
-2952,-1264,-11611,2050,10692,32520
22499,-1296,-12641,9718,-5128,27376
25937,-1280,-14256,5790,-3428,26784
15225,-1264,-4870,-878,-9724,24496
14647,-1248,9680,1826,-12120,24044
25175,-1280,15698,8226,-3112,24040
-32559,-1264,12385,12798,-1972,21864
-32559,-1280,14101,10826,-3344,20352
-32559,-1264,13512,5758,-2752,14896
-32559,-1264,7746,7398,-4480,7948
-32559,-1312,997,2470,-4860,1388
-32559,-1264,-4209,-1294,-6936,-2432
-32559,-1280,-2481,-2870,-6952,-5164
-32559,-1280,-5450,-9666,-1756,-8384
-32559,-1296,-15873,-17126,-388,-19272
-32559,-1312,-17915,-20098,-11564,-20124
13398,-1296,-4358,-22762,-5040,-22524
-8566,-1280,-5700,-20606,-12276,-22252
-21968,-1296,-1929,-15090,-14428,-17620
2
-32559,-1280,4964,31817,8500,21576
-32559,-1312,5847,31817,13928,32767
-32559,-1312,18705,12274,23360,32767
-32559,-1296,9002,9674,31012,32767
-32559,-1312,3388,24382,28240,32767
-32559,-1296,-6539,31026,23432,25444
-32559,-1280,-12807,31817,11028,12444
-32559,-1296,-13441,31817,8576,5312
-32559,-1312,-24511,28442,8564,-5316
-32559,-1344,-21347,21010,-5000,-16292
-32559,-1296,18869,7606,-9836,-19888
-32559,-1280,16655,-3522,-10352,-17776
20045,-1264,17756,-15842,-15292,-21580
5665,-1280,7358,-9978,-23960,-23268
-5279,-1312,-3288,-14842,-21064,-20476
-11181,-1296,-2033,-16370,-17932,-24256
-8751,-1312,5092,-9042,-14888,-31552
-31639,-1296,-44,-10826,-7804,-29244
-32558,-1280,-2617,-9858,-3112,-30004
-32558,-1296,-6835,4566,-8436,-26860
-32558,-1296,-3813,17614,-1520,-15864
-32558,-1280,-32598,31817,-30636,21656
-32558,-1264,-32598,31817,13904,32767
-32558,-1312,-28781,13706,-17176,32767
6762,-1328,31479,12786,-7552,29840
22012,-1280,-4450,3382,4872,32767
22640,-1280,-19469,7094,-12272,28064
27126,-1296,-5663,5934,-8728,24060
25442,-1312,7356,442,-16144,26000
24035,-1296,7496,6694,-6468,23672
-32559,-1312,13994,10162,-8720,20412
-32559,-1296,15132,14002,-7540,14296
2
31506,-1296,15622,31817,6296,18476
-32559,-1296,14874,31578,18652,29292
-32559,-1280,7885,28262,22588,32767
-32559,-1296,8949,20358,20364,32767
-32559,-1312,-5451,12014,27732,32767
-32559,-1280,-13022,14142,18400,22160
-32559,-1296,-4214,28570,12208,13380
-32559,-1312,3115,31817,6436,4460
-32559,-1296,5664,29534,4344,-1880
-32559,-1280,10746,16174,-2604,-4180
-32559,-1328,14327,3914,-11740,-11892
-32559,-1328,22917,1242,-29616,-32768
-32559,-1280,21551,-12786,-29628,-11816
11957,-1296,5735,-22854,-13116,-8904
-5417,-1312,-468,-20578,-13372,-16616
-5473,-1296,3047,-16050,-23020,-25752
-9268,-1296,-1055,-21950,-8960,-27512
-32558,-1312,-12608,-16726,-5668,-28752
-32558,-1296,-15195,-8762,-2884,-26160
-32558,-1312,-23182,3322,-3396,-25064
-32558,-1296,-5182,19654,-1056,-28560
-32558,-1296,-24620,31817,-31368,11576
-32558,-1312,-9211,31817,3180,18292
-32558,-1296,-32598,30410,-92,30428
-30718,-1280,17338,8242,-13272,32767
-11998,-1280,-10208,16714,-1208,27240
5084,-1296,-5162,12670,-21172,22936
20339,-1312,9748,10998,-10536,21000
21338,-1328,7700,7954,-12208,27444
21488,-1296,11555,12878,-10856,21532
-32559,-1344,8629,16938,-3076,13544
-32559,-1296,8625,15958,-7464,13256
2
-32558,-1264,9171,-11750,-8340,-25428
-32558,-1264,-6491,1306,-7112,-32768
-32558,-1296,-368,24594,20,-32768
-32558,-1280,-11868,31817,-22848,-7996
-32558,-1296,-32598,31817,32467,29460
-17247,-1296,-29856,13666,32468,32767
15464,-1280,-32599,12438,-2140,29584
20102,-1296,2947,594,13940,27112
27111,-1280,-30175,8030,-6680,19284
26196,-1312,-15207,606,-10464,20092
23662,-1264,3861,1538,-9312,19800
26320,-1296,11312,1586,-4704,16244
31484,-1296,9686,442,-2032,15236
26892,-1296,5718,5078,-1544,19324
26154,-1312,-263,3170,-1004,10696
31762,-1312,-3728,-2714,-4820,4092
-32559,-1296,-2069,-2266,-4580,4012
-32559,-1280,711,-5346,-5136,1056
-32559,-1296,5921,-6690,-9852,-5032
-32559,-1280,14487,-12658,-9292,-6260
-32559,-1280,8038,-20882,-3816,-8224
-32559,-1296,7001,-19178,-4804,-6852
22935,-1312,-3521,-18994,-5996,-8472
3250,-1296,-6332,-20078,-13756,-14824
-6627,-1328,-4681,-12986,1276,-1612
-18173,-1280,-9023,-14586,-3916,-2548
-25309,-1264,66,-8538,-4984,-3388
-27241,-1328,6680,-8070,-1488,-1124
-32558,-1312,4097,-12150,16,2352
-32558,-1296,-2694,-13826,-1008,4640
2
-32559,-1296,9110,23914,2772,28416
-32559,-1280,7646,19350,4096,32767
-32559,-1296,4975,19422,8612,32767
-32559,-1280,13335,19418,6964,32767
-32559,-1312,11980,17906,13628,32767
-32559,-1296,6336,21282,16752,32480
-32559,-1296,-3540,22490,13816,17876
-32559,-1312,-12488,21050,11592,11608
-32559,-1328,-13333,23470,9880,3564
-32559,-1280,-4301,18126,-1508,-4156
-32559,-1296,508,8750,3660,-1296
-32559,-1328,40,4274,788,-3300
25925,-1280,-133,-378,-812,-7488
25260,-1296,4112,-898,-4664,-12132
-32559,-1296,10212,-2930,-13568,-19744
-32559,-1312,7967,-6126,-16764,-14688
21628,-1328,-2580,-11606,-5820,-8324
18464,-1296,293,-8258,-11768,-6160
16341,-1312,1702,-12410,-5960,-7248
7985,-1328,6102,-11630,-14180,-10368
5623,-1280,5127,-12974,-15792,-14060
2476,-1296,-2777,-14898,-17552,-17856
888,-1296,-8325,-12354,-22176,-22464
3556,-1312,-5900,-11570,-18408,-28768
5663,-1296,-2369,-5754,-19188,-32768
-32558,-1296,4581,13434,-11896,-30104
-32558,-1312,9947,31817,-13308,-15304
-32558,-1264,-20471,31817,11640,21560
-32558,-1296,-32598,31817,32467,32767
-32558,-1312,-32598,17734,6296,32767
2
-25702,-1312,7826,4070,32468,32767
5883,-1280,32703,10858,15632,32767
19181,-1296,-14985,4390,-7784,30692
26615,-1312,-18110,7874,-5920,26876
28029,-1312,-11255,2230,-9792,25364
26145,-1296,1608,806,-10724,24924
-32559,-1344,7618,5394,-5456,20520
-32559,-1312,5262,2670,-320,17688
-32559,-1296,1896,1862,-3144,15144
-32559,-1312,2791,2514,-5372,10272
-32559,-1312,6519,-2486,-5936,5212
-32559,-1296,5430,-2034,-4904,2844
28207,-1328,1126,-3814,-4992,-164
24156,-1344,-3601,-3674,-2856,-2968
28590,-1328,3709,-4418,-12600,-7876
27872,-1280,10422,-12350,-888,-5564
27587,-1328,-3451,-18734,-4352,-9360
23483,-1328,-10471,-11890,-15824,-11032
11527,-1312,-2017,-7958,-14308,-15404
4608,-1328,-1185,-10546,-21756,-18232
-5409,-1328,-348,-10026,-21424,-13084
-27075,-1312,432,-12402,-12208,-5640
-32558,-1328,-3411,-11822,-7556,-5164
-22312,-1328,5848,-8574,-8144,-3320
-13972,-1312,4264,-13290,-5116,-256
-12994,-1328,-373,-13738,-2956,1856
-14004,-1360,-1220,-13926,-3796,1572
-15324,-1312,746,-15066,-3232,528
-18792,-1328,10392,-16222,-3740,1240
-25086,-1296,17300,-18506,-4656,1688
-31900,-1312,7896,-17954,-804,3500
-31469,-1328,-155,-11218,-612,4628
2
19810,-1312,8063,-18318,-7628,-10564
11238,-1296,1362,-17410,-12292,-15260
12481,-1312,-3408,-12634,-22432,-17548
15577,-1264,-319,-23718,-17184,-17392
13895,-1296,4906,-22838,-11496,-14360
14564,-1312,5018,-19414,-12840,-16008
15822,-1296,5336,-17226,-8264,-19740
8757,-1296,4715,-6874,-1492,-30148
-31289,-1312,3431,-3654,-7520,-25180
-32558,-1328,7119,-1442,-6248,-24192
-32558,-1328,-8402,13054,-1632,-32668
-32558,-1312,-43,27150,-12592,-28112
-32558,-1296,-15457,31306,-11848,-3948
-32558,-1328,-28094,31817,1464,-11932
-32558,-1312,-32598,31817,8516,32767
-15497,-1328,11228,1606,-17148,32767
2468,-1312,19776,8886,11536,32767
7174,-1328,-22741,6750,-3172,32767
13198,-1328,-9006,7770,-13516,29688
21124,-1312,12256,4566,-11264,25696
20667,-1328,5232,850,-5508,26160
24512,-1296,868,5234,-4964,22076
-32559,-1344,3832,7402,-4980,17632
-32559,-1328,6487,7006,-3020,13216
-32559,-1344,6812,2406,-2156,10908
-32559,-1312,5078,418,-2676,6916
-32559,-1296,827,-2918,-3592,1592
-32559,-1312,-4745,-3610,264,-4232
-32559,-1344,6539,-2746,-6232,944
29318,-1328,8667,-13574,-6372,-1844
16004,-1328,5415,-16094,-4076,-3988
9310,-1312,-7113,-9382,-5400,-3580
2
21484,-1328,284,6638,-3424,32767
19553,-1312,-15464,8582,1504,31892
16721,-1328,-24463,7286,-10172,29592
22614,-1312,-7757,4670,-18872,27428
31996,-1344,6739,4954,-8528,26548
-32559,-1328,14226,5906,-6324,23876
-32559,-1328,11691,5610,-1996,20616
-32559,-1344,4061,5426,-2188,16012
-32559,-1328,-2909,2074,-5396,9056
-32559,-1360,-5826,-826,-7604,3532
-32559,-1312,-3658,-4954,-5696,2652
-32559,-1328,-944,-4794,-6112,-1764
31568,-1328,8785,-4818,-7128,-1692
29669,-1312,23257,-5542,-3084,-4964
28762,-1328,10518,-9150,-1708,-6864
26562,-1360,-1452,-14606,-6708,-8216
23535,-1328,-1320,-16594,-3208,-14600
15554,-1312,-9753,-13494,-8624,-17768
4523,-1360,-7655,-18078,-14204,-20376
-2986,-1344,-7149,-14942,-13516,-14556
-15075,-1344,-16690,-19142,-2192,-9320
-16344,-1328,-14018,-23566,-96,-8596
-20104,-1312,-7635,-16010,-3556,-7992
-11347,-1360,4349,-12830,-2204,-7660
-7214,-1328,9503,-12266,-2960,-5332
-11278,-1312,5648,-10582,-2528,-2548
-23599,-1360,-2230,-10550,-4236,980
-32558,-1296,-4775,-10942,-5152,-952
-32558,-1312,-2200,-10478,-2108,1656
-32558,-1328,-4891,-12142,2420,5764
-32558,-1328,672,-7978,368,7312
-31486,-1312,6935,-6370,1160,9616
2
-32559,-1296,-19809,15794,12068,32767
-32559,-1280,-8827,11374,9892,32767
-32559,-1312,2069,10410,5340,32767
-32559,-1328,6795,7646,9796,32767
-32559,-1312,7686,10006,10500,32767
-32559,-1328,189,12342,9768,32767
-32559,-1296,-1637,12422,7312,21676
-32559,-1344,-3242,9666,4492,15752
-32559,-1328,-2048,11658,6392,12416
-32559,-1312,-3039,13234,5084,4512
-32559,-1344,-6513,10674,5700,2172
-32559,-1312,4155,12078,4028,-2172
32575,-1312,3400,8446,1916,-7656
25867,-1328,-3224,2590,-4416,-15808
30552,-1328,5338,-2238,-22900,-32768
11640,-1376,-27910,-15642,-32292,-20592
-16483,-1328,22177,-20798,-22276,-18076
6979,-1360,350,-7802,-11668,-18652
8561,-1344,-32598,-20726,-3340,-14988
-5799,-1328,3666,-16070,-5288,-24172
-14641,-1328,1390,-5934,-3668,-24032
-32558,-1312,4681,-8222,1144,-21320
-32558,-1296,19390,618,2292,-21792
-32558,-1328,11814,7438,2720,-19428
-32558,-1312,7019,8510,-2040,-11872
-32558,-1312,22303,16270,-700,-20560
-32558,-1360,6802,31817,12992,-10080
-32558,-1328,-32598,31817,11644,32767
-32558,-1312,10650,31817,32468,21068
-32559,-1360,-32599,27134,19324,32767
7758,-1344,-32598,7158,3344,32767
2837,-1344,-5865,19318,-12804,30152
2
-32558,-1312,-4599,-3570,3092,-19792
-32558,-1360,5235,-110,2776,-22248
-32558,-1376,8149,7318,-2056,-29464
-32558,-1328,11828,19850,3820,-27588
-32558,-1328,-11923,31817,-244,-3972
-32558,-1344,-32598,31817,-6008,-9104
-32558,-1344,-29958,31817,-18196,32767
-24393,-1360,30605,19282,-14596,32767
11671,-1344,11422,22242,8040,32767
20150,-1328,10899,12722,-15376,23264
22008,-1344,1016,5778,-3020,25520
18614,-1296,-10462,8594,-4164,22824
30027,-1312,-838,11522,-9956,18688
-32559,-1360,4074,11394,-3868,18256
-32559,-1328,1917,8170,-4628,17856
-32559,-1312,5881,4470,-8716,14408
-32559,-1328,6986,-394,-5016,8580
-32559,-1328,4682,-3654,-3520,6512
32583,-1344,2991,-4966,-4312,6052
27705,-1296,-13895,-5858,-1972,3580
28317,-1328,-6868,-5042,-6820,508
28111,-1344,-7582,-4834,-4616,-4116
26152,-1360,-6516,-6774,-6728,-4908
25154,-1344,-2711,-7198,-7784,-5556
20062,-1344,-4386,-10522,-4716,-6404
18792,-1360,-4597,-10602,-9212,-11864
18498,-1328,-3879,-8906,-9948,-13000
13932,-1344,-7842,-13770,-5992,-11088
1298,-1360,-965,-16466,-13780,-10600
-7119,-1344,4029,-12842,-5164,-11600
2
-32558,-1344,-3207,7950,620,32767
3456,-1344,30557,13422,-10660,32767
9844,-1360,1974,5914,-6188,32767
3997,-1344,-10737,3866,-8552,32767
11148,-1328,5377,6202,-17412,32767
23721,-1296,11694,2390,-5620,28656
26510,-1344,7590,1022,-2868,26108
31019,-1360,13662,982,1332,19184
30944,-1328,-2984,82,7744,21580
26922,-1344,-16455,5438,452,17412
28554,-1360,-11192,9270,-3364,8488
-32559,-1328,3873,-1918,-2528,3296
31922,-1328,-127,-6382,-5580,-436
30552,-1344,-1391,-10962,-4392,-996
25879,-1360,10478,-7954,-10620,-156
21396,-1360,12929,-15282,-11112,-2156
17343,-1376,3291,-15010,-8200,-2460
13194,-1328,-5537,-14074,-5528,-4440
14015,-1344,-10872,-15818,-5040,-6672
16036,-1344,-11366,-16906,-8768,-8700
16886,-1328,-8999,-16206,-9724,-9180
18779,-1344,-13782,-18274,-7904,-9192
14401,-1344,-18520,-18082,-10228,-9048
9385,-1360,-14094,-15914,-5704,-7276
6197,-1344,-6324,-14810,-4228,-8728
765,-1360,-2461,-13202,-5152,-7732
-6843,-1328,-6549,-13778,-4196,-7808
-14372,-1344,-12682,-12750,-3868,-8224
-20230,-1328,-8411,-11210,-4944,-9652
-30549,-1376,1481,-11210,-6052,-9528
2
-28309,-1328,10316,-1626,-6168,-28564
-32558,-1344,17118,1626,-9152,-25288
-32558,-1344,24238,13054,-8140,-29688
-32558,-1328,8582,25246,11444,-25604
-32558,-1360,-32598,31817,8648,23020
-14973,-1328,5391,18466,32468,32767
11364,-1344,-32599,6650,6736,32767
6418,-1312,-3836,6222,-3276,32767
7188,-1328,-27337,6358,-3992,28944
14104,-1344,-8662,4682,-10316,25912
24270,-1376,4407,3210,-10704,24012
27395,-1360,7059,1562,-880,24620
-32647,-1376,7589,4434,-2348,18964
-32559,-1312,9692,1178,-1404,17052
-32559,-1360,6731,2214,-676,15964
-32559,-1360,4667,-298,-3704,11488
-32559,-1344,4018,-4018,-4296,8040
32623,-1360,953,-3754,-5768,7760
29846,-1344,-2633,-5738,-4780,5328
27578,-1376,-4405,-5790,-3120,4676
28364,-1392,-5522,-5450,-3844,804
27028,-1344,592,-11382,-1780,-1008
21705,-1344,-2551,-13954,-1704,-736
14155,-1360,-6053,-15334,-5540,4
7712,-1392,-17575,-12666,-2668,-3488
6911,-1376,-14762,-16050,-5536,-7208
10541,-1360,-19097,-17122,-6756,-9036
14744,-1360,-15355,-15918,-6528,-15024
20599,-1344,-9526,-16174,-9132,-20564
19095,-1360,-4528,-15298,-12172,-17872
2
-32558,-1360,-32598,31817,-14756,31324
-4610,-1296,-32599,20010,-16736,26732
22332,-1296,-32599,10914,16080,32767
18280,-1344,-6395,3502,-8780,31820
22059,-1328,-19362,9890,-1804,25780
29292,-1296,-6093,8014,-11648,23124
32209,-1344,7988,6314,-5344,20856
-32559,-1328,17421,6890,-40,18088
-32559,-1344,23836,11186,1692,14668
-32559,-1312,19859,2742,2312,8216
-32559,-1328,7787,-4666,-1788,5164
-32559,-1312,-1658,-8586,-3016,7280
22304,-1312,-6217,-11958,-4384,5672
21857,-1360,-12520,-11346,-7096,3028
19961,-1296,-7217,-12158,-8564,2644
16010,-1344,-3556,-13958,-6260,2592
17763,-1328,764,-17062,-6004,-1708
24034,-1328,4201,-12786,-7040,-3760
23425,-1312,467,-13678,-4728,-3996
20571,-1328,-5803,-17446,-7424,-6064
16273,-1312,-4750,-17738,-8744,-6652
-10394,-1312,-3325,-11726,-6140,-4284
-16330,-1360,-686,-13246,-1588,-4932
-21845,-1296,6444,-9870,-3928,-8928
-20942,-1312,14896,-9850,-2936,-3676
-28491,-1328,7979,-12066,2540,40
-32558,-1312,-1100,-10822,2152,3520
-32558,-1312,-3553,-9746,2128,5852
-32558,-1360,-774,-9318,2956,8444
-32558,-1312,1733,-11906,7112,14584
2
-32559,-1328,5988,21594,13180,32767
-32559,-1296,14646,22994,12472,32767
-32559,-1296,8447,20006,18504,32767
-32559,-1344,2608,25306,19392,32767
-32559,-1312,14591,21906,9628,20212
-32559,-1296,13989,16858,6052,7384
-32559,-1312,-1690,17510,6220,1228
-32559,-1344,-8626,11970,1816,-624
-32559,-1328,-20338,8698,5628,-2312
28313,-1328,-23588,6930,352,-7932
28785,-1344,-8270,3534,-6264,-15140
-32559,-1296,6319,-2790,-10664,-19708
-32559,-1344,16120,-10070,-12992,-17960
20490,-1344,9298,-14786,-5728,-7532
3719,-1296,-8275,-14314,-6684,-3792
-5468,-1344,-10035,-14498,-14788,-6652
-6883,-1312,-2076,-16954,-13844,-7064
-4040,-1360,9192,-17546,-14944,-11272
-584,-1344,4443,-19130,-10076,-14512
7949,-1312,2128,-14610,-12280,-21748
2436,-1328,-4411,-17666,-5088,-20432
-24751,-1328,-9370,-15838,-6184,-25704
-32558,-1344,-4998,-8010,-4356,-24592
-32558,-1328,-688,1046,-5136,-23552
-32558,-1344,9541,4514,-3864,-15836
-32558,-1312,1665,8886,2716,-10492
-32558,-1328,-21967,31817,9876,-18552
-32558,-1344,-29481,31817,4104,30216
-32558,-1328,-32598,27042,-8332,32767
-20383,-1328,14430,16010,-20324,30412
18550,-1312,-32599,9802,6328,32767
19675,-1328,15059,1998,-1308,32767
2
-32558,-1312,-1408,27822,32468,18224
9024,-1344,-32599,9658,-13924,31200
4960,-1360,-4856,5910,11160,32767
11274,-1360,-17208,11294,-21632,28832
20774,-1344,20133,9458,-18440,26296
28333,-1360,14292,5998,-3168,25952
30506,-1344,1175,7454,-2560,23660
-32559,-1376,11645,11090,180,20080
-32559,-1328,598,8402,6852,13336
-32559,-1360,7313,-6398,-14648,664
-32559,-1344,15520,-7014,-4144,-1060
-32559,-1328,2471,-4394,-5260,-4372
-32559,-1328,2943,-9946,-6560,-2416
29800,-1312,2754,-15002,-5788,-2912
16511,-1328,-3840,-10550,-4620,-5312
18670,-1296,-1841,-11298,-8396,-4796
7798,-1312,-330,-15546,-8424,-5272
301,-1360,-5426,-17310,-11888,-10560
953,-1360,-3636,-13006,-18636,-15728
2033,-1344,-3934,-10910,-21168,-7652
-9895,-1328,-22067,-17006,-1132,-7372
-25134,-1344,-5905,-17266,-4976,-4096
-32558,-1376,3136,-13758,-12408,-404
-32558,-1328,-132,-11034,-6504,-124
-32444,-1344,2765,-10822,-3744,996
-29366,-1344,16254,-9554,-2604,1964
-27130,-1360,16946,-6770,4224,5148
-27036,-1360,10121,-6342,13152,11968
2
-32558,-1376,13442,31817,32467,21008
-32558,-1344,-32598,31817,21332,32767
-19656,-1360,-32599,11730,32468,32767
19475,-1328,21873,6550,32467,32767
11008,-1344,-26824,4394,-1396,32767
13486,-1328,-1797,3462,-9888,32300
17243,-1328,1633,4558,-4496,29296
20425,-1344,-2746,438,-5952,27800
21184,-1328,3176,3162,-1308,26384
28064,-1360,28,5886,2116,20144
-32559,-1312,931,4210,-2708,15940
-32559,-1360,10341,2506,-1000,13984
-32559,-1360,6554,554,-2516,11144
-32559,-1376,3660,618,-8124,3304
-32559,-1360,1187,-962,-7356,2120
-32559,-1328,-7934,-6410,-200,1416
30974,-1344,-13314,-12322,-2664,-1684
14341,-1360,-8430,-9838,-11732,-4844
12886,-1360,426,-7710,-6132,-4280
11369,-1344,4566,-9766,-4932,-6948
11801,-1328,3486,-15530,-3856,-7896
5796,-1328,1234,-19762,-5416,-6144
-5633,-1344,-3658,-23030,-5564,-7208
-9316,-1360,-8194,-20334,-7036,-7836
-9707,-1344,-1465,-17798,-7896,-7272
-7713,-1344,1945,-14754,-5924,-4512
-7299,-1360,1994,-12282,-2568,-2628
-12348,-1344,2168,-11282,-3136,-1080
-19624,-1376,6965,-9730,-3420,-696
-23642,-1360,5399,-8130,-3308,100
-32558,-1376,3171,-7546,-2600,3652
-32558,-1344,4407,-5322,-1856,4884
2
-32559,-1344,22533,21646,13860,29892
-32559,-1312,8795,20090,19008,31056
-32559,-1360,2377,16174,13652,32528
-32559,-1360,10469,16258,19412,32767
-32559,-1376,12428,20526,15756,26480
-32559,-1360,789,17898,9640,16408
-32559,-1344,-9921,16270,12220,9820
-32559,-1344,-17556,14114,6468,4620
-32559,-1360,-19844,10206,2868,-660
-32559,-1344,-18115,7766,612,-5460
-32559,-1360,-14093,4642,652,-6304
-32559,-1360,-11787,858,452,-8172
-32559,-1344,4719,1842,-2132,-9892
-32559,-1360,12325,-1526,3648,-11664
13878,-1360,10487,-5482,-2612,-11984
-4803,-1344,10063,-4518,-12928,-18128
-6143,-1360,1647,-5914,-18844,-15904
-8925,-1344,-8944,-15422,-13436,-16076
-8938,-1344,-4636,-17426,-16756,-16292
-2046,-1360,4430,-12770,-15328,-20416
1294,-1360,12790,-14758,-10452,-20408
-2645,-1344,9201,-8538,-3216,-27680
-19394,-1360,9589,-946,-4204,-31500
-32558,-1344,10429,-4610,-3096,-27988
-32558,-1344,-1290,6422,-9112,-21776
-32558,-1360,-10089,16074,-2292,-13972
-32558,-1376,-11995,23402,-4680,-5096
-32558,-1344,-844,31817,-22132,-5548
-32558,-1360,-9840,31817,11672,32767
-32558,-1408,-11448,31817,-4832,19652
-32559,-1376,-32599,22726,-5044,23840
-32559,-1360,13465,5254,9328,32767
2
-32558,-1360,1980,31817,7600,19052
-32558,-1360,-32598,31817,14768,32767
-32558,-1392,-32598,26538,32468,26780
4171,-1376,7836,7046,7988,30728
29445,-1360,20751,10506,-15896,28144
24573,-1344,15458,3758,-7016,26292
23658,-1376,-8519,3510,744,25980
24408,-1360,-8188,3594,-12696,27340
30076,-1360,13464,5450,-11796,21388
-32559,-1344,10171,-4586,-3336,13872
-32559,-1344,8226,-5846,-4736,11984
-32559,-1360,5021,-6882,-3848,7980
-32559,-1376,-1524,-10190,-2640,3740
-32559,-1344,-7196,-9478,-4168,1556
28606,-1360,-5499,-9886,-3392,852
19402,-1344,-4031,-11666,-2676,-1624
15093,-1360,-6705,-10942,300,-4292
14967,-1360,-3964,-10302,-932,-6000
17459,-1360,1055,-9714,-2892,-7152
20842,-1344,499,-12874,-1124,-9012
13015,-1360,-670,-16650,-1468,-10400
871,-1344,-4055,-17494,-4648,-11308
-9800,-1312,-6339,-16166,-6292,-11684
-10076,-1360,-6700,-15866,-7788,-11312
-17647,-1376,-2336,-14238,-11120,-7732
-25375,-1360,-6083,-13462,-8880,-6948
-26971,-1392,-5134,-9438,-8348,-7092
-27454,-1376,7704,-8178,-6792,-4764
-29387,-1360,13660,-7830,-2512,-3032
-32558,-1376,10873,-8190,-436,2744
2
-32558,-1312,-32598,31817,-4124,-6132
-32558,-1344,-15638,31817,-52,4828
-28486,-1360,-12320,14274,-1624,32767
3695,-1328,5717,23074,952,31144
23858,-1376,-10538,12138,2616,32767
-32559,-1328,-1376,12546,-10708,26888
-32559,-1344,5100,4774,-4048,28212
31969,-1376,4087,3990,-2596,27868
-32559,-1328,10350,6602,-4836,20780
-32559,-1344,10711,4886,-2092,15844
-32559,-1344,8392,466,-832,11236
-32559,-1360,3209,-334,-872,8804
-32559,-1344,-2576,806,-3732,4796
22889,-1376,-280,-7670,-9076,-4624
23178,-1360,6020,-13918,-5272,-6436
19374,-1376,2075,-16982,-4976,-5228
12357,-1344,3044,-20558,-6684,-7784
2299,-1360,1582,-24394,-12280,-11132
-10386,-1360,15182,-22122,-19424,-12236
-15817,-1376,14268,-19350,-17852,-7196
-6168,-1328,-18005,-15414,-2584,-2400
-4196,-1376,4483,-13498,-2384,1312
-10522,-1376,12040,-11174,-1828,-232
-21121,-1360,18115,-8850,-4684,1508
-32558,-1376,14992,-6658,-1904,3668
-32558,-1360,5096,-6666,3332,5508
-32558,-1360,-6208,-4314,3412,9752
-32558,-1376,-3052,-9198,13044,21480
-32558,-1360,661,-4882,-2820,8756
-32558,-1360,9119,14462,-11068,4132
2
-32558,-1344,-27687,31817,-7184,12076
12283,-1344,10782,23962,-19716,32767
24643,-1360,14810,7754,6356,25088
10393,-1376,-15834,3222,-2152,24952
7213,-1344,-15100,8566,-7596,20172
10724,-1360,-5711,10354,-7004,20692
15065,-1344,-2876,9862,-10536,19832
18690,-1344,-1314,8142,-6824,21232
24218,-1328,-3513,13518,-2932,19252
-32559,-1360,-3095,10662,-6100,14320
-32559,-1360,-3339,7394,-3972,14820
-32559,-1328,-3906,3694,-6052,10416
-32559,-1344,-3629,-2014,-5724,5736
-32559,-1392,-3034,-3722,-6068,2700
-32559,-1328,-3113,-2798,-6316,-2032
-32559,-1344,-2826,-2806,-3924,-9384
-32559,-1360,9231,-8366,-9164,-10468
-32559,-1360,-5779,-13454,-7400,-16788
10792,-1376,-17560,-20658,-8496,-20924
-13762,-1392,-5666,-15354,-14456,-16712
-19611,-1360,3403,-14514,-10592,-12108
-23244,-1344,2701,-16954,-8640,-6740
-29586,-1360,-365,-16186,-6684,-2708
-32545,-1376,-5629,-13486,-6400,-444
-17959,-1376,-1154,-10838,-5484,-412
-16605,-1360,-437,-12458,-5784,3724
-17874,-1360,3975,-10290,-3828,3152
-18553,-1408,6293,-8806,-2948,3036
-21562,-1360,7396,-8002,-2000,2972
-25466,-1376,7561,-7614,-736,364
-28947,-1360,10311,-8258,-864,888
-32558,-1360,14306,-7314,3100,208
2
-32559,-1312,-2123,26246,32467,21196
-32559,-1344,-14138,24438,25624,23948
-32559,-1328,3222,23806,25876,23720
-32559,-1344,-2428,18698,24468,18912
-32559,-1312,-18711,18358,17272,12600
-32559,-1328,-23906,16854,8828,5148
-32559,-1360,-26861,13546,4712,2840
-32559,-1312,-29784,10990,5060,-1572
-32559,-1328,-29669,9914,2636,-8068
-32559,-1360,-17382,5326,-3344,-6208
27567,-1344,-6284,1910,-1220,-4464
15361,-1344,-100,22,-1016,-7164
7948,-1296,2543,-5786,-8356,-8248
3844,-1360,3812,-11946,-27832,-16248
-8407,-1328,-12066,-22986,-21308,-4756
-31271,-1328,2716,-26438,-13040,5860
-16284,-1344,-5151,-21758,-9868,4480
-2041,-1296,-2700,-23158,2700,9108
3759,-1360,2532,-24742,-5292,6648
21718,-1312,-4131,-21510,-5848,-8968
25064,-1296,-19691,-30310,-6820,-7136
-4224,-1376,5391,-29462,-16316,-17428
-24599,-1360,13689,-23146,-5572,-25932
-32558,-1328,11742,-14994,-3580,-23920
-32558,-1344,22186,-550,-4108,-30440
-32558,-1328,21433,12378,-5284,-21620
-32558,-1328,17630,27862,-12220,-19556
-32558,-1344,18075,31817,-132,-15096
-32558,-1328,-4617,31817,15364,23804
-22381,-1328,4530,31817,-24540,32767
493,-1344,846,31817,23996,32767
21285,-1328,-19464,31817,-6556,32176
2
24628,-1344,27784,-16942,32468,-24984
11878,-1344,-32598,31818,-11392,7196
-11418,-1360,-13829,-27550,-19608,-1840
5840,-1344,-3425,-16998,-20484,-11404
26858,-1328,-9326,-21698,-9728,-14792
7686,-1360,-24753,-22582,-4468,-15020
-20305,-1376,19380,-16298,-11840,-23072
-29934,-1328,11967,-6554,-5660,-24548
-32558,-1360,18958,-4014,1040,-15212
-32558,-1344,22349,2710,-2524,-19868
-32558,-1360,7028,11342,-9492,-19172
-32558,-1376,-1016,19826,-5160,-13036
-32558,-1344,-22619,29154,-6844,-7620
-32558,-1360,-32598,31817,-3784,5564
-32558,-1312,1926,31817,-29400,-17136
7107,-1328,29698,31817,28,31976
14639,-1360,-17174,22386,27308,32767
26922,-1344,-32598,31817,-20428,23408
-32559,-1328,-1306,26558,-9720,22820
-32559,-1360,-8082,24590,748,15804
-32559,-1376,-2375,14602,-8296,7352
-32559,-1328,4648,1642,-6984,3072
-32559,-1328,-637,-626,-1496,5048
-32559,-1376,-3581,1038,-3572,2012
-32559,-1328,-6816,-2418,-9248,-7936
-32559,-1376,-2727,-5086,-7556,-5688
28607,-1344,3650,-5754,-4212,-3152
25195,-1328,1642,-8206,-772,-6448
4446,-1360,-3004,-22030,-7588,-8432
2549,-1344,-8369,-31818,-16624,-10948
2
-32559,-1376,-13495,16286,12268,28040
-32559,-1360,1576,16294,-14340,32767
20369,-1360,9798,7886,-5764,30064
24660,-1376,8849,9590,-3456,25432
27592,-1360,12591,5110,-1448,22784
32721,-1376,11148,10502,1016,18836
-32559,-1344,11090,8130,-3220,14840
-32559,-1360,12453,414,-4108,13084
-32559,-1360,9575,-1534,-4816,11352
30546,-1344,4800,-1638,-5476,8464
26365,-1360,3830,-1226,-6584,3124
29048,-1344,1834,-1602,-5432,-1860
30032,-1360,4489,-4918,-1508,-2848
31981,-1360,1800,-12834,-1032,-7316
-32559,-1344,-6655,-23030,-3932,-10700
21882,-1360,-8832,31818,-2112,-10576
-13973,-1344,-3164,-29258,-15304,-9400
-22936,-1376,-1221,-23922,-20244,-6688
-20732,-1360,5693,-23210,-15028,-3892
-6943,-1344,-5035,-15374,-8524,-2164
-32558,-1376,8537,-5094,-3028,-580
-32558,-1328,10496,-3162,-3960,-892
-32558,-1360,11080,-1942,-1848,2152
-32558,-1376,13223,370,-2644,8
-32558,-1360,18454,4330,-3176,-2360
-32558,-1376,16664,14942,10988,10468
-32558,-1376,11196,21034,11132,9596
-32558,-1328,8822,15106,3404,1828
-32558,-1360,17483,24778,16932,21296
-32558,-1376,19321,31817,8352,9924
2
-32558,-1376,-7026,31817,4604,32767
-21803,-1392,21376,31817,20976,24308
-32559,-1360,16272,25550,6676,32767
24282,-1376,8707,2578,-6100,32767
18240,-1360,-12670,16414,7884,28840
-32559,-1360,-13475,11234,-8812,21204
-32559,-1376,11568,4842,-8988,24488
-32559,-1360,16365,5706,2944,19756
-32559,-1360,6924,6438,5364,15312
-32559,-1376,3374,9398,776,16484
-32559,-1360,9589,-594,-1896,10448
-32559,-1360,8665,-2550,-552,7084
31270,-1344,123,-1490,-1540,6892
21382,-1392,-2573,-4126,-13672,-512
16053,-1392,10541,-12358,-22300,-3440
15555,-1344,6980,-17866,-5896,-4972
20261,-1360,-559,-15994,-6752,-3088
22493,-1392,-6710,-13774,-6608,-1224
21790,-1376,-6584,-17406,-7036,-3456
13137,-1392,-9673,-17954,-9324,-1940
1317,-1360,-9248,-16738,-8060,-3008
-477,-1376,-6642,-17758,-7036,-5812
-1752,-1360,-9118,-17242,-8884,-4512
-1411,-1360,-7016,-16138,-10520,-4456
-3420,-1376,1111,-17286,-9244,-4668
-12998,-1328,9087,-14234,-5852,-3028
-23632,-1376,12692,-12838,-4940,-2884
-31893,-1376,14343,-9306,-5080,-1356
-32558,-1360,16017,-7946,-3224,-92
-32558,-1344,13307,-4662,-1744,768
-32558,-1360,8606,-2590,-156,4060
-32558,-1360,4254,1226,2132,4496
2
-32558,-1360,-3489,2766,-1524,-32768
-32558,-1360,2880,5314,4228,-32768
-32558,-1376,-3408,11310,5008,-32768
-32558,-1392,-11221,27926,-14844,-23964
-32558,-1392,-32598,31817,56,-21056
-32558,-1376,5944,31817,32468,21864
1435,-1360,-32599,31817,15824,32767
-10442,-1360,-15724,14070,14404,32767
3400,-1376,-21252,23322,-8812,31180
29339,-1408,7083,12318,-4568,24944
-32559,-1360,13956,12534,-4996,26968
29429,-1392,11934,7218,104,22740
-32582,-1376,2869,7902,1792,18636
-32559,-1392,4904,8054,-1960,16160
-32559,-1392,11400,7150,-976,13556
-32559,-1408,6456,-1666,260,8112
-32559,-1360,-3903,-4898,-1580,5732
-32559,-1392,-6177,-1410,172,3520
-32559,-1408,-11468,-3882,-5112,1228
-32559,-1392,-6905,-4262,-4548,-2824
-32559,-1360,-5616,-5550,-6924,-1524
30991,-1376,3135,-10930,-3356,-4760
27663,-1392,3381,-17022,-724,-7332
20217,-1392,7748,-18414,52,-7072
10510,-1408,1402,-25506,-4676,-13660
12698,-1392,4602,-22258,-17956,-26812
668,-1392,6235,-13746,-14096,-8400
-4339,-1376,-25,-12502,-5872,19068
-28085,-1424,-12245,-17798,3112,1108
-23876,-1392,-2715,-8870,-8116,-3896
-14894,-1376,20068,-7930,-4372,-192
-25014,-1408,22316,-11442,488,108
2
-16770,-1392,11322,-2382,-25876,-6088
-32558,-1408,-10800,-19918,-11824,-2144
-22651,-1424,-15640,-16178,-19736,3156
-971,-1392,9305,-23458,-12516,3680
14273,-1408,8609,-26498,-7472,-428
18364,-1392,-8705,-24758,-5164,-2008
15718,-1392,-19606,-23690,-7332,-6000
18798,-1376,-18085,-18914,-13256,-18040
22846,-1424,-11285,-20370,-14316,-20732
12098,-1392,1089,-16078,-11208,-32768
-24736,-1376,7289,-15110,-6704,-24972
-32558,-1424,13822,-6626,-15576,-30616
-32558,-1392,-669,9410,-9436,-32768
-32558,-1376,-12100,23142,9916,-32768
-32558,-1392,-32598,31817,-8112,-32768
-32558,-1360,-32598,31817,-6252,8916
-32558,-1408,27760,23938,32468,1148
5375,-1360,-32599,31817,18160,22236
2948,-1392,-25500,13618,6892,32767
6681,-1376,-6359,30150,-23760,32767
24431,-1424,8405,18326,3384,27920
-32559,-1360,-9887,12906,-10804,27016
-32559,-1392,11664,10926,1548,17072
-32559,-1376,7804,4398,1884,14188
-32559,-1408,6627,1562,-2292,11712
-32559,-1392,4893,-1030,-4156,8828
28821,-1424,5412,1406,-6132,5800
27044,-1376,1771,2394,-3380,-352
-32559,-1392,608,1218,-1288,-7420
-32559,-1392,14053,-4490,-7696,-18532
2
-31045,-1376,9227,-13294,-2232,-29480
-32558,-1360,12453,-3450,-3916,-32768
-32558,-1360,15291,4354,-1268,-28716
-32558,-1344,11529,10366,-3640,-24660
-32558,-1376,-17764,31817,9720,-3748
-32558,-1360,-32598,31817,8840,31936
-29160,-1360,-6405,9574,32468,32767
-2487,-1376,28864,12438,10156,32767
1311,-1360,-32575,4718,-11512,32767
10112,-1376,13134,1022,-22980,32767
16444,-1344,2663,3854,-6344,31708
20231,-1392,3369,602,-8800,29076
25285,-1376,7875,3806,-7040,26032
-32559,-1392,14674,5330,-2940,24748
-32559,-1392,9604,3622,804,22716
-32559,-1344,11482,3834,-2196,18516
-32559,-1392,11507,1738,-1128,14656
-32559,-1360,3394,2562,908,11536
30761,-1376,927,1650,-912,5488
29695,-1392,5524,-1206,-3480,156
-32559,-1376,-7830,966,-2112,-11196
-32559,-1376,-11209,-1742,-7620,-11324
-32559,-1360,-6808,-6462,-12680,-15828
29073,-1392,-3751,-8030,-9392,-14400
16772,-1360,-4079,-9974,-5184,-15824
11147,-1360,-6968,-10166,-8096,-17788
4377,-1376,-9744,-13230,-9196,-14248
-10635,-1360,-3461,-17838,-11076,-12304
-20938,-1360,704,-15110,-14608,-12920
-25702,-1376,-798,-13738,-8616,-8252
2
-32558,-1328,8243,-16186,-4892,-27684
-32558,-1328,1694,2034,-6176,-32768
-32558,-1312,1127,12706,-5368,-28652
-32558,-1344,-3835,11618,-1472,-22192
-32558,-1360,-10960,20550,3040,-27232
-32558,-1376,-32598,31817,-2072,20756
-32558,-1328,-32598,31817,-14224,21780
3391,-1328,-32599,13582,-19540,32767
16227,-1344,2997,18186,9980,32767
17663,-1360,-21543,15710,-16796,32767
26854,-1376,2304,7338,-20060,26236
27674,-1344,-1033,314,-10260,25992
20132,-1360,-5316,-5130,-10712,22480
18416,-1344,4,322,-7664,19376
20961,-1328,794,1698,-6500,17900
25292,-1360,3260,3146,-5628,14984
28462,-1408,5335,2962,-4132,13244
30260,-1392,4122,578,-5788,10488
30294,-1344,704,-1786,-2792,10108
27629,-1344,-249,-2118,-4148,9380
26444,-1360,4049,-3018,-7352,6028
27249,-1360,8401,-6966,-6488,1804
31995,-1344,6209,-9858,3356,-1740
28073,-1360,751,-11958,-1676,2748
18101,-1344,-7091,-18614,-6196,2308
14438,-1344,-17390,-20058,-3160,-1404
13396,-1360,-11505,-19186,-14528,-1156
5041,-1360,1112,-17474,-4632,-2944
42,-1344,-5701,-15982,-4696,-4836
-3970,-1360,-3622,-16174,-7984,-2788
2
-965,-1360,3676,16286,16420,30984
16332,-1328,-5504,11862,-4708,28280
9035,-1344,-725,6458,-10436,27960
6750,-1376,646,3166,-8200,22204
13294,-1360,2475,542,-6544,24636
6762,-1360,6514,-1510,-2820,26948
1150,-1376,2146,854,1432,25400
4246,-1360,-4428,4194,3452,24572
23002,-1392,10209,4350,-724,18428
27012,-1392,6267,4114,540,16984
31609,-1376,2545,510,160,11800
-32559,-1392,516,-486,-1552,9772
30055,-1360,-1498,-4066,-1640,11272
20932,-1376,-3068,-8590,-528,10808
15754,-1360,34,-11874,-2996,10264
16976,-1344,5208,-5398,-4308,8568
20516,-1376,4135,-10610,-1428,7648
20137,-1360,2323,-11866,-3800,6912
18382,-1328,3172,-12310,-2496,5684
14877,-1360,4358,-13662,-3232,4520
12703,-1392,2222,-16322,-2312,3208
11174,-1376,320,-17078,-2120,2680
7432,-1360,1299,-17958,-3268,3200
3695,-1392,952,-17118,-2844,2436
2526,-1376,-36,-15974,-1744,836
2013,-1360,-1491,-17370,-1948,1612
4656,-1392,-6938,-14518,-1548,244
8614,-1344,-5648,-15386,-3212,1296
7581,-1360,-545,-19094,-3700,2900
2689,-1360,1868,-18818,-3104,4656
2
31761,-1344,28705,-12614,32468,-23268
9575,-1392,-26633,-23846,21704,-18676
-3894,-1392,-10989,-14050,-11980,-16560
510,-1376,-5000,-6298,-12248,-23868
7765,-1360,-2710,-7894,-580,-21524
1619,-1392,4105,-7974,-3188,-26288
-13813,-1376,5253,-3886,-7132,-28528
-29573,-1360,10728,-538,-4912,-31796
-32558,-1344,6064,-46,-6432,-31552
-32558,-1328,-10582,3338,5340,-32768
-32558,-1360,-18717,-3342,108,-32768
-32558,-1344,-12757,3590,32468,-32768
-32558,-1376,-15879,31817,-23556,-32768
-32558,-1360,-9747,31817,32467,-32768
-14975,-1360,2756,31817,-26764,32767
17999,-1360,-14872,26670,20532,32767
22445,-1392,-15758,15774,-18768,32767
26575,-1376,2070,8758,-9732,30476
-32559,-1344,-946,2370,-12212,28532
26265,-1360,4468,-1602,-8976,30404
14518,-1376,7757,-7046,5316,28588
20351,-1392,6097,6318,-324,20988
-32559,-1360,3644,1290,3488,21132
-32559,-1376,5014,1314,-1320,20432
-32559,-1360,2635,2390,4164,14368
-32559,-1344,1595,-1990,-3452,9556
-32559,-1376,5059,-2902,-4376,8184
31174,-1360,8097,-4090,-1720,4080
28506,-1376,7396,-8754,-756,-208
28100,-1360,4156,-16738,-2232,-920
22338,-1360,-2846,-16070,2124,4172
17666,-1392,-572,-12718,-3684,284
2
-32558,-1376,236,16734,32468,32767
-31215,-1408,-32599,12714,8784,31952
-17207,-1392,-12615,15338,14144,32767
1229,-1408,-18319,14054,-12436,28612
11502,-1408,1174,6350,-12300,26072
10853,-1392,5568,2802,-9032,26408
1123,-1376,-7103,758,-1916,29092
-3726,-1408,-12623,7346,-6400,28024
6637,-1392,1864,10090,-7124,23312
22246,-1408,2441,8974,-1256,24024
28396,-1376,-1085,9390,-2316,23072
-32559,-1360,-1331,7002,-264,17548
-32559,-1392,24,1906,-1784,17764
-32559,-1344,629,-106,-2104,15752
-32559,-1392,-10392,-1874,2204,10900
-32559,-1376,-21803,-6670,-4068,8956
-32559,-1392,-15882,-10062,-9420,6652
-32559,-1424,-6886,-8622,-6600,5296
31105,-1376,-697,-7978,-6112,3460
29241,-1360,5287,-8090,-6768,592
23834,-1376,12307,-9474,-6984,1900
18914,-1360,16402,-7718,-256,-2300
21010,-1392,17194,-8574,-4588,-5988
17208,-1376,20200,-15518,-8164,-2872
11572,-1344,6570,-15342,-5864,-1600
4057,-1392,-3174,-12170,-10300,-2652
3115,-1360,1751,-11466,-13188,-6876
8369,-1376,2292,-12218,-10352,-7028
10705,-1392,-3464,-12674,-9184,-4828
9620,-1392,-8510,-13242,-9184,-4996
8537,-1408,-7543,-12970,-10036,-5324
7876,-1392,-3405,-12694,-9452,-6004
2
-32558,-1376,8887,29610,-28476,-32768
-32558,-1376,-4022,31817,892,7184
-32558,-1392,-32598,31817,16040,9908
-32558,-1392,6768,31817,-30108,32767
-6668,-1376,26695,4194,22208,32767
6558,-1392,-19000,15710,-2540,32767
15798,-1424,-2358,10066,-22296,32767
26972,-1376,10814,9958,-6728,27792
-32559,-1392,-1485,5362,-4232,30352
-32559,-1392,6461,7398,-6080,27012
-32559,-1408,8401,2214,896,23036
-32559,-1376,3663,-854,-772,22540
-32559,-1360,5822,-3450,-2880,15480
-32559,-1408,6302,-5126,-3336,12980
-32559,-1408,3497,-3454,-2912,5796
-32559,-1392,-7115,-6026,-1356,4180
-32559,-1376,-9861,-7866,-8364,3056
-32559,-1376,6616,-5814,-7068,-4056
-32559,-1392,16454,-2598,-3568,-11644
-32559,-1392,12363,-2186,104,-11100
27834,-1376,13,-5454,1804,-14224
20881,-1392,-2473,-9874,-1936,-19216
18845,-1344,-4619,-5650,-5232,-18500
12112,-1376,-2714,-10002,-5776,-16972
1250,-1424,7083,-11502,-8172,-17160
-7007,-1408,13835,-10374,-8824,-15964
-13211,-1408,15369,-11366,-9244,-13768
-17024,-1360,1844,-13338,-11296,-10420
-11759,-1376,-1170,-13570,-11112,-9476
-12300,-1376,-1741,-13014,-8540,-6228
-11659,-1360,167,-14262,-6736,-5124
-10932,-1392,1707,-15234,-5332,-4068
2
-32558,-1424,-23527,31817,32468,-4152
-32558,-1376,-32598,31817,32467,-484
-16241,-1392,-32598,31817,32468,16336
13796,-1392,-32599,-7786,-15484,32767
6330,-1408,9674,2390,15108,32767
2676,-1408,-32598,9542,-5636,32767
19916,-1424,-1332,9150,32468,32024
32605,-1376,28854,2158,-10708,29760
31063,-1376,14640,934,-308,30960
-32559,-1392,6458,10362,640,24972
-32559,-1392,7620,9346,1912,23784
-32559,-1376,7826,7614,-112,19180
-32559,-1424,12030,5850,-3796,11676
-32559,-1392,9884,3334,-5500,1684
-32559,-1408,3707,2854,-4120,92
-32559,-1424,14733,-2782,-4992,-5528
-32559,-1392,21678,-7574,-9524,-14468
-32559,-1392,21492,-8094,-9284,-10932
26990,-1408,-17261,-9550,-3704,-11092
19422,-1392,-14190,-9210,-18804,-18920
16006,-1408,1969,-9946,-19164,-23148
8234,-1408,-2958,-10910,-14820,-21988
-3731,-1392,-12511,-9390,-11736,-17828
-13826,-1376,-5438,-11338,-7764,-9332
-18674,-1408,-6321,-12818,-4896,-6800
-18830,-1424,2567,-10286,-4940,-6220
-16163,-1408,7868,-8854,-788,-6532
-18081,-1424,14403,-9846,-2580,-3120
-21329,-1360,13791,-10934,-696,-4640
-23522,-1392,8369,-11206,460,-804
-27376,-1408,-5339,-17554,-3120,2888
-24358,-1392,-17366,-15970,-2780,1852
2
-32559,-1408,4562,19094,5936,32767
-32559,-1376,7737,20986,9580,32767
-32559,-1424,3039,18046,11044,32767
-32559,-1392,-2626,18982,10220,32767
-32559,-1408,-1167,17866,11096,28076
-32559,-1424,405,17390,12624,19144
-32559,-1392,-8266,14690,13636,13012
-32559,-1392,-17627,12198,13752,11024
-32559,-1408,-18312,10638,5052,4336
-32559,-1392,-14406,6954,3788,1256
-32559,-1376,-7089,4506,1448,-692
-32559,-1408,-530,1290,1312,-376
-32559,-1392,-13,-646,4036,-1936
31902,-1392,-3241,-2942,2716,-728
31071,-1440,-6416,-4590,-824,-6432
-32559,-1360,-8165,-6478,196,-8848
-32639,-1392,1181,-9574,-10080,-12452
32415,-1408,-5567,-6210,-17572,-20808
31013,-1408,-5215,-698,-25288,-27012
22408,-1392,-10430,-10026,-19240,-22816
13454,-1376,-4297,-5658,-16380,-24388
7507,-1392,-2256,-3514,-15036,-27884
-613,-1392,-9,-3494,-10268,-28352
-15383,-1408,-5359,7630,-10084,-30772
-32558,-1360,-6883,8470,-4828,-24440
-32558,-1424,-445,13838,-6496,-18152
-32558,-1376,13239,23662,-7416,-21184
-32558,-1392,7017,31817,-704,-21136
-32558,-1392,-11130,31817,25448,-8832
-32558,-1408,-32598,31817,-40,12276
-32558,-1392,-32598,-24362,32468,32767
274,-1392,13201,25902,13296,11696
2
-32558,-1360,6090,31817,4092,11328
-32558,-1392,-32598,31817,25372,27416
-32558,-1360,-32598,31817,32468,32767
-32558,-1376,-32599,6074,-28968,32767
2671,-1392,7395,16182,32467,32767
13837,-1376,-18263,7198,-22184,32767
15867,-1376,8866,3986,-20096,30520
20984,-1392,10581,5866,-6744,24624
24233,-1376,207,390,-7260,23024
24441,-1376,-1026,-602,-5900,21980
25760,-1392,1287,1174,-4896,21160
28008,-1360,1865,1854,-1920,19140
29111,-1376,787,1398,-876,17984
28552,-1392,-169,782,-2684,15440
28529,-1360,780,-750,-4240,11804
31540,-1408,252,-918,-3572,7576
-32559,-1360,3866,-3874,-4192,4356
30272,-1408,6085,-9006,-2200,3512
25476,-1376,2875,-7774,-2344,732
19926,-1360,-1652,-8798,-2860,-204
15623,-1376,-1590,-12066,-5656,-5208
16937,-1408,8261,-6082,-9168,-7396
16841,-1392,-1812,-15786,-1524,-3012
14985,-1376,-4230,-19538,-3808,-500
3671,-1408,2843,-21030,-6324,3100
-4220,-1360,-2755,-15822,-2748,764
-2581,-1392,-10777,-16706,-6292,-248
-1081,-1376,-5009,-19730,-5932,-316
370,-1360,1197,-18550,-5332,-560
-2142,-1392,4906,-17726,-5360,-1204
-7090,-1376,3820,-15006,-2676,-1644
-13719,-1392,5582,-13510,-2108,-1708
2
-32024,-1408,9297,-17746,-5072,-26412
-32558,-1376,11233,-4998,-7380,-28760
-32558,-1392,15939,6866,-5696,-32008
-32558,-1376,30374,16830,268,-22280
-32558,-1392,10130,23410,10208,-5900
-32558,-1392,587,31817,-6616,5324
-32558,-1376,-32392,31817,32467,32767
-32558,-1392,-21464,21266,-24524,32767
1020,-1392,19081,3570,-5136,32767
15571,-1408,-578,12906,-4908,32767
15738,-1360,-9900,8222,-6972,30032
16524,-1392,-6047,7006,-12540,24812
18056,-1408,-3441,3274,-8700,22540
17280,-1424,-4131,926,-5616,22464
16273,-1376,-5515,2614,-3664,22888
21603,-1376,-914,5338,-5964,19412
25356,-1392,4198,4010,-4568,19240
28979,-1392,6665,4110,-6132,15140
32339,-1408,7663,426,-4792,14076
31918,-1392,1654,-1578,-4,12920
28307,-1360,-12299,-3198,908,13548
26815,-1376,-14772,-6222,-5124,8360
29945,-1408,-947,-8786,-7752,3800
-32559,-1360,10173,-10338,-5740,1488
-32559,-1376,7786,-10618,-1480,1424
31278,-1408,-433,-12774,-3248,280
24827,-1392,-173,-13202,-5160,304
20360,-1376,1138,-13386,-5012,-2444
17237,-1376,-301,-14126,-5444,-3396
12046,-1392,35,-14842,-5916,-3372
7529,-1392,724,-15282,-6536,-4388
5677,-1392,-1121,-14518,-5676,-4916
2
-31008,-1424,19565,1314,-21184,32767
3883,-1408,-32599,18642,6864,29664
4844,-1392,-8390,4046,3012,32767
-933,-1392,-23192,3102,-8792,31696
10818,-1408,-3526,8666,-16364,25324
19186,-1424,2546,534,-10220,28536
21658,-1392,-4781,1626,-4212,24948
23913,-1376,-6587,1722,-5840,23708
27524,-1392,-950,3082,-5312,21532
32450,-1392,1098,1762,-3676,18792
32243,-1408,-2437,74,-636,18648
30188,-1424,-3918,-666,-1228,14620
27492,-1392,-913,-4926,-4576,12636
20610,-1376,-3274,-7226,-6584,13544
14481,-1392,-4442,-5826,-4768,10324
16064,-1392,-7386,-5710,-1272,5524
22041,-1408,-6617,-7406,-4980,2388
27852,-1392,-3723,-10722,-4780,628
30104,-1408,-2397,-9878,-3528,700
24864,-1408,-1224,-11330,-2692,1428
20111,-1392,-4998,-13182,-3520,-856
20892,-1392,2502,-14570,-6412,-6616
17068,-1376,4780,-14530,-4968,-7464
17661,-1408,4296,-13538,-2452,-9004
15735,-1424,94,-15118,-1192,-5544
7365,-1424,-3100,-15742,-7776,-7000
1273,-1408,-554,-13502,-6484,-8176
-1718,-1392,3926,-14690,-9696,-9488
-2874,-1376,3620,-13498,-9096,-11160
-1267,-1440,3141,-13958,-8232,-10704
2
-32558,-1392,31618,2222,-12072,-24912
-32558,-1424,-32599,10442,-1356,-17848
-32558,-1408,10434,9274,8760,-17052
-32558,-1376,13215,28250,3680,-10656
-32558,-1392,14720,31817,14348,660
-32558,-1392,-32598,31817,32467,8360
-32558,-1408,-4541,27686,-24568,15312
-32558,-1424,22760,9390,-2616,32767
-22234,-1408,-32598,14874,-2740,32767
4052,-1440,11566,19366,32468,32767
7627,-1392,14686,7610,-14164,32767
6395,-1408,-2489,7534,-15616,32632
11720,-1408,3796,6706,-10944,28184
13278,-1424,2073,4234,-3692,24856
17331,-1440,-3859,6114,-1924,22476
27271,-1408,2136,6210,-3880,22520
-32559,-1456,-4302,6142,760,20776
-32559,-1392,462,3962,-4204,18836
-32559,-1408,161,-386,204,16760
-32559,-1424,-5748,-2550,160,14668
32270,-1408,-2812,-5518,-1664,5972
28576,-1392,-2578,-5906,-4820,1956
27295,-1392,-119,-6186,-4076,332
23250,-1408,-2854,-7058,-3592,-1384
20570,-1424,-94,-6986,-4568,-2100
21915,-1392,1185,-7566,-8820,-5320
17228,-1408,-9948,-12622,-4520,-3448
11942,-1424,1041,-13678,-8884,-3584
12602,-1408,4299,-10590,-7888,-6344
13446,-1408,-7851,-12714,-4160,-7852
2
28894,-1408,3278,20146,8132,27004
-32559,-1424,5596,19790,6500,25768
-32559,-1392,2069,15062,7528,25112
-32559,-1408,-5490,11134,4732,20280
-32559,-1424,-9525,7450,3972,16020
-32559,-1408,-8477,5742,3924,13984
-32559,-1376,-9532,3294,4076,14028
30343,-1424,-16608,1246,7848,14944
31471,-1424,-18935,814,2420,10180
-32559,-1376,-14984,-2350,1060,11112
-32559,-1392,-12102,-4994,2060,8976
31578,-1392,-12809,-8094,740,11444
28370,-1376,-6931,-8926,-1208,8608
29128,-1440,-1578,-7994,-168,6384
25111,-1392,-7985,-10358,3904,7444
24200,-1408,-11425,-8886,-2552,2504
24995,-1408,-7362,-9302,-2668,2644
21321,-1392,-2597,-11610,528,3140
19150,-1424,-5422,-12778,-3204,1292
19409,-1408,-13148,-12454,-5940,-1552
23232,-1408,-14895,-12850,-12464,-5532
23138,-1424,-16527,-16238,-12304,-10024
15387,-1408,-21856,-17930,-15796,-11440
11469,-1408,-17624,-22470,-10060,-16180
11543,-1424,-6991,-19630,-11144,-17428
9335,-1392,-6357,-22470,-4488,-16792
4354,-1408,-3159,-19134,-3600,-17832
-6150,-1424,-53,-16906,236,-19224
-16894,-1392,17437,-8350,-1364,-16592
-31766,-1408,-32599,-7178,-760,-14976
-32558,-1408,16258,-4530,17244,-11040
-32558,-1424,-8126,-2726,-4348,-13312
2
-32558,-1440,-21634,31817,-24492,4080
-32558,-1392,-32598,31817,1276,-2204
-32558,-1424,14121,-5542,-13476,32767
-18909,-1408,-12257,29642,24388,32767
-4875,-1440,-7168,15954,-9840,32767
4270,-1392,6460,10558,-216,32767
11715,-1424,2582,9026,-1464,32380
16166,-1440,998,4994,-1528,29520
15870,-1424,-4333,3802,-84,26320
16249,-1424,-5864,3910,-1824,23428
21969,-1408,-6,3434,-3740,20516
27546,-1424,-2281,2410,800,21512
24233,-1424,2721,1354,-2596,20440
25914,-1440,6036,378,1336,17156
28218,-1408,-2517,-1586,1680,16212
27774,-1424,-3623,-3110,-1476,15240
27104,-1392,2020,-5482,-3120,12972
28075,-1408,356,-6342,-2768,10224
28100,-1424,634,-7734,-2564,9524
22344,-1424,1449,-11994,-4160,7788
17910,-1408,-1964,-13438,-2324,6308
17492,-1456,-3582,-11326,-4040,5088
19305,-1424,-4212,-9402,-2796,4656
19993,-1440,-11174,-9350,-1028,4900
17185,-1440,-7692,-11802,-6264,3196
16513,-1424,1402,-12578,-6432,1172
17576,-1440,-3100,-12522,-1336,-88
17461,-1408,-4977,-13398,-6236,-1748
16209,-1424,-857,-13090,-9204,-3196
14065,-1408,3020,-13698,-7260,-4084
14553,-1408,3355,-14194,-8264,-6988
13754,-1424,9424,-13434,-12184,-6288
2
-25888,-1424,25815,3010,32468,32767
-1263,-1424,11137,18250,16176,32767
5700,-1408,-26855,8610,-16188,32767
9490,-1424,-3299,4942,-26580,32767
13006,-1456,12962,2606,-17004,27320
17158,-1456,9469,30,-8264,25588
12824,-1440,-1392,-3310,-3656,27924
11283,-1456,2344,2954,-7464,25836
22247,-1456,9570,8298,-3860,19588
-32559,-1408,3277,6514,320,18424
-32559,-1392,2531,2598,-4028,17136
-32559,-1424,4108,-3394,-4232,13824
-32559,-1424,431,-5658,-2616,11676
30582,-1440,-1826,-6634,-4824,6952
17215,-1408,542,-15694,-2444,3000
15147,-1424,-1877,-14670,-2320,1284
15493,-1456,-521,-14814,-4040,1040
13393,-1456,-816,-13966,-2136,768
11001,-1408,-1986,-13954,-2328,484
8457,-1456,-1526,-13226,-2800,724
5764,-1424,-1452,-13622,-2188,716
3988,-1408,-1248,-13770,-3396,-40
3638,-1424,-82,-13414,-3700,-192
4846,-1424,-343,-14134,-3536,-916
7114,-1424,-190,-14566,-3860,-1100
6549,-1424,-923,-15546,-4616,-248
6276,-1456,-2128,-13966,-3436,-3256
6125,-1440,1613,-14266,-4060,-2140
2842,-1456,4563,-18114,-6652,-1284
1337,-1424,-2183,-15858,-3316,-804
2
-32558,-1424,10189,8194,-2704,-30388
-32558,-1392,22167,14062,-8004,-32768
-32558,-1408,11838,28086,-5536,-32768
-32558,-1424,-18878,31817,19548,-13880
-32558,-1424,-32598,31817,32467,-12980
-9041,-1440,11491,31817,32468,32767
20998,-1408,25356,3346,13140,7580
18359,-1424,-18128,11266,2508,32767
14065,-1424,-11900,7918,-26988,32767
18671,-1440,15894,5238,-16788,31344
14167,-1424,3260,-4286,-3832,32767
8776,-1440,-3952,-3790,-4520,31976
14754,-1440,3689,2934,-3608,26012
25123,-1456,1993,358,-1272,27396
30844,-1456,4433,1618,-2732,23588
-32559,-1440,3709,1354,612,20080
32584,-1424,-254,598,-1944,19672
30439,-1456,-2540,3246,-1040,12536
-32559,-1424,-3634,-2674,-8960,-3816
-32559,-1424,2092,-7154,-5984,-1724
-32559,-1440,2641,-7802,-9572,-1156
25475,-1440,2879,-11330,-6932,-2256
19988,-1456,894,-12390,-4576,-3236
18461,-1456,-6512,-11022,-4804,-4760
19486,-1440,-5651,-12046,-7316,-6660
18720,-1440,905,-11606,-6780,-6288
14616,-1456,2380,-14718,-4872,-7096
11780,-1424,170,-12978,-4824,-8800
10450,-1440,-221,-11122,-5432,-9584
8965,-1440,-2237,-11202,-6284,-10320
2
-24150,-1456,30830,9298,636,32767
-13772,-1456,-9643,4414,-8536,32767
-30223,-1456,-10316,9610,-11148,26448
-20805,-1440,-13869,13254,-17888,29468
-12029,-1440,2327,12574,-12664,32767
1776,-1456,-1342,14078,-3656,32767
7275,-1456,-55,11538,-6568,32767
11882,-1456,4182,12066,-6492,28772
18696,-1440,5391,9334,-3908,23424
-32559,-1456,3956,8654,-3388,19536
-32559,-1456,10831,4990,-4676,20536
-32559,-1472,11874,6726,-1800,16532
-32559,-1440,5129,6258,144,12476
-32559,-1424,7991,-1194,-3332,14352
-32559,-1424,10937,-1826,-2904,10036
-32559,-1424,1851,-2598,-584,5212
31881,-1440,-908,-5674,-4044,4796
25091,-1424,2198,-6174,-2636,2788
21359,-1424,242,-10026,-3872,84
22455,-1472,2228,-12118,-3040,312
21331,-1472,2825,-10306,-2676,-44
17807,-1456,-1162,-12222,-3892,-816
14729,-1456,766,-13254,-5580,-424
14096,-1440,4959,-12746,-4420,-876
12328,-1408,8232,-13538,-4720,52
8941,-1424,2216,-14678,-5556,-932
11150,-1440,-2926,-14330,-5628,-3948
16156,-1440,-2521,-12494,-10572,-6160
18371,-1424,612,-14338,-9860,-6444
17651,-1456,-1660,-15174,-8180,-8260
14845,-1456,1159,-11490,-12840,-12556
15157,-1472,9622,-14226,-10644,-11752
2
-12602,-1456,15642,-1602,-608,32767
-5720,-1456,-3626,8154,848,32767
-11403,-1456,-724,7030,-13512,32767
-11271,-1488,-2489,6238,-8940,32767
-5552,-1440,-4005,7686,-14688,31244
1588,-1488,-191,5990,-8656,32680
5547,-1440,-7626,7302,-6792,30652
12284,-1440,-4602,7710,-9656,27276
21222,-1456,2925,6598,-8460,24440
27278,-1488,4570,5478,-4868,22264
31464,-1424,4431,5274,-4840,18624
-32559,-1440,5783,2422,-3440,15792
32604,-1456,4152,302,-2132,14284
30766,-1440,1295,-1202,-2136,12264
30191,-1472,2024,-3862,-2844,9488
28855,-1440,1939,-5738,-3336,9076
25015,-1456,-1587,-6186,-3668,9032
22989,-1456,-3996,-6386,-3196,6712
19354,-1440,-5567,-8106,-5392,6892
17561,-1472,-7556,-7218,-5448,5440
17769,-1456,-2610,-7950,-5684,3320
20506,-1456,2827,-9930,-4900,-352
22093,-1440,1915,-12438,-5512,-932
19668,-1472,-2043,-15118,-2912,-492
13401,-1456,-1595,-17770,-4804,-124
7783,-1456,-3272,-16554,-6140,264
4926,-1472,-2630,-14482,-6304,-644
5521,-1472,278,-14422,-5272,-1292
6984,-1456,3751,-15854,-5756,-1140
6754,-1440,537,-15410,-5340,-1272
5342,-1440,-2896,-16058,-5648,-1972
3872,-1424,-2122,-16658,-8664,-2964
2
-10569,-1456,-8042,-13226,-18996,-24824
-16154,-1456,4069,-9338,-15496,-26544
-8541,-1456,4022,-7942,-9588,-28040
-13955,-1440,-9099,-10838,-376,-26276
-32558,-1440,-7283,-9242,-2912,-24788
-32558,-1424,5069,-2602,-3800,-25064
-32558,-1456,14199,2190,-5932,-24516
-32558,-1440,5797,4642,6512,-32444
-32558,-1456,16906,28686,-2960,-32768
-32558,-1456,-27706,31817,-19816,-8400
-32558,-1440,-32598,31817,4316,25440
-32558,-1440,-6024,31817,32468,30020
-10315,-1456,-32599,20438,24088,32767
11306,-1456,-24795,11714,-92,32767
18858,-1472,-16711,11738,-20676,32767
27541,-1424,24339,5566,-11920,27916
21601,-1456,17934,-26,-752,28284
18173,-1440,1683,126,-2424,26104
24877,-1472,4123,2142,-3916,21440
30218,-1456,7104,2506,-2644,20292
31429,-1456,7112,994,-920,19380
32156,-1440,2675,1314,2600,15952
-32559,-1472,379,-1102,-3640,12596
-32559,-1456,4067,-3974,-5828,9568
-32559,-1472,2936,-5658,-756,6352
-32559,-1440,1388,-8266,-4188,3468
32094,-1488,1836,-11458,-3440,1828
25725,-1456,5760,-12742,-3184,1272
22638,-1472,6964,-8670,-4208,-568
18948,-1472,7231,-10634,-5220,760
10066,-1456,6949,-12638,-4104,-972
8851,-1456,-161,-13530,-704,-2940
2
-32559,-1504,-7319,31694,14860,32144
18955,-1440,-11114,2554,-18136,32767
11573,-1472,13353,5730,-12676,32767
18524,-1456,13181,7238,-7708,32767
31566,-1456,9891,7410,-3940,32156
-32559,-1408,7688,5634,-3260,28604
-32559,-1440,8683,6342,-2732,22424
-32559,-1456,11832,4534,-2188,18404
-32559,-1456,8863,2482,-3168,12760
-32559,-1472,8236,-674,-5412,8784
-32559,-1488,-3354,-206,1636,5032
-32559,-1456,-5634,-2842,-7800,1960
-32559,-1472,389,-3366,-7216,-1324
-32559,-1472,543,-3034,-3660,-3024
28460,-1488,-2151,-5002,-4348,-6896
29765,-1488,-273,-6086,-7756,-10708
28861,-1504,6046,-5246,-4216,-10608
21825,-1472,10381,-9754,-7556,-7848
8626,-1456,10025,-12710,-8792,-9148
2748,-1456,4941,-12030,-4288,-11324
3115,-1472,-5206,-10738,-8464,-11668
3155,-1456,-2572,-15206,-10340,-13064
-1518,-1488,2221,-17194,-10052,-12676
-7662,-1472,-3621,-17538,-7304,-11436
-11362,-1472,-6350,-17838,-7416,-9572
-13322,-1424,-3467,-17070,-6456,-7196
-11922,-1456,-1908,-16234,-4368,-5564
-10234,-1488,547,-16242,-2300,-3388
-11771,-1472,3459,-16174,-1692,-1324
-13129,-1456,6714,-15654,-2656,-112
-12360,-1504,1824,-14082,-672,224
-8793,-1504,-3123,-12602,-2236,-384
2
-32558,-1440,-8117,31817,-27212,-22352
-32558,-1472,-32598,31817,31924,30428
-26475,-1472,-32598,20606,32468,32767
10417,-1488,-32599,23290,8620,32767
1119,-1488,-4037,-1102,21040,32767
3480,-1504,-28829,13670,-20160,30492
19086,-1440,15675,14026,-24956,26252
29238,-1488,19731,8442,-4916,24128
-32559,-1456,6470,5330,-364,24024
-32559,-1456,4449,6942,-2044,25100
-32559,-1504,5483,11526,-856,18252
-32559,-1504,4159,7358,-1336,14316
-32559,-1488,3010,3886,-2292,13408
-32559,-1488,2658,2006,-4264,10300
-32559,-1472,-1735,-3346,-5228,5268
32520,-1472,-1125,-6038,-6196,4380
28682,-1456,3513,-6798,-5560,2704
27642,-1488,6200,-6890,-2028,-124
30658,-1472,6014,-8678,-1448,-2960
-32559,-1472,3398,-10418,332,-4692
-32559,-1504,-1624,-10218,2340,-9640
-32559,-1456,2880,-14826,-4440,-13040
-32559,-1488,10744,-16246,-8548,-14484
31158,-1472,18200,-12086,-2208,-9512
14135,-1488,-9737,-19170,4172,-7280
-5447,-1488,-15420,-18170,-3712,-11152
-11994,-1456,-9349,-12894,-1620,-10816
-12077,-1472,-2249,-11566,-4116,-11584
-9421,-1488,-744,-11274,-4324,-11608
-11065,-1456,-3212,-12054,-2176,-9784
-19847,-1424,-3370,-14114,-3412,-6464
-28935,-1488,-8192,-15286,-2292,-5940
2
