-32559,-1392,-32599,-5178,16372,-32768
-8310,-1392,-8980,-28970,-7520,-20752
-19398,-1376,-12205,7814,-600,-24608
-787,-1376,11752,8926,12780,-26340
19171,-1392,-7998,-5074,15760,-24268
10360,-1392,5746,2338,9672,-21484
-12562,-1360,-10114,-1102,10320,-18492
-11424,-1392,1183,3254,7984,-16272
-1034,-1376,-1092,2694,6648,-14188
9,-1408,1557,2406,7892,-11884
-970,-1392,-1737,2586,7848,-12040
-3296,-1392,3584,1758,6700,-10248
-4612,-1392,-791,2442,7636,-11420
-374,-1344,-1696,2262,6264,-11160
1555,-1376,-167,1278,7260,-11400
1749,-1344,163,2046,7728,-11840
2956,-1360,-1140,1850,7552,-12440
1789,-1392,-932,1642,7380,-11868
91,-1392,-556,1562,7856,-12540
-241,-1376,-1668,1790,7372,-13348
-321,-1376,-1981,1642,7496,-13136
-7,-1376,-1188,1710,7752,-13120
140,-1360,-1231,1482,7752,-12384
-1043,-1392,-1225,1650,7736,-12788
-974,-1392,-720,1626,7856,-12772
-280,-1360,-240,1438,8080,-12764
-1124,-1408,-913,1154,7844,-12196
-1211,-1408,-1264,1546,7976,-12264
-653,-1376,-1127,1742,7684,-12492
-428,-1392,-537,1430,7884,-12068
30,-1392,-877,1526,8000,-12156
-277,-1392,-1678,1442,8080,-12636
3
-32559,-1392,-32598,20114,6432,-12356
-32559,-1376,-27713,18898,-864,-22940
-32559,-1344,-4354,6574,24256,-11504
24143,-1408,-11496,10094,19364,-19308
27785,-1392,-13015,4522,10552,-19884
29576,-1392,3238,1470,7388,-11708
13770,-1392,6722,-7802,12940,-9716
9997,-1376,-7752,-3946,8572,-14076
12009,-1376,-1548,-6322,6304,-9056
10338,-1408,6210,-6734,7124,-5116
11694,-1376,4730,-4170,9808,-8060
19655,-1360,3649,-3706,9052,-8528
18431,-1392,11839,-5022,9544,-4972
12793,-1392,7452,-2558,12176,-10680
13916,-1408,579,-1598,13132,-10936
17416,-1376,7282,-666,11064,-11960
15734,-1376,10424,-1398,12620,-13148
13089,-1392,5437,-334,12320,-14928
12681,-1392,6609,758,9996,-11456
8950,-1392,8284,462,10236,-12736
8339,-1424,3129,2394,11296,-15176
9906,-1376,3147,2790,10420,-14340
10830,-1408,8246,2374,9828,-14452
8375,-1392,5895,2406,11180,-15724
7706,-1392,2291,3478,10912,-16384
7148,-1360,1674,3146,10916,-16216
5994,-1392,1597,3414,10080,-16732
5107,-1376,41,4178,9800,-16408
1602,-1376,-3493,3070,10976,-14728
-2521,-1392,-8580,3874,9888,-16256
-2350,-1392,-5321,4322,8084,-15428
-2605,-1424,-1998,4154,9768,-13728
3
-32559,-1392,-32598,31817,9608,-16392
-32559,-1376,-18049,24134,14872,-18404
-32559,-1376,-7557,15622,11620,-10076
31041,-1376,-9567,9282,14244,-12292
-32559,-1360,-1529,6390,7392,-16832
30406,-1424,3695,-438,13980,-6324
18432,-1392,1069,-7610,15024,-11412
17382,-1392,1715,-6598,11020,-13224
21126,-1408,8274,-7118,9336,-10460
19321,-1376,11012,-9654,10224,-12008
16448,-1392,12753,-9782,10576,-12996
14245,-1360,10713,-8850,10540,-12856
16476,-1392,14586,-9074,8032,-11480
11460,-1376,15148,-9058,10644,-10436
11263,-1408,8314,-7478,7968,-11688
12436,-1376,7156,-7114,7220,-10228
9087,-1376,6672,-6594,9240,-9164
10924,-1424,5970,-4714,9052,-13200
11253,-1376,4525,-4098,8876,-13904
8551,-1392,-273,-4538,9560,-13492
7619,-1376,-1101,-2718,8408,-14812
7824,-1392,1156,-2002,7668,-13908
7081,-1392,1532,-1542,7668,-13020
6635,-1424,-1256,-1478,7616,-13060
7414,-1392,-940,-870,7024,-13812
7697,-1392,1454,-414,7884,-13692
7084,-1408,2264,-398,7792,-13948
7905,-1408,1176,-270,7616,-15164
8353,-1408,707,-210,8136,-16140
6508,-1392,1652,-334,8592,-16440
3
15895,-1376,-11637,31817,28988,32767
-32559,-1376,-16688,31817,14304,32767
-32559,-1408,-32598,31406,-6748,32767
-32559,-1392,-30814,30370,-16452,29664
-32559,-1392,-32598,21594,19424,2496
-32559,-1392,-22986,20154,5208,-13816
-32559,-1392,-32599,17642,14820,-10436
21199,-1408,-18574,12402,32467,-15372
-32559,-1408,-32598,7730,-6444,-18148
-32715,-1408,18923,562,64,-8468
31316,-1424,23058,-4306,4036,76
23876,-1360,12775,-8950,4276,-1696
24276,-1360,7252,-6818,3760,-1568
22862,-1424,6236,-7582,1400,-1520
22278,-1376,14516,-8698,832,-4188
27275,-1408,8220,-8566,6132,-5716
25162,-1408,-222,-10522,3928,-4264
23394,-1408,8679,-8622,-528,-8060
23009,-1360,5553,-8606,5700,-9772
25554,-1392,-2036,-6034,4956,-13496
25123,-1392,8802,-6714,940,-13600
16159,-1424,6546,-9594,5616,-12472
9386,-1392,-9979,-6770,4296,-14872
11829,-1392,-10229,-5434,-1076,-15780
12870,-1392,-3885,-7874,1176,-13828
14146,-1376,-3711,-4698,2516,-14780
18715,-1408,2128,-3238,-588,-15976
21747,-1408,6743,-2682,2348,-15272
23321,-1408,3537,722,4524,-18072
24408,-1392,7316,1430,3796,-23672
20630,-1392,9317,-270,3456,-25372
8339,-1392,7413,-2802,4992,-19920
3
-32559,-1392,4567,16794,7560,-26276
-32559,-1408,13568,6678,16052,-21736
-32559,-1408,-5686,-7934,13136,-11980
18682,-1392,-2752,-9102,5852,-18968
24163,-1392,6226,-1134,3596,-18156
29407,-1424,5236,-7006,4816,-10544
24018,-1376,14102,-3654,1772,-12628
24049,-1424,15553,-2630,1692,-15364
29887,-1408,5073,-2066,4784,-15700
23674,-1376,5304,-4930,4344,-9632
18118,-1392,1236,-2482,3484,-14796
20132,-1392,-4386,-1506,6344,-16220
20388,-1424,-1159,-2654,6580,-17756
22363,-1424,7532,-2462,5952,-16416
13000,-1392,7208,-3994,9212,-16436
8174,-1440,1460,-2154,6880,-18992
8418,-1408,412,-1266,6804,-18052
9493,-1408,3043,-1258,6592,-16488
8497,-1392,2956,-418,6184,-16884
7298,-1424,1610,118,6520,-15792
6744,-1424,1311,686,5952,-14908
7194,-1392,-559,834,6560,-14784
6557,-1392,-1098,1770,6564,-16092
6129,-1408,-271,1518,6776,-17100
7323,-1376,2566,2810,6316,-18740
5790,-1408,1426,1690,7696,-18224
3266,-1376,-417,2146,6688,-18660
1219,-1408,-1837,2198,7228,-18316
-132,-1424,-3925,2106,7464,-17964
-1604,-1392,-997,2442,6164,-17372
-2214,-1424,-400,2554,6964,-16128
-3379,-1392,-2917,2462,6436,-15092
3
-32559,-1456,-4716,31817,32467,-4800
-32559,-1376,-32598,23190,18772,-8572
27841,-1408,-12588,11654,-1312,-20592
-32559,-1408,-22327,5502,4332,-32768
22227,-1408,-23243,-11526,13288,4484
2955,-1424,-11461,-12546,4320,-7716
305,-1424,-8293,-6442,3604,-18316
13251,-1424,-32598,-9370,7660,-11112
21628,-1424,-4136,-11870,-1264,-2164
9535,-1392,4652,-13106,6560,-9244
10004,-1408,-3439,-7902,7216,-12512
16873,-1408,-6126,-11138,5260,-6228
13297,-1408,2512,-9682,4340,-4676
9329,-1408,4365,-6614,5628,-7636
14182,-1408,-3231,-6102,8468,-6788
19408,-1392,1876,-6730,6080,-4656
14294,-1392,6080,-7306,10648,-5032
14523,-1424,1925,-2554,10248,-11508
22712,-1424,10137,-3550,12348,-9908
24134,-1392,15663,-3478,13688,-11696
19711,-1392,15930,-2230,11044,-15792
13777,-1408,17781,-3094,10684,-18596
13246,-1408,19378,-1726,10192,-18288
10409,-1440,20766,-2242,8568,-16504
7979,-1408,16790,-2038,6920,-19116
8867,-1408,7398,-1846,8236,-19020
6381,-1408,2385,-1662,6340,-18820
2967,-1424,2491,-1646,5620,-19420
1231,-1424,-149,-730,5872,-19100
778,-1392,-317,-518,4384,-17832
307,-1392,393,62,4332,-17308
-269,-1392,-1024,302,4860,-16464
3
-32559,-1424,-29803,31817,13932,32767
-32559,-1408,11086,31817,8296,-19740
-32559,-1408,2429,26774,29684,-22640
-32559,-1392,-9231,9778,-6460,-19176
21193,-1392,-22338,3330,-4004,-18164
15678,-1392,-6530,-8658,-2248,-10196
18475,-1424,-2438,-10970,-1448,-9556
15237,-1424,-14980,-11130,1504,-6684
7361,-1440,-12874,-13818,-804,-2740
9895,-1440,-6283,-12286,-552,-6088
11535,-1440,-13629,-12410,6100,-3980
10421,-1424,-9907,-13698,2040,-2656
13026,-1424,-245,-11482,2564,-7252
17377,-1424,-3238,-10962,4688,-6856
18016,-1424,2777,-12294,3540,-6356
17245,-1440,13050,-10382,1912,-8376
20435,-1408,4029,-7698,2828,-10680
23469,-1440,11462,-6886,-140,-12000
19502,-1408,14814,-8486,3216,-10316
17635,-1424,-1279,-5202,1212,-14328
21893,-1392,11050,-4486,-504,-16584
20097,-1424,12809,-6310,3660,-15644
16353,-1424,7835,-4534,1560,-15076
19024,-1424,7430,-2566,-240,-14748
17900,-1424,2966,-3266,2556,-13180
16944,-1424,-694,646,172,-15076
20549,-1440,-572,2134,156,-16800
22663,-1376,-690,1722,2272,-18756
20795,-1408,3301,1950,-192,-17652
13032,-1408,1626,710,1896,-16692
4070,-1424,-3099,3154,1560,-15812
5060,-1424,-4054,4790,28,-19176
3
-32559,-1424,22628,27062,32468,32767
-32559,-1424,-32599,28170,-17456,32767
-32559,-1424,16475,24586,24104,32767
-32559,-1424,-32598,31817,32467,-19840
-32559,-1408,-14359,18598,8476,-18672
5209,-1408,-18220,7438,4416,-6168
1892,-1440,-13560,3850,-6164,-1812
18862,-1408,15287,-1482,-10740,-1940
-32559,-1408,3529,-4258,8668,-2948
25966,-1392,-15554,-13698,1288,3920
23081,-1392,-1984,-6918,-4136,-9744
27876,-1424,9121,-4658,4000,-7828
26465,-1424,-9654,-12230,3640,-6964
23106,-1408,-569,-10374,-20,-10032
27053,-1392,1301,-4790,1000,-14484
27107,-1408,-7816,-9590,5304,-13456
19311,-1408,-32,-9846,472,-13604
18372,-1440,-8211,-4946,3020,-17580
13551,-1392,-6726,-6482,5200,-14428
13328,-1424,-10846,-4302,4508,-15744
15454,-1424,-3577,-3582,4024,-13952
12586,-1408,-206,-3914,6188,-12864
8807,-1440,-3230,-2270,5416,-12468
12208,-1408,-7805,290,5492,-14572
17363,-1408,-1041,6,4888,-13844
15540,-1408,4868,-426,5992,-13872
12217,-1456,2489,-210,6456,-14236
11305,-1456,-156,554,5960,-14124
10829,-1392,-366,1566,7056,-15824
10107,-1392,741,1778,7072,-16908
3
28865,-1440,6933,25826,-28816,32076
-32559,-1424,18048,27546,-27364,32767
-32559,-1456,15144,14022,-2480,32767
-32559,-1424,-32599,1922,9964,32767
-32559,-1424,9476,12350,32467,-17288
-32559,-1392,-32598,7042,-1648,-25176
9672,-1392,-2345,12134,-11200,-19440
-3111,-1392,-30183,-15158,12952,-5156
3836,-1440,-10329,-7410,2456,-676
13472,-1408,4498,-7394,-2336,-2612
17588,-1424,-159,-11982,1900,-4176
17129,-1408,-3706,-12614,936,860
12333,-1408,-2998,-10526,12,-484
20947,-1440,1462,-6418,2104,-4672
25131,-1424,1332,-9478,2508,-3032
20633,-1408,8918,-10318,2764,-4552
21312,-1472,9526,-5710,4428,-8660
21917,-1440,-3300,-9022,5444,-8568
19581,-1440,4579,-7362,2524,-9448
17297,-1440,6165,-6674,4880,-12608
19065,-1440,-6282,-6738,6820,-13940
19714,-1408,-43,-6802,4276,-12004
15322,-1408,4087,-6026,5168,-14696
15374,-1440,-5737,-5558,7560,-14072
14654,-1424,-4032,-4390,4460,-13808
14022,-1424,2391,-3734,5544,-14960
13454,-1424,748,-2686,6952,-15816
12428,-1424,514,-2914,6172,-15656
9208,-1424,5414,-1822,5688,-16136
7306,-1424,3941,-2350,6316,-16032
6753,-1424,764,-1366,6276,-16124
5664,-1424,672,-1334,6100,-14824
3
11209,-1440,12610,31817,-27624,31628
-32559,-1408,23889,31817,-26524,32767
-32559,-1408,11986,31817,7708,32767
-32559,-1408,22634,31817,4384,31048
-32559,-1408,-32599,30778,15968,7384
-32559,-1440,-32598,30430,26088,-19612
-32559,-1424,13159,31817,32468,-32768
-32559,-1424,-837,178,15040,-17476
27635,-1424,6182,-9078,10400,-12964
22275,-1424,-18633,-3446,-3140,-24388
25274,-1424,11641,-2446,-11612,-3904
13858,-1424,-11416,-20614,3216,-5204
11285,-1424,-17573,-4642,-3364,-11868
14434,-1424,-11059,-11358,1276,-6972
23166,-1408,1539,-11086,-564,-7468
20777,-1408,2603,-13014,6784,-6900
17569,-1408,-10609,-8066,4628,-11176
19009,-1408,-5654,-10638,2964,-10176
16016,-1408,-1624,-9530,4432,-11680
14988,-1408,-8738,-7670,5048,-13516
16809,-1424,-5787,-8410,4840,-12628
12993,-1424,-3804,-8078,7040,-11812
12670,-1424,-7268,-4874,5676,-15428
13379,-1424,-7952,-5662,6332,-13892
13046,-1424,-5429,-4614,6608,-13208
12576,-1456,-3613,-3474,6752,-14476
12443,-1424,-3255,-3442,7332,-14376
10857,-1408,-1440,-3306,6796,-13520
8615,-1424,-1486,-2350,7248,-14344
8820,-1408,-2528,-1658,7216,-14672
8406,-1440,-1658,-1462,6968,-14128
7802,-1440,-1550,-1398,8056,-13632
3
-32559,-1424,12773,31817,-772,1032
-32559,-1424,-15229,12866,15448,-22204
30801,-1392,-21245,2542,-7976,-32356
-32559,-1408,-12971,5190,2748,-13640
25637,-1440,4190,-15594,16932,-11660
6470,-1440,4751,-9514,-2944,-14880
-32559,-1456,-6469,-9126,1236,-16748
30730,-1408,13577,-17782,-1140,8692
-32559,-1440,5921,-6018,-2340,-10760
24329,-1408,14253,-13062,10592,-5312
15919,-1440,-4060,-5286,3084,-15456
24777,-1408,-10897,-6138,3616,-14176
20817,-1408,3768,-9102,5816,-9920
13293,-1424,-1480,-7258,5860,-15064
21606,-1424,-9546,-4562,7820,-15096
21598,-1424,2050,-5614,6980,-12712
15428,-1424,-1205,-4446,8024,-15540
17405,-1424,-6733,-1826,9232,-16544
17388,-1424,476,-2506,7960,-14920
13065,-1424,2132,-1782,9044,-15784
13668,-1440,-4775,306,8496,-17940
12471,-1440,-1900,-1206,8100,-17180
7557,-1440,587,-1450,8344,-18468
3880,-1456,1657,-282,7892,-19184
2528,-1440,-580,-510,8540,-17120
-496,-1472,-2510,-190,7228,-16116
-1841,-1408,-1101,202,7040,-15896
-1061,-1440,361,302,6804,-15784
-224,-1408,922,-86,6448,-13964
-1962,-1424,664,-190,7052,-13292
3
-32559,-1424,-5312,27526,-7164,32767
-32559,-1440,-17369,31817,23320,25344
-32559,-1472,-28004,26102,372,-24388
-32559,-1440,25915,14038,-10728,-32768
-32559,-1440,-32598,3614,19808,-20440
-32559,-1440,-26914,-8182,5516,-4808
30218,-1440,-32599,6246,-7736,-20180
30618,-1424,-25157,-8382,11304,-18352
8646,-1424,-14556,-14174,4236,-9952
7875,-1424,-4643,-8246,-2564,-13180
8739,-1424,-9616,-11738,6732,-13884
1554,-1424,-11399,-13018,8644,-8132
7283,-1424,-9496,-11914,4412,-9292
12530,-1440,922,-11470,6584,-10048
10929,-1440,-7813,-11610,9284,-8816
11099,-1408,-6948,-10402,6784,-6848
9211,-1408,-319,-8002,7080,-11228
8553,-1440,-8364,-9294,11488,-9508
9909,-1440,-8525,-7394,5976,-11720
11161,-1424,5848,-7534,7272,-10908
7752,-1424,-142,-8434,10564,-9324
8739,-1424,-8160,-5670,8856,-10648
12888,-1424,1629,-5134,6756,-11516
10758,-1424,3959,-5482,10024,-11084
8332,-1456,-1402,-4002,9100,-11636
11531,-1424,849,-2682,8148,-12276
9742,-1424,3421,-3502,10356,-11296
8334,-1456,249,-2682,9344,-11948
9826,-1472,1948,-1682,8064,-12788
8662,-1440,5480,-2014,9912,-12132
7164,-1440,3627,-954,9800,-12572
7741,-1440,4570,-62,8964,-13188
3
-32559,-1440,-7,25950,-28780,31316
-32559,-1440,25552,21978,-18580,32767
-32559,-1424,26279,1782,1332,32767
-32559,-1424,8288,26978,16192,27444
-32559,-1392,-32598,27802,7308,-8308
-32559,-1424,-16183,20370,-18272,-27892
-32559,-1424,-9372,-9598,-1920,-20928
5273,-1424,-24385,-11578,3900,-8212
8668,-1456,-26567,-3322,7268,-20592
12439,-1456,-9865,-7878,6972,-13696
6447,-1456,-12483,-8766,8312,-4144
15820,-1424,-5897,-1402,2560,-14188
23786,-1424,-920,-6394,8856,-6612
10426,-1456,-6081,-9298,7360,-9356
11278,-1424,-3151,-4474,4340,-13940
11971,-1424,-6785,-8098,7040,-9428
13705,-1424,-2250,-6510,5384,-9880
12169,-1424,952,-6638,8988,-9024
9947,-1456,-8219,-6626,10192,-10628
12608,-1392,-4174,-5218,6588,-12156
12016,-1456,2821,-6302,10504,-9760
8839,-1456,-4566,-4834,11424,-11868
10370,-1424,-4217,-4654,7792,-11796
8928,-1440,4563,-3770,8816,-10936
7430,-1472,441,-3314,10320,-11704
9233,-1408,-4386,-2210,10172,-11592
8658,-1424,278,-3166,9212,-11712
5307,-1408,2841,-2730,10628,-13308
4958,-1440,-550,-1706,12488,-13308
6151,-1440,3578,-1702,9860,-12392
4067,-1424,3978,-1882,10576,-11776
3219,-1440,-1678,-610,10456,-12968
3
-32559,-1424,24723,31817,7520,21724
-32559,-1424,3320,31817,16304,-16752
-32559,-1424,-32598,5682,16108,-25656
16975,-1424,-318,-8634,7132,-17808
20027,-1424,9148,-15590,8332,-9284
7299,-1440,2712,-7530,2184,-24728
9096,-1408,-18451,-6258,16056,-11588
18640,-1440,-5031,-10218,5628,-7696
13583,-1472,13556,-6402,5984,-11300
8277,-1440,-470,-6630,11784,-10996
12742,-1440,-8500,-7022,7388,-9388
12241,-1440,4719,-6862,7544,-9244
6759,-1440,-2635,-5458,11500,-10740
8695,-1424,-11493,-4358,11400,-10748
12276,-1456,5445,-5298,9824,-8928
8132,-1424,3471,-4762,11732,-10592
8308,-1424,-6389,-3990,11824,-10264
9432,-1456,-3836,-3842,9140,-8572
7282,-1424,29,-2306,10468,-10060
7326,-1424,-4932,-1310,13412,-10080
8190,-1456,-3630,-518,11188,-10508
6613,-1424,1979,-1090,11316,-9684
5124,-1424,637,-170,12020,-10268
5940,-1424,-762,206,11960,-9252
4404,-1440,557,402,11876,-9680
4372,-1440,3225,738,11692,-10432
5176,-1440,4037,1638,12748,-10696
5056,-1424,3418,1650,13320,-11488
5032,-1472,5780,1766,12140,-12672
3816,-1440,5126,1966,13316,-13068
3
-32559,-1456,-12686,30098,-10396,23056
-32559,-1424,29284,26654,-28272,14936
-32559,-1424,-19908,21042,11536,-12068
-32559,-1424,-21350,8266,1372,-5020
-32559,-1424,2510,2178,16400,-23404
-32559,-1408,-11128,14578,15540,-32052
-32559,-1440,-1671,-3010,15604,-12984
11237,-1440,13293,-5946,9208,-17720
6108,-1408,-21086,-3090,17928,-17800
15658,-1440,-20464,-9846,3708,-17148
18526,-1408,9264,-10338,8220,-10168
8612,-1440,-2785,-10726,9340,-14780
10387,-1424,-9742,-7422,8292,-15796
13614,-1408,3751,-8506,7792,-11596
8043,-1408,799,-9062,12252,-9592
8232,-1408,-7651,-5950,10168,-13280
10574,-1440,-760,-5910,8508,-10668
7471,-1440,2218,-6622,11440,-9760
7778,-1440,-3914,-3926,10152,-12344
7967,-1440,-1487,-4062,9296,-11732
7810,-1424,2183,-3858,11040,-10576
6859,-1456,-1633,-3374,11624,-11132
6454,-1456,2484,-2258,8784,-12532
5104,-1424,7643,-2514,11860,-11840
6303,-1424,1540,-2118,12300,-12112
7074,-1424,-1912,-1250,8508,-11872
5625,-1424,7763,-574,8104,-10704
6514,-1456,11848,746,10256,-11168
13590,-1424,24364,1806,5600,-13484
13448,-1456,32696,926,8896,-15916
9808,-1456,24813,654,9808,-15604
6343,-1424,10701,1162,7392,-15300
3
-32559,-1456,28030,30966,15148,32767
-32559,-1424,-32598,29886,320,-13680
-32559,-1424,13968,28942,32468,-32768
-32559,-1424,7282,-2290,7844,-32768
13421,-1456,8412,12130,4396,-18408
5367,-1424,-3443,-4666,2960,-22984
-32559,-1456,30515,6750,-7468,-7220
17973,-1456,8625,-14154,5352,-12224
8266,-1456,-2914,-7378,-1672,-13300
21663,-1424,-12104,-6198,2580,-15288
21811,-1392,11498,-9770,2772,-6328
14947,-1424,-6506,-6134,2164,-11508
20947,-1424,-11558,-5582,3524,-13856
23294,-1440,-381,-5426,3748,-11288
15600,-1440,-3292,-6526,6600,-11380
15217,-1424,-11555,-1622,6000,-15280
18529,-1408,-7120,-2034,5104,-13452
15172,-1440,-3370,-2018,7204,-13388
14369,-1408,-5571,-302,6468,-14308
13615,-1440,-5377,-366,5672,-14092
11358,-1440,-5945,1210,6420,-14268
12376,-1440,-205,1618,7408,-16116
10650,-1440,-1672,954,7904,-14876
7605,-1440,-3314,1638,7428,-15400
6413,-1472,-1653,1954,7452,-16004
7198,-1440,-3133,2482,8176,-16056
6803,-1408,-2574,2646,7724,-15816
5072,-1440,-1972,3042,8144,-16672
5137,-1424,-2200,3498,8136,-16592
2422,-1424,-3602,2538,8980,-15324
465,-1424,-4229,3374,8404,-15868
3
-32559,-1424,10082,21782,32468,32767
-32559,-1424,19944,31270,-31776,32767
-32559,-1456,10979,31817,-32308,32767
-32559,-1456,28347,31817,-29488,19984
-32559,-1424,31401,26458,-12872,-9936
-32559,-1456,-32598,18270,3448,-32768
-32559,-1424,-2309,4698,22704,-19264
16250,-1456,10995,7082,28644,-28880
-32559,-1424,-3458,3874,17948,-28160
-32559,-1424,19869,-3326,16840,-8488
13761,-1456,11397,-13502,18068,-11572
5368,-1424,-3261,-6190,10392,-13696
6330,-1424,-926,-6910,11512,-9400
10023,-1456,3089,-8722,10484,-7624
13663,-1424,3153,-6630,11252,-11580
13069,-1424,-1505,-7718,12056,-9784
7078,-1424,-588,-8026,12544,-7240
4255,-1424,-3013,-5586,11688,-9884
6421,-1456,-6817,-5210,12272,-9500
7981,-1424,-466,-4746,10044,-9280
9246,-1456,4776,-4742,11204,-9308
9040,-1456,380,-3666,11272,-10572
8786,-1424,-668,-3122,11204,-9956
6598,-1424,-2593,-2406,12508,-11224
6165,-1456,4039,-2018,10780,-9856
4521,-1424,4790,-1922,12648,-10932
3643,-1456,-1240,-1354,12700,-11244
2619,-1456,-1301,-442,10264,-10768
3570,-1424,3837,250,10940,-10968
5344,-1424,-876,334,12152,-10328
3
-32559,-1456,-32598,30814,-8380,-21716
-32559,-1424,-11082,19754,-25056,-9700
-32559,-1392,-6995,6310,1636,-11256
-32559,-1424,-24026,30286,-6928,-29700
-32559,-1456,-2264,6582,6644,-26452
11714,-1424,-21864,-3130,-1060,-19968
15538,-1424,-15801,3310,-7388,-23136
19298,-1456,-4382,-6798,128,-15460
8525,-1424,-6444,-7242,2292,-13784
12453,-1424,-6358,-4774,5728,-16440
11111,-1424,-7965,-3326,4452,-17628
13180,-1424,-6841,-2650,5132,-16424
8775,-1424,-4806,-3550,6116,-13532
6214,-1424,-7171,-1366,5532,-15440
8495,-1424,-7328,-474,5516,-16056
9352,-1440,-4425,-186,6280,-14968
7810,-1472,-3201,-50,6652,-14996
7422,-1440,-3389,730,6468,-16052
6522,-1456,-2022,646,7060,-14436
4469,-1408,-2016,994,7760,-14744
2798,-1408,-3889,902,7308,-15020
1986,-1408,-2429,1690,6912,-14744
1734,-1456,142,1750,7136,-14216
2375,-1440,-1074,1738,8324,-13024
2821,-1440,-2429,2546,7428,-13680
4431,-1440,-162,2534,7404,-14356
2942,-1456,1648,2114,7600,-13404
102,-1408,-2390,2298,8652,-14260
-731,-1440,-6300,2582,7856,-15004
-1105,-1440,-2946,2850,7404,-13860
3
-32559,-1424,2246,22914,-30184,32767
-32559,-1440,32361,6614,-11572,32767
-32559,-1408,-32599,8142,8896,32767
-32559,-1440,-32599,31817,30188,31392
-32559,-1424,-32598,31817,996,-2428
32152,-1440,-32598,31817,-21604,-31328
7075,-1440,-14995,-12386,-14724,-26968
-19216,-1472,-32082,1518,-3984,-7444
1361,-1456,-23028,-5254,1956,-9824
10890,-1440,-9629,-8622,3764,-5852
4669,-1440,-6747,-11634,6184,-10824
13781,-1472,-8707,-3990,4032,-10236
12935,-1456,-9035,-7362,3076,-11996
12491,-1472,1255,-6638,2824,-11648
14937,-1408,-4905,-8182,6412,-9892
17127,-1472,-11111,-6574,6024,-11328
14488,-1440,-1197,-7226,6864,-8752
9307,-1440,1274,-5454,7220,-14064
14960,-1440,-12766,-4758,12308,-12504
14800,-1440,-2258,-2474,6592,-13068
11485,-1440,8558,-4374,8440,-12856
10279,-1440,-2231,-622,9772,-16876
16280,-1440,-5615,-886,10256,-13392
9194,-1440,1117,-2178,8332,-12812
6526,-1440,-972,-190,8476,-13172
7755,-1456,-2911,370,8412,-11796
10466,-1456,1905,1510,8852,-11924
10948,-1456,2427,2230,9224,-11896
9365,-1424,5717,2842,7552,-13300
8887,-1456,7936,3958,6864,-14200
10806,-1424,13726,5254,6204,-14108
10092,-1424,14093,3774,7036,-14340
3
-32559,-1392,-32599,31817,-6904,32767
-32559,-1376,-32599,4266,32467,32767
-32559,-1376,21386,11978,32467,32767
-32559,-1360,766,31817,32467,18488
-32559,-1376,-32598,31817,32467,736
-32559,-1408,-32598,31817,-3424,-31848
-32559,-1376,4745,31658,32468,-32768
-32559,-1392,5520,6154,8596,-7972
26217,-1376,-23056,-930,-7964,-13976
29701,-1408,3510,28902,-16532,-29768
-32559,-1360,6288,6454,-6764,-9360
31893,-1360,-10953,3730,4836,-17056
10755,-1360,-21431,5190,2604,-26764
22348,-1360,-19325,3570,2336,-18952
23377,-1392,-2715,2442,4020,-19040
15031,-1392,-6218,1322,3892,-20392
14459,-1424,-10835,1458,4976,-16060
11746,-1392,-4733,2906,4372,-17048
10556,-1392,-3595,3478,4964,-18144
9967,-1360,-3262,3658,5208,-18040
6453,-1392,-1031,2778,5324,-18252
2482,-1392,-2149,3478,5664,-19664
1868,-1392,-2821,3594,5996,-17396
427,-1392,-857,3358,5608,-16604
-103,-1376,-150,3466,6276,-16432
-949,-1376,-1792,3154,6472,-14800
-1659,-1344,-3302,3118,5740,-14452
-1475,-1440,-2659,2934,5872,-14568
-1747,-1408,-2266,3810,6112,-13956
-1625,-1408,-1945,3198,6344,-13628
22059,-1360,-32599,20558,-30356,32767
-32559,-1360,-32599,16106,21596,32767
-32559,-1392,-32599,-3950,32467,32767
-32559,-1392,12665,31817,32467,32767
-32559,-1408,-32598,31817,1956,13180
-32559,-1376,-32598,31817,32468,-16492
-32559,-1376,-9764,2870,-8268,-26528
28499,-1408,-31778,-6034,21956,-11988
-4209,-1408,-595,-5042,3696,-21108
-32559,-1408,-5788,6646,460,-32768
22540,-1408,9384,-10938,11348,-9172
-1142,-1392,-14658,-3446,-1472,-13884
8112,-1376,-23007,-1178,-4312,-12716
15611,-1408,4748,-6378,712,-11248
18402,-1408,1628,-6110,3144,-9764
13967,-1392,1455,-8330,4248,-8732
14680,-1376,3459,-6402,3288,-10112
17602,-1392,4734,-6202,4252,-10924
15523,-1392,3757,-7142,6284,-9688
15200,-1392,791,-4190,4164,-12636
18681,-1392,5211,-3326,3864,-14240
16782,-1392,4057,-4926,7832,-13192
12629,-1392,-4894,-3042,7908,-15484
14353,-1424,-4767,-1466,5264,-16040
14263,-1360,-848,-1806,7508,-14564
11712,-1360,-2942,-622,8360,-15560
11831,-1424,-2773,510,7484,-16764
10855,-1392,-1496,270,7912,-16772
8400,-1360,-462,614,7580,-17568
5314,-1392,-127,930,7824,-17552
2915,-1392,-2378,1058,7888,-16940
1727,-1392,-16,1310,7664,-17088
3
-32559,-1392,-32599,21850,7312,4952
-32559,-1392,-32598,6346,-11532,-32768
15931,-1376,9476,-994,-15972,-31652
13671,-1440,-32598,-8774,25344,-22028
-15508,-1376,-10839,4874,-5436,-24044
15658,-1424,8406,-8934,10836,-10268
12598,-1392,-2267,-8806,11276,-3912
1604,-1392,5504,-11954,10324,-2432
9599,-1392,15186,-10954,5184,-792
13920,-1392,7080,-10582,8432,-4424
19871,-1392,1138,-11078,4264,-5320
18676,-1424,17247,-11230,4840,-6932
14842,-1392,6778,-11062,10824,-7884
14276,-1392,-4584,-8718,8208,-9408
15443,-1424,10923,-7566,5340,-10460
10223,-1392,6153,-8450,8800,-11128
8967,-1424,-3047,-6370,7584,-11996
15069,-1424,4994,-4626,5336,-10408
11350,-1424,10844,-6394,8444,-9852
14488,-1392,7218,-3234,8764,-11388
13488,-1376,5066,-734,6656,-13936
15565,-1408,10451,-102,7024,-14828
13976,-1376,6358,-542,8428,-16056
12739,-1408,4320,-346,5780,-16460
10957,-1440,6570,98,6912,-16784
6839,-1408,2919,662,7236,-17736
4753,-1376,-1078,186,6524,-16720
2427,-1408,-305,1190,5140,-17388
1816,-1392,2199,1178,5720,-17024
1474,-1408,2248,1078,6124,-16212
3
-32559,-1424,-32599,31817,9332,-3708
-32559,-1392,-32598,25582,-14656,-1952
25932,-1408,-32598,4758,-22260,-26608
-4618,-1408,3372,-10538,-10424,-26388
-32559,-1408,23974,4094,3020,-28776
25251,-1408,-12987,11986,10984,-16472
14438,-1408,23022,-2214,880,-26644
24987,-1392,-9082,1206,-2992,-10236
6278,-1408,-188,-12174,256,-15800
871,-1392,1487,-662,-3648,-16384
8737,-1392,-5234,-7966,156,-13712
7184,-1392,6412,-8986,-600,-8708
4408,-1392,692,-8238,-768,-12516
11775,-1424,-6134,-7430,568,-11436
14853,-1392,2392,-7634,360,-8028
9872,-1408,-2805,-6462,1064,-12332
11408,-1376,-9556,-4222,2424,-11632
15299,-1408,-2534,-2806,376,-11680
11506,-1408,-7707,-3974,4528,-6600
13919,-1408,-17520,-98,2200,-13812
24582,-1392,-6627,3618,2076,-12100
22027,-1408,932,1802,7248,-14292
14503,-1392,-7771,2846,6516,-15764
13534,-1424,-8285,2898,4524,-14976
13747,-1424,-3947,3362,5796,-15700
14414,-1424,643,4326,6776,-16644
5287,-1424,411,4266,6216,-17460
3014,-1408,-467,4154,6308,-16836
2059,-1408,140,5246,5396,-16564
2095,-1376,-509,5390,6288,-16060
3
25211,-1360,6395,30174,-25096,24408
-32559,-1392,30425,31817,-14960,32767
-32559,-1392,-32599,21750,8328,32767
-32559,-1392,27764,31817,22620,32767
-32559,-1392,23459,31817,13024,3360
-32559,-1392,-32598,31817,11888,-16972
23032,-1408,-13996,18698,-14688,-29772
25236,-1408,-15659,2394,-4004,-22920
-32559,-1408,-32598,-2462,2528,-14520
32744,-1408,3817,-10258,4980,-11052
28396,-1408,-4131,-3102,3532,-11764
-32559,-1408,-16906,-1650,3396,-15792
30077,-1408,8702,-2350,460,-8872
16817,-1456,3737,-3310,6012,-12824
25330,-1424,-30550,1878,12012,-18636
25868,-1424,-7574,-1682,3308,-16012
15303,-1424,4570,-3978,5720,-12948
11212,-1424,-4412,-698,7596,-16988
20115,-1424,-16158,1086,6676,-15248
15841,-1392,-5681,-1250,7264,-13464
13540,-1392,-7187,298,9680,-14964
13388,-1440,-155,2102,10136,-13092
10419,-1376,145,3462,8924,-13672
9581,-1408,1219,5166,9612,-14688
9239,-1440,3651,4838,9620,-14932
7811,-1408,3162,4934,9444,-15056
4529,-1440,3124,5258,8656,-15068
2934,-1408,4411,5658,9132,-15124
3828,-1392,2014,6014,9892,-14476
2763,-1392,-392,5566,8516,-13796
3
7036,-1424,-8375,31817,-10760,23524
-32559,-1424,-785,31817,-31816,32767
-32559,-1392,14184,31817,-25988,32767
-32559,-1392,1680,31817,-10704,32767
-32559,-1392,16451,31817,-5564,22468
-32559,-1408,10194,31817,3060,-32768
-32559,-1408,-27999,29826,-124,-32768
-32559,-1408,29336,11886,11944,-26816
-32559,-1408,-32599,16278,30236,-15612
-32559,-1376,-9408,-1690,13028,-28984
-32559,-1408,27608,7174,1876,-15632
31254,-1408,-3082,-9378,11984,-14924
21783,-1408,20212,-3726,7248,-11424
27532,-1392,13190,-3470,6344,-12232
27449,-1392,13862,-3686,6388,-12608
23476,-1424,11238,-3318,6416,-12388
21308,-1424,9505,-1198,5948,-14192
21593,-1424,6635,-46,5752,-15872
23099,-1424,7910,1290,6864,-18592
21993,-1424,6224,-250,6716,-19348
16519,-1440,8634,362,5800,-19856
12442,-1408,4168,622,6660,-19616
10022,-1440,139,382,6900,-17808
4070,-1408,-2526,2470,5948,-19964
2012,-1424,72,2270,6252,-18076
-537,-1408,157,2542,5188,-18116
-1748,-1440,-987,2542,6328,-16520
-2663,-1392,-3644,2630,4616,-16064
-2040,-1392,-2197,3274,5316,-14488
-1743,-1424,-4113,2838,6024,-14392
3
-32559,-1424,-15058,31817,32468,-32768
-32559,-1392,-23357,-6814,-8136,-32768
-1935,-1456,-32598,-3886,-4872,-1740
32625,-1424,8055,31818,7148,-17268
-32559,-1424,-6628,-1526,-1776,-8832
30301,-1424,7619,-11606,3876,-1128
12545,-1424,1831,-5142,3288,-8500
23043,-1456,-4217,1318,84,-12556
27801,-1408,4521,-2734,3648,-11516
25012,-1440,8508,-4186,5392,-10656
18567,-1408,-1534,-3786,7368,-12816
23552,-1376,-7953,-982,4932,-16820
22322,-1408,943,-2798,6064,-12944
14198,-1408,-4446,-1990,8800,-13948
15497,-1392,-10329,-22,7788,-16772
15638,-1408,-2851,290,5892,-15696
11958,-1408,272,414,7836,-15548
9951,-1424,-1282,690,7204,-16480
7584,-1392,-611,2146,5272,-15700
7198,-1424,-1237,1602,7476,-15020
7138,-1424,-1335,2218,7128,-15372
6623,-1424,-2004,2470,6556,-15320
6397,-1424,69,2362,6808,-15212
6433,-1424,4159,3354,7760,-15440
6505,-1424,810,3570,7528,-15500
6585,-1424,-1359,3734,7192,-16312
4069,-1424,944,3286,7464,-16140
1977,-1408,850,3766,7524,-16208
1302,-1408,-1468,3842,7860,-15980
-125,-1376,-370,3986,6988,-15612
-684,-1408,43,4142,6688,-14612
-1184,-1408,-161,4094,7312,-14124
3
-32559,-1408,14657,31817,-560,24944
-32559,-1424,-19007,30670,-740,-15104
-32559,-1392,-27090,27870,-30236,-26676
30686,-1424,2250,9198,-8492,-18008
26265,-1424,-28561,9590,7072,-13576
-32559,-1392,-1994,4474,11988,8744
21231,-1424,15742,-4038,8012,-11848
11381,-1408,-552,-7846,10072,-13088
17404,-1440,-13881,-9126,9724,-11088
16341,-1440,7451,-9578,4036,-9504
10174,-1408,9280,-12126,8440,-7016
8425,-1408,1709,-8562,9796,-12048
17523,-1408,-1536,-8626,9300,-9100
14695,-1440,10878,-10442,9260,-8004
11877,-1392,10927,-8334,10756,-11892
15901,-1440,4979,-5430,10600,-12864
13660,-1440,7750,-6974,10368,-10932
11438,-1424,6446,-5054,9764,-12012
12816,-1424,3970,-2882,7920,-14204
12710,-1424,4434,-3278,8352,-12796
11707,-1424,3803,-2922,8328,-11420
11049,-1424,1954,-1230,6740,-13136
12418,-1392,2554,-22,6748,-13852
12302,-1424,3094,294,6768,-12708
12510,-1424,3547,1166,6328,-12844
13364,-1392,3126,2282,6332,-13464
14910,-1424,2689,3054,6556,-14232
14852,-1392,1658,3754,6772,-15944
12991,-1424,1268,3266,6924,-16876
8434,-1392,1851,3058,6788,-16724
4574,-1392,1957,4222,6636,-17400
2814,-1392,-518,4346,7436,-16464
3
-32559,-1408,-32599,31817,8856,-952
-32559,-1360,-6705,31817,14640,-21804
-32559,-1424,-7619,31817,-19956,-32412
-32559,-1392,4335,20754,-3316,-21016
23979,-1424,-21877,6850,-7464,-20028
22574,-1424,-21160,3022,-6476,-14384
31434,-1392,-15694,-4142,-2756,-12468
31147,-1392,-10270,-6322,1404,-9724
24964,-1392,-4439,-5894,4860,-11668
25817,-1392,-9572,-6334,6408,-11448
29914,-1424,-2699,-3610,4696,-11432
27774,-1360,-2642,-2038,3716,-15304
24168,-1392,-12797,-3166,7744,-14804
23045,-1392,-8880,554,5740,-16740
26099,-1376,1888,478,4984,-18908
22405,-1408,5329,-470,5632,-12820
10389,-1408,-1357,222,6316,-14092
11631,-1440,-2844,1542,4752,-17116
16411,-1376,2002,2498,6196,-17708
15881,-1408,1174,218,8736,-18248
15016,-1408,-316,1910,7660,-22704
11567,-1376,415,1734,9172,-21332
6765,-1408,201,1338,10588,-21016
3103,-1408,-4524,2494,9580,-21780
262,-1424,-1915,2726,8148,-19544
-1282,-1424,-685,2530,8220,-16900
-814,-1392,-1402,3382,8304,-16172
-1419,-1392,-2462,3138,8000,-15080
-1769,-1424,-1880,3282,6984,-13860
-970,-1392,-1033,3302,6624,-13256
-1469,-1392,-579,2994,7472,-13048
-1986,-1408,-1982,3514,7012,-12656
3
20974,-1408,3783,2634,556,-10968
8953,-1376,-26072,13578,-2216,-8172
30681,-1408,-12927,9918,-356,-21024
23406,-1408,-611,-2542,564,-9508
29162,-1408,-2789,-954,4936,-11840
22758,-1408,-954,-9250,11744,-6792
16532,-1392,-2706,-5358,4068,-10284
19609,-1408,-4086,-6026,5744,-13908
18622,-1392,-4443,-8098,9452,-10340
12312,-1360,-5838,-8578,10312,-8452
10974,-1392,-7109,-4902,8776,-12228
14840,-1392,-11486,-4502,10068,-13584
15978,-1392,-3737,-3802,8632,-12612
15719,-1392,4575,-2694,9816,-13344
14918,-1424,2672,-2234,10640,-14512
12736,-1376,-1328,-1906,9176,-13608
7119,-1408,1996,-1902,9332,-11548
5023,-1408,2029,-162,8420,-13136
7238,-1408,-300,-314,8972,-13412
8768,-1376,301,1198,8628,-12944
9788,-1408,4327,1322,9008,-13580
11026,-1376,1630,710,10108,-13956
7980,-1440,1937,-1122,11104,-13492
5654,-1424,755,1066,9820,-15636
7261,-1360,2700,1922,10092,-16640
8038,-1424,3288,1662,11028,-16740
5731,-1392,1015,1602,11076,-16632
2054,-1424,-1877,1818,10844,-16632
-235,-1392,-2630,2638,9996,-16112
-854,-1408,-2516,2322,10188,-15244
-1576,-1408,-1939,3150,9260,-14328
-905,-1408,-1199,3002,9076,-13520
3
-32559,-1392,-32599,5494,32467,32767
-32559,-1392,-16639,5022,16716,32767
-32559,-1424,-9467,29790,-2192,32767
-32559,-1392,1218,31817,3308,-1824
-32559,-1440,-18286,31817,-13168,-29564
26522,-1408,-1966,10990,6536,-9048
-32559,-1424,-18926,1170,3412,-6160
30018,-1424,9500,-4114,2908,-3228
20097,-1424,7194,-5738,5232,-8528
28836,-1424,-5434,-1862,4036,-11952
28400,-1440,2562,-6642,1776,-8920
17832,-1408,10375,-10258,6348,-9728
14694,-1408,-4102,-6222,4196,-13952
18208,-1376,-2533,-8666,4268,-10420
17619,-1408,1312,-7710,4908,-11284
15322,-1376,-3153,-5754,7360,-12556
15622,-1408,-3062,-6650,7040,-12068
14780,-1408,226,-6346,7080,-10404
13545,-1392,-2102,-3766,7984,-10844
14323,-1424,-5340,-2518,6292,-11440
15696,-1424,-3123,-302,7132,-11080
16230,-1424,-2677,830,9256,-11008
18941,-1392,-4345,2818,8156,-12800
20758,-1392,280,3418,9380,-14848
18431,-1424,3393,2846,10988,-15800
15496,-1424,2398,2194,10904,-15516
13308,-1424,208,2318,12528,-18200
11099,-1408,-482,2722,12484,-19356
8148,-1440,2541,2602,12704,-18668
4064,-1408,-154,3070,14044,-18804
3
-32559,-1408,30286,31817,4164,-8620
-32559,-1408,23625,22514,-15580,-30988
-32559,-1408,-32598,14638,2300,-32768
-32559,-1408,-11986,13238,-12136,-7916
14209,-1376,12422,-6834,9980,-8756
7430,-1456,-12928,-6902,1860,-10200
14304,-1376,-20608,-3978,1284,-9340
22138,-1408,-9202,-6494,-2212,-5408
24404,-1424,8066,-7502,2036,-5620
22965,-1392,6707,-7806,7188,-6576
22236,-1392,-1488,-7914,6364,-8336
21969,-1392,903,-7790,5392,-7664
16627,-1424,-1582,-9902,10064,-7244
16001,-1392,-4423,-5714,8284,-10928
16623,-1408,-541,-6098,7260,-11164
15893,-1408,-828,-6486,11024,-9132
16166,-1440,-2881,-6042,10440,-9968
16918,-1408,1272,-2214,8888,-11968
14832,-1424,2221,-3202,11472,-10648
14701,-1408,-2229,-1590,12552,-12340
15869,-1424,-3914,106,9536,-12392
13857,-1392,-388,202,12024,-12360
15885,-1456,-126,2178,14152,-14796
18726,-1424,-1811,2874,12496,-15700
14275,-1424,1031,1606,11756,-13344
7810,-1408,1636,2566,13684,-13316
5221,-1408,-4797,3858,11360,-13300
6708,-1408,-8897,2422,13748,-12244
6926,-1408,-6903,3746,12096,-10604
1946,-1408,-4948,1742,14580,-10888
697,-1440,146,4166,13392,-12748
3280,-1392,612,4086,15464,-12912
3
-32559,-1424,30431,21166,14556,32767
-32559,-1408,-32599,16434,25108,32767
-32559,-1440,6708,12542,30528,32767
-32559,-1440,43,31817,14492,24280
-32559,-1440,25883,31817,-2120,14888
-32559,-1408,-32598,31817,-3184,-2104
-32559,-1392,-20020,30142,-24276,-32768
-32559,-1408,28422,11758,-4784,-6704
26238,-1424,-32565,-4378,7976,-11736
20311,-1424,-12650,4098,-7176,-21336
32620,-1424,-16525,-1730,-980,-19864
24166,-1456,-16706,-9478,664,-15448
16875,-1424,-1395,-8574,2472,-14024
17282,-1376,-3880,-7594,3916,-13972
15845,-1408,-6699,-8270,3256,-14336
20266,-1440,-589,-6802,2740,-13032
15852,-1440,1607,-8342,5576,-11788
14070,-1456,-3706,-6834,4900,-14004
17497,-1456,-510,-4214,3244,-14036
14782,-1424,-2210,-5502,6288,-11716
14288,-1424,-3767,-3218,4944,-12864
18170,-1424,-3979,-1062,4548,-15268
16054,-1376,-3288,-1830,5644,-13368
13858,-1408,-3944,-498,6372,-14196
14379,-1424,-6446,1130,7056,-15324
15081,-1408,-4053,1386,6848,-16436
14962,-1424,2196,1738,6884,-17780
11883,-1392,2835,914,7944,-18100
6790,-1424,628,1154,7948,-18528
4539,-1424,-124,1482,7248,-18668
1631,-1408,-30,1562,7244,-18524
620,-1408,-136,1818,7624,-17704
3
-32559,-1424,28156,30966,-24484,32767
-32559,-1424,5533,26162,-12708,32767
-32559,-1408,21508,31817,-252,32767
-32559,-1408,-32599,31817,14736,27496
-32559,-1376,-12987,31817,-1616,-24332
-32559,-1440,15699,31817,-25052,-32768
-32559,-1408,-18831,15450,9500,-28468
21261,-1392,-24944,-1526,1888,-18576
16925,-1424,1006,7982,-4132,-17072
17736,-1424,-5169,-1222,1792,-16388
19388,-1424,-2937,-4502,1348,-13136
22459,-1424,-2164,-5974,-624,-8668
20056,-1440,2731,-6946,3356,-10708
19538,-1440,-4428,-4658,4968,-15296
23618,-1408,-3162,-5390,3484,-15580
19325,-1440,3701,-4994,6208,-16168
15077,-1456,-2702,-3974,7692,-20632
13672,-1456,-8902,-3942,8708,-18280
12797,-1424,-6601,-2490,5820,-17388
11591,-1456,-3110,-2370,7080,-17680
9302,-1424,-3500,-634,7780,-18692
7318,-1456,-5066,-590,7416,-17644
5028,-1456,-2612,-710,6796,-16008
3657,-1408,-2062,522,6740,-15840
4486,-1440,-2050,126,6584,-14852
5580,-1440,-1048,874,7220,-14736
5872,-1440,-150,810,6880,-14992
5238,-1440,1516,706,7304,-15120
3982,-1440,531,870,7716,-15344
2377,-1424,-1091,1314,7316,-15448
1192,-1424,-101,1250,7292,-15548
142,-1456,446,1678,6516,-14864
3
-32559,-1440,-32598,31817,-9836,-23096
-32559,-1408,-29267,31817,32764,-32768
-32559,-1408,6762,3530,5548,-15540
-9831,-1424,-15403,-6574,1532,-11084
-3417,-1424,-22867,14830,3096,-25916
-32559,-1424,-25741,-326,-1140,1300
22998,-1424,3223,-12530,832,-10292
10650,-1456,-6364,-13030,7128,-5684
8904,-1424,-4776,-4738,3472,-12872
19159,-1408,-6237,-7902,4536,-11920
19386,-1408,3463,-7938,4876,-11352
16484,-1440,3555,-8206,6176,-8824
14830,-1440,1592,-7482,7736,-12108
15053,-1424,-421,-5446,6204,-12776
15486,-1424,190,-5594,7388,-11588
14550,-1424,-2223,-4574,9516,-12288
14787,-1424,-4710,-2314,6828,-13524
16466,-1424,80,-1634,6384,-14536
16601,-1408,4961,-830,7268,-13844
14773,-1408,4661,178,6840,-13352
11964,-1408,3729,446,6156,-13488
10176,-1408,5714,1686,5388,-13460
10676,-1456,8584,2418,4200,-13624
12867,-1456,8899,1978,6352,-15072
13974,-1424,14622,4046,3444,-16808
16070,-1424,14730,2290,6580,-19088
15886,-1424,7138,3250,7076,-21012
9356,-1424,2200,3090,4692,-20760
1862,-1408,504,3430,5928,-20564
-898,-1440,-2707,4182,5176,-19876
-1919,-1440,-2713,4346,5104,-18612
-2582,-1424,-1036,4982,4356,-17656
3
-32559,-1424,-32599,30530,11656,32767
-32559,-1424,-32599,19674,32467,32767
-32559,-1440,-32599,-8566,32467,32767
-32559,-1408,12325,18422,31380,32767
-32559,-1440,-20093,31817,8872,32767
-32559,-1456,-32598,31817,-11052,27636
-32559,-1440,-32598,31817,-29080,-30740
-32559,-1456,25769,31817,-31260,-23928
30091,-1424,-32598,12066,19392,-10064
-9186,-1424,-24017,7206,356,-20328
24045,-1440,-18480,13978,-4368,-32768
22079,-1408,-8521,-13390,8432,-11552
16021,-1440,3366,-8386,4512,-11812
13034,-1440,-1268,-11358,6480,-11976
13022,-1424,-3271,-9918,6192,-13248
16030,-1424,-3929,-8998,5932,-11628
16218,-1424,-755,-7246,4244,-11296
12532,-1424,110,-6710,7096,-12668
11172,-1424,-4532,-4118,7984,-13964
12970,-1456,-7415,-2882,4736,-12568
12951,-1424,-2570,-3562,8088,-12520
9804,-1472,-2452,-2502,8848,-12432
11035,-1440,-3389,-1026,6116,-13284
13940,-1440,-1525,-106,7108,-12580
12538,-1440,-1035,22,8356,-13408
13421,-1440,-1044,1238,7524,-14764
13091,-1424,-771,2418,6156,-13448
10180,-1424,2508,1234,8264,-13688
8770,-1424,3040,2158,8508,-14356
8076,-1456,1487,3034,6644,-13300
5819,-1424,1033,3282,8008,-13252
6066,-1424,1258,3878,8052,-13188
3
-32559,-1472,-32598,31817,-26632,32767
-32559,-1472,-2482,28882,-32628,32767
-32559,-1440,7498,26914,-9748,32767
-32559,-1472,-32599,31817,784,-6592
-32559,-1424,25181,26346,-14004,-28656
1910,-1424,-32598,2182,-3552,-27216
-8700,-1456,-16149,10570,-5032,-17780
24280,-1440,25762,11778,3672,-16724
28456,-1440,-10089,-8178,14580,-5868
27829,-1440,-442,-5366,6956,-404
23770,-1456,1035,-6634,7280,-3756
23863,-1392,3589,-6210,6336,-6520
25103,-1456,8902,-7642,6872,-4936
19178,-1456,7329,-11342,10348,-4744
15180,-1424,-343,-8374,7096,-7420
17099,-1408,1372,-7398,7072,-9100
16946,-1440,5287,-8094,11720,-7732
13617,-1472,592,-6194,11980,-10144
17647,-1440,-3249,-4434,10844,-11104
16970,-1456,-347,-6306,12448,-9084
13010,-1424,-6294,-3738,13448,-10152
14206,-1424,-4931,-3422,10640,-11680
13385,-1424,-1131,-3894,12144,-10908
12243,-1456,206,-2642,12972,-10604
10957,-1440,4729,-1806,9728,-9984
11349,-1440,4990,-398,12080,-11644
14378,-1440,4668,506,12148,-11428
14577,-1408,6923,434,9672,-11040
13481,-1424,10597,2026,11220,-13028
13922,-1456,10803,2726,11680,-14904
15479,-1424,11084,2870,10772,-15540
12679,-1472,8659,2626,11840,-16668
3
-32559,-1472,-22752,31817,-22544,-27428
-32559,-1424,23737,31817,-25364,-23116
21501,-1456,-30554,10766,17824,-3580
31728,-1488,-12897,9294,23740,-9400
29400,-1456,-17073,3042,10324,-26004
22089,-1440,-3698,-10182,7352,-11240
16229,-1472,5333,-7430,4944,-11284
22722,-1424,-3640,-7082,6264,-13312
23367,-1440,-7137,-8406,6548,-10748
15733,-1456,4149,-8814,5104,-10260
11590,-1424,-3924,-5722,7872,-14140
14269,-1456,-8956,-5882,9796,-12872
17907,-1456,122,-5302,8328,-12080
16071,-1440,227,-3650,10136,-13844
14886,-1440,-3546,-5330,11768,-11420
13939,-1440,-373,-3782,9180,-11228
13097,-1456,1664,-830,8924,-11560
12488,-1440,-6039,334,11032,-11840
16243,-1456,-7516,1346,7448,-12448
17333,-1424,1403,2334,9192,-14120
9699,-1424,2784,862,11108,-14300
8498,-1456,828,2866,10088,-15504
6126,-1424,2922,2098,9880,-13532
4206,-1440,3304,2814,8616,-12392
6086,-1440,4712,3934,9444,-13716
8046,-1440,-196,4302,11148,-14412
6397,-1440,-3406,3226,9784,-13512
2202,-1408,-15,3518,9548,-14764
-44,-1456,714,3726,9992,-12908
-1923,-1424,825,3750,10832,-13948
3
-32559,-1424,15404,31817,-11372,32767
-32559,-1456,24893,28542,-1324,32767
-32559,-1440,-32599,24510,-2740,32767
-32559,-1440,256,29454,19664,32767
-32559,-1440,-25751,31817,-1140,1128
-32559,-1424,7501,31817,32468,-20460
-32559,-1456,-8420,14050,-10992,-31456
-32559,-1456,-15412,13322,-300,-16244
14783,-1456,2777,570,8652,-13928
-32559,-1392,8253,442,4548,-18532
30714,-1440,6166,-8010,7456,-10060
17137,-1440,1937,-13206,5436,-11232
19344,-1440,-1815,-8510,1720,-17084
20038,-1472,1071,-9922,2952,-11700
12760,-1424,-3486,-11518,4976,-8888
13005,-1424,-2626,-7270,3252,-15004
16472,-1456,630,-7938,6288,-12304
12350,-1424,-1486,-8234,7648,-10172
12671,-1456,-1539,-7050,7244,-13532
15513,-1424,1942,-5006,7388,-14196
12774,-1440,-1968,-6070,9808,-11576
10790,-1440,-2355,-5050,9236,-12980
12672,-1472,1171,-2454,7616,-14432
11312,-1424,-1109,-2802,8500,-13380
10273,-1440,-2966,-1670,8432,-13132
11484,-1456,-2984,-994,9500,-13104
11586,-1456,-3024,462,9136,-13376
12354,-1392,-1364,1694,8316,-13828
14106,-1456,1107,1762,9512,-14772
11510,-1472,4446,2042,8528,-14468
8268,-1440,5355,1830,9244,-15432
7933,-1440,2098,2346,9724,-15108
3
-32559,-1472,-32599,-3510,22924,32767
-32559,-1440,-32599,-6042,32467,32767
-32559,-1456,-7936,20102,21232,32767
-32559,-1424,-32598,31817,14344,12696
-32559,-1456,-1694,31817,-31124,-28944
28570,-1456,-10819,21194,-11220,-18868
5367,-1424,-32598,-1210,6408,-8732
-29705,-1472,-7665,3826,1308,-3724
14721,-1440,4932,-1354,1452,-3652
25726,-1440,939,-8270,4156,-80
18983,-1456,1338,-11546,5304,-1104
15166,-1456,3033,-12550,1088,-6000
19903,-1456,3323,-11282,1344,-4668
21240,-1424,5351,-10174,4280,-6324
18611,-1424,6408,-12214,5548,-4564
15271,-1424,4119,-10890,5948,-8932
15324,-1440,2046,-9066,7412,-7820
18719,-1440,6309,-8846,7148,-8552
18666,-1440,6665,-9574,8960,-9652
16818,-1440,258,-7906,8836,-11396
20986,-1456,6414,-5790,8420,-12312
21541,-1456,10038,-6370,10588,-12236
18256,-1472,-1510,-4786,10548,-12912
19005,-1456,-1510,-2262,7508,-14884
18916,-1424,1905,-2158,9956,-13740
16821,-1440,-4443,70,10832,-14428
17858,-1440,-1916,322,8864,-16316
17993,-1440,4938,622,9584,-18152
13074,-1440,14530,-710,9040,-17520
8867,-1456,12899,882,9248,-17564
5639,-1456,8124,362,8372,-16920
5515,-1488,6605,1306,7132,-18020
3
-32559,-1440,24416,31817,-25088,-1704
21449,-1440,-13833,31817,-24236,-26816
20303,-1472,-32598,4166,-15996,-18524
31442,-1456,-32598,15978,-4640,-27708
17917,-1456,21657,770,1560,-6444
12462,-1424,-21381,-7418,4280,-6384
26620,-1456,-8951,-8538,2004,-10104
26206,-1456,-2509,-9086,-508,-5760
24756,-1440,3458,-10434,2104,-4560
19630,-1472,911,-12410,4332,-6856
24705,-1472,1554,-7506,760,-14084
27305,-1472,4465,-11014,4432,-11472
19265,-1424,-1054,-13054,7368,-9340
15296,-1424,-1628,-8070,5416,-12852
13084,-1440,-3184,-7710,6364,-11672
12261,-1440,-3975,-5178,4968,-13812
14474,-1440,-2611,-4710,5796,-14032
14563,-1472,-2231,-3970,5956,-13316
13763,-1456,-1975,-3270,5420,-14096
13084,-1456,-658,-2238,5980,-14968
13461,-1456,975,-1978,5492,-14880
12275,-1440,-589,-1950,5772,-13180
10261,-1440,-1180,-1042,6388,-14636
10494,-1440,3297,-346,5884,-15428
8744,-1424,2750,-350,7440,-15628
4890,-1392,847,-254,7436,-15732
4646,-1456,-1114,530,6808,-17836
5691,-1456,-741,802,7008,-17188
2885,-1440,601,422,7404,-16552
1915,-1440,222,778,7096,-17116
3
4991,-1440,-4101,-2374,80,-20236
15468,-1472,-10064,-10350,4424,-14056
7445,-1456,-6718,-9310,4440,-11800
7697,-1424,-8243,-5954,5248,-15296
13211,-1456,-9669,-7134,8496,-13496
12274,-1472,-5365,-6594,9268,-12396
7381,-1440,-6480,-4702,6916,-14848
8729,-1472,-7083,-3766,9864,-13884
8672,-1424,-6324,-3398,10964,-12256
8895,-1456,-2501,-2522,8348,-12784
8915,-1456,292,-2422,9532,-13912
7079,-1456,-3897,-1394,10564,-12536
6735,-1472,-6601,-710,9496,-13256
7933,-1472,-1968,206,9564,-14620
7425,-1440,-1070,-342,10996,-12996
3895,-1456,-1997,-278,10724,-12624
1706,-1488,-3094,-234,10880,-13612
1260,-1456,-1533,1006,10316,-13712
2316,-1440,-404,278,11608,-13088
2951,-1472,472,558,11364,-13372
1217,-1472,-56,662,10836,-13644
922,-1440,-197,606,11568,-13332
718,-1424,-1148,818,11684,-13184
-213,-1456,-910,1718,10364,-13236
-342,-1456,1505,1670,10676,-13164
-435,-1504,-20,1202,10540,-11656
-427,-1440,-845,1830,10712,-12100
-1052,-1424,-2302,1970,9036,-12120
-1386,-1456,-814,1590,10092,-11612
-1801,-1456,-785,1706,9736,-11576
3
12393,-1424,-2745,25266,-18428,23200
-32559,-1424,13900,31817,-17516,32767
-32559,-1456,-32599,31817,-29668,32767
-32559,-1472,-32599,31817,-884,32767
-32559,-1440,20735,31817,-336,32767
-32559,-1472,-32599,31817,-4028,26236
-32559,-1488,-25339,31817,1152,6772
-32559,-1456,-32598,31817,-32064,-32768
-32559,-1456,19591,21286,6448,-13536
3015,-1424,-32598,-1170,26316,-21408
7323,-1440,-27860,1002,6388,-32768
-32559,-1440,7131,-3906,-408,-8248
13442,-1440,-8455,-17946,11704,-16064
6413,-1424,-1847,-7550,6888,-13912
11440,-1456,222,-12650,9168,-11264
17027,-1456,3715,-7418,6636,-10388
16125,-1440,-1355,-7894,6456,-11100
14255,-1440,-3660,-5514,9620,-12440
16712,-1440,-351,-4402,8696,-11220
16121,-1440,-4511,-3374,10704,-11468
13625,-1424,-5354,-2326,10404,-12632
13084,-1456,-2384,-1990,10280,-13980
12202,-1456,-3760,-1254,10016,-11476
12452,-1456,-4526,-538,10160,-12104
8108,-1440,4509,1050,5992,-11752
4925,-1472,719,-906,12064,-13440
5384,-1440,-1975,286,12244,-13096
5296,-1472,2646,538,9572,-12172
4405,-1456,3446,858,12212,-13848
6476,-1424,3170,1402,12328,-13360
4078,-1456,4771,1290,10588,-12488
3574,-1472,5549,2022,11368,-14380
3
22008,-1424,10441,31817,-14672,26208
-32559,-1472,17325,31817,-18928,32767
-32559,-1456,-32599,31817,-15232,32767
-32559,-1440,-32599,21450,7980,32767
-32559,-1424,-32599,31817,2664,23060
-32559,-1424,-32598,31817,-2172,21884
-32559,-1456,-32598,31817,-26824,-25368
-32559,-1456,16615,3930,-20748,-32128
-32559,-1472,-32598,23370,11816,-19164
25159,-1440,-32598,-19182,17724,-32768
13376,-1440,19304,12598,-3796,-13952
26737,-1456,-32598,-574,8048,-22128
10775,-1456,-1088,-6810,10768,-10664
15283,-1456,4084,-5822,3404,-9600
13184,-1456,-1617,-7222,6464,-18004
9226,-1472,-7671,-7506,7544,-11768
9322,-1440,-2594,-6498,8200,-9328
12319,-1440,1822,-5574,6904,-10952
13921,-1472,-7924,-4994,11604,-12624
12675,-1456,-4922,-4342,9476,-9396
12565,-1456,-1003,-4034,9792,-9540
11630,-1456,-1247,-1822,10236,-13228
10220,-1440,1561,-1798,10392,-14736
9259,-1440,3680,-1974,11180,-13604
8073,-1440,4811,-1530,11164,-13716
5358,-1424,4774,-1562,9800,-14272
4383,-1472,4390,-950,10668,-13220
3679,-1456,6092,-606,9744,-12584
5297,-1424,4031,142,10368,-14260
5488,-1472,763,-66,9892,-14536
3690,-1472,884,162,9464,-14056
3850,-1472,-700,586,10568,-15048
3
-32710,-1440,5388,23450,-4428,32767
-32559,-1424,21690,19754,-15716,32767
-32559,-1456,-32599,16890,-2024,32767
-32559,-1424,-32599,25758,10400,32767
-32559,-1440,-32599,30182,24708,32767
-32614,-1472,-32598,18090,32467,11432
28927,-1424,-32598,31817,-26300,-30552
-32559,-1456,-14518,31817,32468,-32768
-32559,-1424,-1546,5982,25096,-12816
-23703,-1456,-13403,8702,-3436,-19848
31293,-1440,-32598,7758,-4220,-5624
9007,-1424,-3729,-8750,5928,-7980
15666,-1456,-611,-10990,3640,-8732
16654,-1408,1385,-10150,4036,-8756
12544,-1440,1458,-9862,6916,-7716
10750,-1440,-3354,-7882,6336,-12060
15941,-1456,92,-7070,7020,-10788
14802,-1488,2366,-7014,7884,-9164
11384,-1456,250,-6650,7964,-10064
13396,-1440,-1872,-4514,7224,-13676
16392,-1440,-1490,-4458,9112,-11912
14013,-1472,-686,-4362,9848,-11476
12797,-1424,218,-2442,9128,-13820
14177,-1424,-1336,-1174,9648,-14664
14871,-1456,-362,-1010,9124,-13896
13227,-1424,381,138,9740,-15564
12970,-1440,1147,214,9476,-16780
10159,-1440,912,38,9708,-15596
5922,-1424,2013,378,9200,-15868
4312,-1440,1981,590,9680,-16080
3
-32559,-1408,-32599,30438,-3448,32767
-32559,-1424,-32599,14670,28960,32767
-32559,-1424,-8024,22506,14104,32767
-32559,-1456,-32598,31817,7268,31248
-32559,-1472,23940,31817,-5380,-544
-32559,-1440,-32599,31817,-19760,-16712
30296,-1456,-17821,10474,-16732,-10880
18328,-1456,-7171,-2670,-2000,-7052
22144,-1472,-16884,2230,5104,-13720
30040,-1440,-8586,-4906,7156,-9204
29274,-1472,-5655,-4138,3180,-8852
18429,-1456,-9357,-10066,7992,-9064
13671,-1456,-2534,-7098,6592,-11604
23529,-1472,-3211,-6442,6464,-11224
21393,-1440,-2735,-8498,8652,-8232
17325,-1456,304,-4942,8268,-10992
20671,-1424,-1799,-4374,8576,-11976
22290,-1456,-1949,-2838,9076,-14380
10620,-1456,1093,-22,10252,-13180
11891,-1488,857,-162,9400,-13760
11575,-1456,224,890,8128,-14496
11851,-1456,-641,874,11192,-14916
13058,-1440,460,394,12208,-17260
14073,-1488,1416,814,11292,-19008
8023,-1440,-310,630,13544,-18672
2630,-1456,-169,1002,12264,-19888
1801,-1456,-549,1082,11836,-18880
-1240,-1456,-1191,1514,10996,-16676
3
32595,-1424,17582,30926,10196,32767
-32559,-1440,-32599,21502,27544,32767
-32559,-1472,-32599,21362,32467,32767
-32559,-1440,21374,27814,27032,28556
-32559,-1440,-32598,31817,13172,6320
-32559,-1456,-32598,31817,32468,-21256
-32559,-1424,8719,28990,-22184,-32768
31723,-1456,-26476,-4678,16748,-12464
-11483,-1472,-20583,-12090,-1380,-23024
8215,-1440,-20342,4546,-1068,-16276
25898,-1456,-11145,-13862,6636,-1620
13918,-1456,-7244,-13662,4948,-3644
12738,-1456,-1381,-9554,6288,-4680
21897,-1424,2129,-9918,6752,-8784
23529,-1456,4125,-9746,5404,-7636
18251,-1440,2332,-10886,6740,-5880
14009,-1440,-603,-9254,7520,-7712
16068,-1472,4238,-7206,6416,-10964
17707,-1456,-141,-7542,8172,-8700
16523,-1456,-1422,-6410,8552,-9216
16557,-1456,5055,-5326,6808,-10520
16852,-1440,1276,-4262,9072,-10752
15006,-1440,-4827,-3722,9872,-10436
16011,-1472,-1541,-2610,7332,-12176
15808,-1456,1377,-1698,9488,-13584
14194,-1456,828,-1490,9648,-13732
12764,-1456,2736,-1778,10360,-14704
9235,-1472,1226,-1506,9988,-14468
5566,-1472,3387,698,9204,-13756
4511,-1424,1722,-854,11964,-13880
5797,-1472,2122,-190,10532,-14856
6876,-1456,3069,938,9380,-15788
3
-32559,-1456,14688,26762,492,32767
-32559,-1424,-32599,-470,-584,32767
-32559,-1456,11384,18034,7116,32767
-32559,-1440,-32599,31817,13700,27880
-32559,-1472,-13088,29094,3872,-2152
31070,-1456,-32598,31817,-26008,-26180
-32559,-1456,-15990,12334,-22548,-22896
31023,-1456,-171,5346,-2588,904
6352,-1456,-14939,-9830,2532,-500
25580,-1456,-8106,6846,-3980,-10072
24670,-1472,-8930,-8342,7492,-7024
20538,-1472,2419,-8382,3600,-5952
16779,-1472,9914,-8714,3732,-6544
18986,-1456,3506,-7638,3160,-10344
23753,-1456,984,-7642,2376,-11356
20646,-1456,5627,-10154,4220,-10716
13074,-1472,-67,-9698,4956,-10168
13139,-1472,-5314,-7570,2860,-13968
16655,-1440,1055,-6446,3960,-14176
15506,-1456,-3342,-7026,6576,-12820
14459,-1424,-6440,-6102,5300,-12076
13428,-1488,-3907,-4310,4452,-13068
12669,-1472,-3003,-3274,5068,-12776
13590,-1472,-3856,-2418,5692,-13172
14346,-1456,-5096,-1146,5920,-12824
13563,-1424,-6122,722,5088,-12560
13023,-1456,-4153,726,5676,-12736
13423,-1456,-3204,1398,6888,-13396
13136,-1472,-1972,1514,6736,-13760
11139,-1456,-851,1638,7900,-15128
10109,-1456,-1258,2230,8776,-16308
-32559,-1456,-32599,28046,-5148,32767
-32559,-1456,-32599,11074,25616,32767
-32559,-1440,23236,30606,27472,32767
-32559,-1472,-32599,31817,-2176,16596
-32559,-1472,-30532,31817,-4756,8556
-32559,-1456,-32598,31817,32468,-32768
-32559,-1456,-20652,16498,-14396,-26068
-32559,-1424,-7753,8610,-10648,-10552
28808,-1472,-7178,-5242,1284,-7940
21222,-1440,-12686,-186,-1280,-12856
22382,-1472,-11300,-2202,368,-13704
24088,-1456,318,-5366,1884,-12196
20997,-1424,-1243,-8342,4784,-10544
16072,-1456,-8218,-7974,4072,-12788
19402,-1440,1096,-5106,-160,-15492
18500,-1440,2330,-8006,5356,-13964
12526,-1440,-3858,-8166,6260,-12440
12567,-1488,-4871,-5146,2676,-15156
15802,-1456,320,-4086,4264,-15300
12805,-1456,-2227,-4886,5464,-13720
10974,-1456,-4431,-3038,4412,-14728
11337,-1440,-2392,-2306,4800,-14240
11472,-1456,-4250,-2794,5444,-13552
11444,-1456,-4974,-842,4800,-14108
10838,-1456,-4657,342,5296,-14292
11144,-1488,-3983,326,6648,-14208
12105,-1472,-5053,1334,6656,-15580
11704,-1472,-2484,1886,6452,-16956
9769,-1488,-1220,1218,7460,-16916
6443,-1456,-1924,1614,7404,-16748
3869,-1456,-1455,1690,7728,-17420
3218,-1440,-1029,2214,7844,-16932
3
29252,-1488,-25627,25310,-8244,32767
-32559,-1456,-4553,25946,-30548,32767
-32559,-1472,471,22242,-13220,32767
-32559,-1472,6051,31817,12384,31668
-32559,-1456,-32599,27474,13800,-15336
-32559,-1456,-32599,6510,-5492,-8044
-13639,-1440,-32598,3322,-6120,-15712
14789,-1472,-32598,16894,-30060,-5500
26685,-1488,16161,-3614,-11036,-7440
-32559,-1440,-11139,-3402,-2032,-8016
22111,-1472,-4324,-9870,2112,-3844
12455,-1440,-8898,-7598,3600,-7124
17326,-1456,-5447,-4146,108,-13004
22304,-1488,-1334,-6702,1940,-10660
18948,-1504,-7940,-9898,5644,-9048
15163,-1472,-4340,-7062,4240,-11556
16224,-1472,-2092,-6022,5380,-13340
16509,-1456,-8441,-7762,7028,-12516
16963,-1488,-5315,-5686,6280,-13520
13595,-1472,-2549,-6558,8864,-14636
11618,-1472,-3693,-6198,9600,-13924
14712,-1472,-2157,-4622,7952,-15032
12990,-1456,676,-4842,9316,-14104
9605,-1456,-2000,-3918,10312,-14128
11084,-1440,13,-1754,7308,-15920
9988,-1408,26,-2218,8488,-14728
8172,-1488,-798,-1250,8844,-14092
8732,-1456,-688,-562,8540,-15000
7676,-1456,541,-250,8860,-14056
5526,-1440,402,-242,8868,-13836
3
28266,-1472,-11325,25926,-22652,32767
-32559,-1456,-6323,31817,32468,32767
-32559,-1456,25179,17958,-14224,32767
-32559,-1456,-32599,31817,20904,32767
-32559,-1440,-32599,22338,26860,17060
-32559,-1440,8693,22406,6888,2676
-32559,-1408,-19372,26966,-17216,-32768
-32559,-1456,-11415,21606,-18120,-31416
27101,-1488,1137,-1746,-2260,-17592
-9162,-1456,3938,4158,-4576,-19048
24688,-1472,-32598,9166,-96,-4764
15352,-1440,353,-9098,-1360,-15256
13776,-1456,-3702,-9234,6168,-7416
16035,-1456,-1604,-8902,7528,-9320
20354,-1488,1253,-7730,4708,-10804
15937,-1456,1801,-11478,7580,-9584
12357,-1472,-1393,-8746,6996,-13364
16155,-1440,-512,-3774,6360,-15068
15004,-1440,-4635,-6502,9192,-11828
11744,-1456,-5174,-5242,6816,-13524
13127,-1456,1535,-2154,6072,-16148
12267,-1488,-2656,-3570,8680,-13892
9663,-1472,-8432,-3514,7468,-11904
7073,-1472,-8770,-1814,7288,-10120
5992,-1456,-6698,598,6740,-11088
14736,-1488,-5404,2374,5500,-12716
15856,-1456,-4344,798,8256,-10836
9944,-1440,-1826,826,11588,-11976
9362,-1440,538,2942,7944,-15712
11594,-1472,97,2574,10372,-14992
10512,-1456,-215,2418,11400,-13884
6747,-1456,359,2522,10392,-14856
3
-32559,-1456,-32599,12466,18080,32767
-32559,-1440,-32599,18546,8560,30312
31134,-1456,-8493,29310,11420,4968
-32559,-1456,-32598,31817,-30764,-32768
-32559,-1488,-7723,22654,-22048,-1588
-32559,-1472,9404,-2050,10592,-10300
3170,-1440,-13337,3426,212,-8848
-32559,-1488,-32598,10742,4656,-10072
-32559,-1488,-10038,1106,2116,-20088
25426,-1472,-6804,-8470,6884,-11536
8329,-1472,-11527,-9286,12940,-7600
9939,-1472,-11438,-3270,4016,-17260
19614,-1440,1140,-6518,8912,-12368
17105,-1472,2460,-7326,10496,-12320
10389,-1456,-873,-4870,10628,-13928
12319,-1424,1853,-3530,8580,-13912
12067,-1440,4426,-3698,9704,-14408
9779,-1472,1815,-2642,8832,-14924
9717,-1424,1831,-2426,7576,-13996
7586,-1456,957,-2150,9308,-13336
7969,-1472,-568,-542,8508,-14672
8020,-1472,1685,-946,7656,-14112
6745,-1488,1265,-1078,9260,-14032
7114,-1456,1146,66,8512,-14712
5498,-1504,115,622,9192,-14348
5539,-1440,1242,1742,7636,-13700
3571,-1488,2510,742,9904,-13012
3368,-1456,-329,1486,9296,-14316
3
-32559,-1488,-32599,1518,3692,6656
15561,-1456,32408,8054,-188,-2944
-32559,-1472,-32598,20186,-18512,-17736
-32559,-1472,-1935,14322,-21556,-11412
16171,-1456,14460,-1386,3280,-660
-4215,-1456,-32598,5142,-2604,-18648
22353,-1456,-17791,3890,-7644,-10604
15506,-1520,-15267,-8542,-752,-13980
9182,-1440,-10907,-5662,620,-8296
12382,-1456,-11980,-8878,748,-11156
15122,-1472,-9522,-8322,-1480,-10760
13732,-1488,-3604,-11210,1660,-9452
10645,-1488,-7567,-10654,2748,-11424
12631,-1472,-5750,-8070,180,-13344
13846,-1488,-5491,-9546,2280,-11684
11556,-1488,-7567,-8666,4000,-11296
11688,-1456,-8074,-5726,2700,-13616
14259,-1472,-5020,-5486,3076,-14320
12642,-1440,-6672,-5486,4504,-12444
10518,-1456,-7310,-4746,5548,-12712
11212,-1520,-3790,-3714,4808,-13988
12333,-1456,-3086,-2718,5972,-14256
12111,-1472,-4643,-2518,6412,-13460
10589,-1472,-5529,-1946,6548,-13120
11137,-1488,-3198,-498,6752,-14224
11917,-1456,-3384,-270,7172,-14296
10390,-1440,-3229,-258,7352,-14516
7451,-1472,-70,-2,7692,-15088
5425,-1472,-538,582,7800,-15192
3942,-1488,-1211,690,8276,-14912
3423,-1456,49,1014,8076,-14168
4145,-1472,507,1158,8480,-14332
3
27459,-1488,-19752,29574,-17820,32767
-32559,-1440,7551,31817,32468,32767
-32559,-1504,-32599,19818,-7936,32767
-32559,-1456,-32599,31817,21020,31828
-32559,-1456,-32599,29146,10468,32767
1881,-1440,-32598,27414,16572,8220
-32559,-1472,-32598,31817,32468,-32768
-32559,-1456,7797,12490,-26964,-12544
-32559,-1456,-21847,-12554,13228,-9700
-7856,-1456,-20184,3898,-5556,-11124
32635,-1472,-18161,10602,-13716,-26304
29880,-1440,-3885,-7178,4928,-13140
21041,-1456,5536,-5802,3076,-7608
13080,-1456,-3026,-9514,8064,-7272
13578,-1456,-9159,-5738,2456,-17232
20671,-1440,-1480,-7046,2696,-13408
15960,-1456,1306,-10466,7280,-11112
11279,-1472,-4747,-8602,7192,-11680
15128,-1488,-7009,-3978,3824,-17004
17742,-1456,-1490,-5410,6384,-15072
11364,-1472,-2384,-7098,8512,-11940
7421,-1440,-5973,-3466,6620,-14340
10310,-1472,-5631,-2494,5680,-15532
9339,-1456,-4552,-2638,6780,-13172
7585,-1488,-2211,-2190,7372,-12816
8651,-1472,-3730,-1006,7724,-14692
9824,-1472,-4007,122,6824,-14464
9015,-1504,-415,-358,7204,-13576
7236,-1456,-370,-314,8688,-13588
7261,-1456,-2083,594,8652,-14316
7089,-1440,-2200,1174,8112,-14332
5646,-1440,-2054,470,9248,-13860
3
-32559,-1472,-22869,28522,-13688,32767
-32559,-1472,19426,25030,32468,32767
-32559,-1456,-32599,17262,-7616,32767
-32559,-1456,-32599,30054,15532,29968
-32559,-1456,-32599,25598,15044,32767
-32559,-1440,-24253,31817,-8372,-22920
-32559,-1472,-20822,31817,-4948,-32628
-32559,-1488,12903,14690,-6536,-14492
18048,-1488,-13108,16622,-3380,-25628
28280,-1472,-32598,12526,-1036,-22728
22004,-1440,-4791,-3110,-4040,-18412
12773,-1456,-6098,-2698,2652,-16664
10822,-1488,-7596,-6438,3676,-16464
10511,-1472,-6634,-8914,3968,-13780
8165,-1472,-4466,-6258,5620,-14872
9302,-1456,-4757,-5058,6024,-15076
10589,-1488,-7762,-5458,5840,-13440
11368,-1488,-3590,-3970,5324,-14372
10714,-1472,-214,-2698,5992,-14872
10770,-1440,-5359,-3866,7752,-13116
8756,-1488,-8114,-2646,7500,-13756
8700,-1456,-3307,-606,7328,-15076
9731,-1488,-2466,-1146,8036,-15136
8770,-1472,-3270,-894,8692,-14248
7130,-1504,-1617,-14,8380,-14908
5801,-1456,-674,218,8164,-14800
5082,-1488,-510,590,8712,-14988
4000,-1472,772,478,9044,-13672
2952,-1472,445,1074,7976,-13808
3165,-1472,-1846,1190,8304,-13964
2550,-1488,-1600,1378,8828,-13876
2162,-1488,916,1546,8444,-12996
3
-32559,-1488,-32598,30806,-13428,32767
-32559,-1488,12803,25062,32468,32767
-32559,-1440,-32599,20982,2748,32767
-32559,-1504,-32599,31817,21268,18740
-32559,-1456,-15859,31817,31160,6296
-32559,-1520,-32598,31817,-1688,-32768
-32559,-1440,29170,22074,-32360,-28472
-32559,-1456,-20953,2298,16524,-8064
18785,-1488,2853,-5402,2316,-7220
15481,-1488,818,6230,-1888,-16072
32068,-1440,-2509,3150,4676,-11792
23725,-1472,-2885,-5970,10584,-7616
15760,-1424,8090,-5126,9520,-9692
19433,-1456,3019,-3746,6064,-14216
21746,-1456,-8241,-8366,8400,-12592
18778,-1472,-4027,-5026,5920,-13116
16712,-1472,-967,-5990,7972,-12480
17970,-1472,-5957,-3430,8084,-13540
19004,-1488,-7277,-1138,7796,-11524
18651,-1456,-3134,-282,7484,-11480
19529,-1488,2983,734,8604,-14724
13598,-1488,4156,1738,9520,-15092
9120,-1456,-2802,2214,10716,-15760
7428,-1472,-6576,2574,9996,-16896
8828,-1472,-302,3290,10000,-17972
7240,-1488,85,2598,12296,-17908
5335,-1488,-3499,2402,11584,-18732
2097,-1488,-2717,3046,11708,-17892
-1083,-1440,-794,3510,11796,-16636
-2313,-1472,388,3630,11424,-15760
3
-32559,-1504,-32598,31817,-9452,28448
-32559,-1488,-12493,31817,-17504,-9824
27587,-1472,21288,31817,-12136,-29592
-32559,-1440,-24702,31817,-13500,-32768
23033,-1472,-32598,16314,32467,-32768
4245,-1488,4074,-7150,3868,-10244
-4247,-1520,356,-358,3744,-23808
2343,-1472,-13168,-8334,16564,-16488
5759,-1504,-17372,-10030,4756,-11760
2491,-1456,-876,-8890,8072,-12072
5222,-1488,-1260,-5446,8904,-14200
15258,-1456,-7640,-4970,9716,-12780
10270,-1472,-441,-7242,11184,-10712
4161,-1504,-12,-3866,11732,-12140
5747,-1488,-6058,-1230,9740,-14612
9924,-1520,-1289,-2150,10064,-12324
8617,-1472,4057,-3254,11328,-11328
6373,-1488,-1501,-2042,12196,-11676
9112,-1488,-2165,-298,9036,-13248
8597,-1456,-187,-802,10740,-11180
5901,-1520,-2608,226,11392,-12084
5718,-1472,-2036,1254,9884,-12424
5682,-1488,1150,1618,10392,-12176
6751,-1456,-360,2014,11184,-11328
6819,-1472,29,2482,9884,-11648
5485,-1472,3256,2298,9536,-12140
4031,-1488,3185,2698,10740,-11968
3944,-1456,-365,3130,11332,-12768
5064,-1472,-776,3030,10360,-13796
3976,-1472,-216,3002,11004,-14124
2309,-1440,-1125,2790,11972,-13096
1311,-1456,54,3238,11152,-13280
3
27776,-1456,-2745,31817,19388,32767
-32559,-1472,-13381,31817,-5372,32767
-32559,-1440,30467,27726,18140,32767
-32559,-1456,-32599,31390,18204,18504
-32559,-1488,-32599,31817,6208,32767
-32559,-1440,-32598,31817,-7884,-6364
-32559,-1488,-24303,31817,32468,-32316
-32559,-1456,26995,4866,6328,-8684
4406,-1456,-32598,12970,2608,-21896
-32559,-1504,-32598,-4086,5620,-32768
-32559,-1504,4198,738,-1180,-17848
19579,-1488,6315,-13686,9748,-16332
-3107,-1488,-10812,-9442,11120,-12564
2302,-1488,-24326,-5402,3280,-18912
16059,-1440,1854,-5826,1592,-13808
12594,-1504,-5705,-9742,8272,-12336
4246,-1456,-4865,-8258,10508,-11548
12760,-1472,-3529,-5466,7676,-12856
15652,-1472,2698,-5982,9320,-12864
9433,-1456,1063,-5534,10540,-13280
7570,-1488,-2529,-4658,11000,-12644
8472,-1472,-1267,-3702,8472,-13156
9475,-1472,2500,-2514,9156,-14200
9126,-1472,1756,-2846,9732,-12484
7120,-1488,-1616,-1698,9864,-13472
7929,-1488,-1054,-902,8624,-14264
5989,-1504,-194,-826,9592,-13120
5232,-1424,-2026,-322,10516,-13004
6119,-1488,-1436,110,9620,-13308
5327,-1456,1322,442,9064,-13204
5169,-1472,1327,410,9744,-13176
4202,-1440,189,434,10320,-13088
3
21287,-1488,-22488,31817,-14068,23008
-32559,-1472,14925,31817,-31116,32767
-32559,-1456,-32599,20422,-14820,32767
-32559,-1456,-32599,30370,-12644,32767
-32559,-1472,-32599,31817,1632,17668
31114,-1472,-18445,21730,-2456,-3376
32320,-1456,-32598,29346,-22168,-32768
-32559,-1456,24993,22058,-12016,-19424
13850,-1488,-20406,-17558,23140,2100
-9789,-1504,-1540,-4898,2468,-26404
-32559,-1472,-21054,-1194,1412,-21304
23670,-1456,6257,-16134,7456,-8848
2336,-1456,2077,-16626,8524,-372
-846,-1456,-1621,-13778,7360,-7520
15311,-1472,-10248,-12466,3428,-7928
17909,-1440,1303,-12982,3676,-5588
11403,-1456,6070,-12674,6580,-5252
9218,-1488,460,-9362,6988,-9584
17072,-1472,2358,-7690,5652,-11324
15715,-1504,7538,-12030,8992,-7484
8226,-1472,890,-10006,9668,-8196
11400,-1488,723,-6242,4636,-13080
15299,-1456,6340,-7990,5840,-12580
12987,-1472,4623,-8202,8444,-10260
9743,-1472,-237,-6962,10328,-11532
9130,-1456,-5022,-5734,7452,-13696
8937,-1488,-1217,-6130,7000,-11672
8540,-1488,-689,-5686,8972,-12172
10756,-1440,-916,-4750,7836,-12124
9660,-1472,-1823,-4262,9192,-11780
10046,-1488,-2244,-2798,9644,-11848
11755,-1456,-3863,-1822,9472,-12708
3
-32559,-1504,-32599,27742,-3808,32767
-32559,-1456,-32599,18410,25572,32767
-32559,-1488,-32599,23930,11096,15420
271,-1456,21252,31817,19748,-3032
28853,-1488,-32598,31817,-27280,-12032
-32559,-1488,-32598,21558,32468,-30916
-16113,-1456,9386,31818,32467,12328
8010,-1504,-16765,438,-3692,4236
27838,-1472,-32274,-5382,6044,-12052
-32559,-1488,7739,-9762,2112,-3020
22656,-1456,22516,-12622,7416,-2480
15842,-1456,19345,-9622,6900,-5376
19524,-1456,15125,-11918,9124,-8000
12442,-1488,-3210,-9102,8140,-10404
20140,-1488,-3045,-5082,1944,-14272
21205,-1472,2375,-7986,7628,-12372
12321,-1472,-3574,-8062,10960,-9648
11299,-1456,-10876,-5438,7764,-11784
15094,-1488,-6693,-4374,6544,-14484
12907,-1504,-4953,-4774,9152,-12684
11397,-1472,-5575,-2970,8444,-13036
12771,-1488,-2024,-2438,7424,-13972
10648,-1488,2858,-3006,9244,-12108
7008,-1504,1152,-2310,11108,-12472
6944,-1488,4442,-1042,11512,-13472
7317,-1504,199,-298,11352,-14296
6138,-1488,-2311,-310,10136,-15412
4969,-1456,-82,2,10872,-15136
3
-32559,-1472,-32598,31817,32468,-32768
-32559,-1520,11112,15482,-20820,-21192
24561,-1488,-19135,-11642,-508,-13744
23792,-1488,13195,-10918,3868,-14980
12447,-1472,-10828,-12966,4372,-6252
10330,-1472,-10117,-10690,6792,-6908
15841,-1488,2180,-9322,3964,-11008
20305,-1472,-4798,-9002,6980,-12340
17583,-1472,-3792,-10770,6968,-8548
13482,-1488,2967,-8610,7552,-9196
14764,-1456,-2902,-5510,11128,-13504
16605,-1472,-11086,-6538,10860,-11580
14596,-1472,-3869,-6022,8500,-10460
9864,-1472,-2086,-5226,10560,-11160
13316,-1504,2399,-2314,9484,-13096
10609,-1488,3321,-2178,10180,-14780
8524,-1456,2959,-2954,10108,-14316
5207,-1472,4735,-2986,10092,-13460
4554,-1488,3283,-1854,9764,-14112
3874,-1520,3483,-1706,8932,-13448
4091,-1488,3214,-1562,9708,-13904
2872,-1504,2338,-1154,8968,-13996
2378,-1504,2148,-1250,8896,-13832
1226,-1456,-218,-1474,9864,-13692
797,-1472,-2309,-498,8208,-13660
-636,-1472,-2181,-622,8972,-13424
-730,-1488,-1553,-314,8792,-12876
-167,-1488,-2669,-546,8912,-12692
3
-32559,-1472,-32599,31817,3140,25332
-32559,-1472,-32599,31817,6052,-224
25511,-1488,-32599,26878,13984,19088
-32559,-1488,-32598,31817,-13600,-32768
-32559,-1472,24410,31817,32468,-32768
-32559,-1472,-18218,-22986,32467,-32768
-27071,-1456,-23918,-11074,2252,-17704
-32559,-1488,-26642,-22462,-6784,-16496
-32559,-1472,16498,-9638,-12,-2908
8784,-1488,-8282,-18622,16592,-6640
-5107,-1488,3109,-6594,3496,-15184
17933,-1504,-3902,-6350,2456,-18516
27269,-1472,5470,-10758,8152,-9444
12535,-1488,-4349,-10954,8268,-7944
9179,-1488,-1129,-6690,6400,-12972
15948,-1472,-604,-5958,7824,-12384
14950,-1488,-1890,-5906,9740,-10656
12795,-1456,-435,-5358,9420,-10664
11640,-1472,-2248,-3854,9236,-12604
11656,-1472,-3251,-2766,8988,-12104
12381,-1488,51,-2118,8172,-12832
12461,-1520,3522,-1906,8276,-13864
9447,-1472,656,-2582,10516,-13008
5660,-1488,-131,-1294,9512,-12904
5255,-1488,1076,-670,9000,-13228
5381,-1472,-576,-1090,10540,-13324
5095,-1456,294,-114,9248,-12532
5424,-1488,1345,198,9392,-12428
6244,-1488,252,578,9316,-13416
5602,-1472,-775,854,9324,-12900
4472,-1472,-793,826,9880,-13000
4424,-1488,-1406,1306,9608,-14168
3
-32559,-1472,-32599,31817,-788,32767
-32559,-1472,30767,29786,30816,32767
-32559,-1488,-30066,31330,9652,32767
-32559,-1504,-24401,31817,-13820,21692
-32559,-1472,14787,31817,-26336,-32768
-32559,-1472,15969,23002,-6256,-20556
31779,-1456,-22172,8062,23872,-20388
14027,-1488,-28221,-110,2036,-20680
29234,-1504,-16122,1966,4572,-19936
17319,-1488,-10676,-9046,13808,-11088
14090,-1488,3595,-4054,11440,-12756
28086,-1488,9529,-7446,12160,-13044
28148,-1472,12512,-5114,14184,-13204
17823,-1472,5205,-6706,12212,-13284
19112,-1488,6592,-3722,11476,-13276
20667,-1488,5982,-2734,13320,-13584
14963,-1456,9429,-2798,12608,-13616
8910,-1488,9215,-1374,11368,-14512
6270,-1504,5376,-22,10120,-15388
5118,-1504,4099,314,8920,-14048
6209,-1456,5709,998,9424,-13496
5395,-1504,2668,934,9956,-14088
5259,-1472,648,1010,8936,-14124
5069,-1488,161,1158,8684,-14012
4359,-1472,-1028,1974,9468,-14696
3470,-1472,-677,1834,9504,-14616
2458,-1488,-926,2194,9360,-13988
1775,-1456,-954,2082,9316,-14584
3
-32707,-1488,8649,26738,-3048,32767
-32559,-1504,-32599,24942,13472,32767
-32559,-1472,-32599,11270,26896,32767
-32559,-1456,-32599,26954,16320,30100
-32559,-1488,27859,31817,13032,11740
-32559,-1472,-32598,31817,-29428,-5408
-32559,-1488,-32598,31817,32468,-32768
-32559,-1488,7046,7090,-2784,-5856
4636,-1472,-21897,12822,4092,-15368
-32559,-1472,-26299,-4342,17580,-15264
24097,-1488,-13262,-9258,-1648,-7364
13110,-1488,3826,-13010,8700,-11856
13647,-1504,3653,-9134,9972,-8420
22660,-1488,-7862,-9606,8808,-9928
20492,-1488,5367,-9494,5788,-9700
11081,-1472,5894,-11062,11076,-9588
11243,-1472,-2537,-7674,9592,-14004
19589,-1456,5998,-6798,7212,-13436
13604,-1472,-1442,-4402,7172,-14204
14280,-1488,2638,-4938,8644,-11740
11475,-1488,1380,-4438,10244,-10716
12257,-1472,-2927,-1758,8556,-12584
13587,-1488,-2342,-1094,7252,-12684
12905,-1488,-607,-986,9448,-11652
12874,-1520,-2662,386,10316,-13104
13663,-1504,-3800,602,9572,-14196
11955,-1472,-32,638,9564,-14744
8221,-1488,2945,186,10736,-14608
5647,-1520,2440,930,10184,-14180
3819,-1472,1019,1338,9676,-13680
3
-32559,-1504,-32599,25150,26688,29024
-32559,-1488,-24152,18530,1180,9024
-32559,-1488,-32598,31817,-30196,-11036
-32559,-1472,18956,31817,-16864,-19536
-32559,-1504,-1813,14778,17120,-16560
29416,-1488,14361,9754,360,-26340
-32559,-1488,-11367,11098,10496,-23980
-32559,-1504,-6112,-7394,10768,-15952
14676,-1472,3711,-8438,7880,-12008
8071,-1488,3755,-6322,8176,-15248
13980,-1456,3130,-8526,9448,-16100
19905,-1472,5820,-8302,7788,-13468
16089,-1504,7555,-9142,8404,-13340
14135,-1488,4991,-5626,9836,-14616
18305,-1488,3880,-6102,8480,-13796
14140,-1520,-1022,-2770,8240,-16016
13663,-1488,-987,-2710,8772,-14760
12307,-1472,-100,-1498,9144,-15032
13930,-1504,2727,-898,8404,-15588
9859,-1488,2016,-1434,10296,-15328
7243,-1488,-2352,-98,8924,-16784
6987,-1472,-1365,490,8348,-17328
5841,-1504,1673,-426,8904,-15772
4016,-1520,2522,710,8684,-15188
2563,-1488,722,1182,8584,-15340
2635,-1472,-213,1394,8608,-14892
2324,-1472,-1398,1378,8632,-14048
1504,-1472,-1403,1766,8496,-14272
3
