-32558,-1344,-32598,31817,-32588,-17160
-30673,-1312,-3526,19094,-12432,6912
-11791,-1296,2820,23902,-4184,80
2608,-1344,7459,16234,-1716,1544
10480,-1296,17486,8710,3096,3408
16859,-1312,18731,5058,6044,3972
21669,-1344,12796,5058,8260,4668
30278,-1328,7796,5922,7316,768
-32559,-1312,11871,4482,6560,-2820
-32559,-1296,11366,4950,12092,-5720
-32559,-1312,24023,3614,17456,-10556
-32559,-1312,21499,7990,27928,-18404
-32559,-1296,27748,1586,32467,-6956
29370,-1312,26033,6058,16004,-16048
-32559,-1328,-32599,10970,20344,-19784
-32559,-1344,29368,13170,26016,-4612
-32559,-1344,15936,16682,18096,-9392
29817,-1296,25271,19306,12516,-10396
25790,-1344,14733,22298,12276,-6852
21739,-1296,3316,21846,14204,-6112
19010,-1312,1464,18494,7988,-5124
9773,-1312,3636,16714,10080,-2472
4022,-1312,4877,14714,6728,-1252
496,-1312,4015,15270,6760,-1684
53,-1328,6127,15710,5812,-1536
-2267,-1312,3766,16146,4452,332
-2740,-1328,1875,15986,3808,1524
-2940,-1328,-368,16482,4120,844
-1636,-1344,-1630,15870,2788,1528
-1989,-1328,-1149,16026,2736,1784
1
-32558,-1328,-9689,31817,-16220,-17128
-22079,-1312,-23486,28210,-9640,-7832
-23917,-1344,-6268,15570,-4064,3000
-14828,-1328,-3051,19350,848,-208
-2620,-1312,640,15794,-5696,3020
4651,-1344,8733,11958,-2136,4428
9849,-1312,10411,7766,-468,5272
16083,-1360,14019,5258,3760,4992
23347,-1360,15439,5122,6776,3620
-32576,-1312,13727,3570,7048,888
-32559,-1328,18000,4542,9988,-3760
-32559,-1312,23651,7370,14388,-7488
-32559,-1296,-32599,12118,26828,-16376
-32559,-1344,29320,570,32467,-11336
-32559,-1360,-32599,5674,29632,-15524
27788,-1328,14548,4046,28944,-4812
28597,-1344,16363,13062,17308,-14520
22915,-1328,28916,18454,26688,-6364
15451,-1344,5218,13894,17776,-4344
20841,-1328,3493,19914,12628,-7424
15545,-1328,25320,26098,4704,-1092
10256,-1376,25755,16402,11424,-1160
727,-1312,11879,13710,6848,-832
-747,-1328,5868,16438,4812,-3040
770,-1312,9980,16258,2760,-1616
-1505,-1328,13065,15238,3952,-136
-3834,-1344,10364,15562,3400,256
-3485,-1328,5795,16378,3200,-96
-1858,-1360,471,16294,3328,776
-2117,-1376,-2960,16146,1960,1396
1
-32558,-1344,-3221,31817,2800,-32768
-32558,-1360,-32598,31817,-30668,-24212
-30838,-1344,-757,25338,-868,7320
-21988,-1360,989,18782,5460,-740
-2815,-1344,-5385,17694,-668,-896
9547,-1328,468,13934,3024,3044
14699,-1312,-3967,9954,7732,3740
17284,-1312,-7079,5630,3488,3684
-32559,-1360,9077,4938,6892,-1612
-32559,-1344,22728,8422,12236,-5064
-32559,-1376,31455,13662,21888,-6116
-32559,-1360,29446,8526,32467,-6276
-32559,-1344,-32599,13290,17228,-19848
-32559,-1360,-32599,16034,32467,-20080
-32559,-1344,7711,9006,31236,-7092
25114,-1344,29967,19562,15636,-10936
14415,-1360,25439,20814,23096,-10652
12280,-1344,9537,17742,18456,-5960
18292,-1360,8770,17902,11092,-6880
10531,-1312,10308,16294,9460,-2152
3669,-1360,16656,15298,8724,-2940
4019,-1360,16437,15710,8424,-2628
2817,-1344,11326,14574,8120,-1516
174,-1360,6562,14422,5920,-120
-2154,-1344,6883,15198,5912,-356
-901,-1344,5661,16078,4216,-460
-509,-1328,2988,15406,4508,1436
-1807,-1344,1143,15866,4780,984
-1739,-1360,450,16042,3760,1544
-1357,-1328,-564,16310,4060,1364
1
-32558,-1360,-3924,11054,32467,-32768
-32558,-1328,-32598,14930,32467,-32768
-32558,-1344,-32598,26542,32467,-32768
-32558,-1360,-32598,31817,21088,-32768
-32558,-1328,-20767,31817,-17760,-32768
-25830,-1344,-32598,28938,-28988,-32752
-22669,-1328,-9480,11174,-6228,22352
-15219,-1376,-2119,18918,56,104
5369,-1344,-688,18446,-3688,-1320
12750,-1328,12367,11490,488,3096
15205,-1344,11939,6298,4692,4836
19669,-1376,14041,3458,4588,3960
26538,-1360,23950,5426,5584,812
-32559,-1344,19789,5702,9748,-2564
-32559,-1360,21563,7526,11128,-2688
-32559,-1376,-32599,10370,14120,-10728
-32559,-1344,-32599,11694,19932,-14920
-32559,-1360,-32599,14502,28800,-23216
-32559,-1344,29349,4186,30256,-14072
-32559,-1360,27435,16846,17172,-15660
26642,-1344,24245,19938,23980,-10404
25052,-1376,9031,22206,14584,-13248
30638,-1360,4717,28598,12120,-10524
19660,-1344,10900,20694,12928,-5956
5359,-1392,18786,16790,11476,-5300
4222,-1392,17040,15626,9504,-4296
5159,-1344,9381,13898,7652,-2376
3584,-1360,7156,15726,7440,-3300
2153,-1344,8191,15366,5136,-2188
-333,-1392,10743,15142,3308,-864
-2439,-1360,8499,15626,4332,-452
-2989,-1344,2535,16598,4628,-132
1
-32558,-1360,-32598,4914,32467,-32768
-32558,-1344,-32598,7114,32467,-32768
-32558,-1360,-32598,17346,32467,-32768
-32558,-1344,-32598,31817,32467,-32768
-32558,-1360,-18066,31817,12008,-32768
-32558,-1360,-6883,31817,-12464,-20364
-17378,-1344,-9101,21534,1464,-14940
-25903,-1360,-10562,17678,-5716,6324
-11016,-1360,-1516,28658,-2896,-10696
13222,-1376,6720,19502,-5284,4920
19253,-1360,14944,13550,2076,2732
28178,-1360,10691,9474,3960,1876
-32559,-1344,16832,7998,5748,76
-32559,-1360,20226,7258,10040,-3720
-32559,-1344,13431,5834,13504,-10868
-32559,-1344,6818,9030,23872,-12036
-32559,-1392,5463,-2510,32467,-6700
27995,-1376,-3060,6206,25096,-1968
24454,-1344,-32599,15250,16400,-11200
20433,-1392,-32599,19058,32467,300
13761,-1344,12693,23150,21220,-5896
10856,-1360,26992,27450,21700,-2860
9816,-1376,26267,24466,19404,-5988
13304,-1344,23653,18158,12812,-4800
8954,-1328,20874,14954,14500,-1056
629,-1376,14623,13898,10792,-1664
544,-1360,15446,15274,8356,-3720
2333,-1328,15218,15490,9028,-3228
1098,-1376,10539,14078,7464,-1564
-2353,-1360,8213,14530,6004,-1060
-2122,-1376,8168,15766,5208,-1620
-827,-1344,7167,15602,4876,-616
1
-32558,-1392,-24715,31817,4548,-32768
-32558,-1360,-20308,31817,-15788,-14864
-24885,-1392,-22927,19542,-4344,-5932
-26108,-1376,466,19846,-3576,3540
-11746,-1360,-1005,22130,-3956,-3404
1932,-1376,12235,16342,-4348,4780
11014,-1376,16567,12662,680,5800
15412,-1360,14333,9038,2412,6564
21042,-1376,15448,8234,3392,3680
29485,-1376,25126,8786,3088,72
-32559,-1328,30870,8018,8296,-2560
-32559,-1376,26322,9518,12780,-8732
-32559,-1376,-32599,8398,24052,-13420
-32559,-1360,-32599,6562,32467,-11672
-32559,-1344,29288,5114,25612,-13876
-32559,-1392,-32599,11022,26136,-20488
-32559,-1360,23507,12726,30008,-13552
27130,-1376,7198,9862,24184,-5960
17777,-1360,7391,15282,17872,-11348
16135,-1360,18959,18746,15104,-7800
10120,-1376,15402,15466,16688,-3720
9984,-1360,1369,17494,12596,-5376
13010,-1392,3493,16826,8848,-3752
5556,-1408,7508,15634,8324,-752
2401,-1376,12077,16810,7964,-2504
2911,-1360,11042,15618,7720,-1544
1832,-1376,5772,15338,7580,-592
-543,-1360,3300,15322,6124,-304
-985,-1360,4416,16098,5444,-788
-436,-1376,6409,15870,4244,-468
-306,-1360,5882,15478,5000,-132
-1126,-1392,4174,15562,4896,224
1
-32558,-1376,-7882,31817,2308,-32768
-32558,-1360,-14957,31817,-14180,-6288
-17027,-1376,1239,31817,-2972,17848
-21096,-1376,7243,28242,-8100,5624
245,-1360,7388,21110,-2172,3484
27500,-1392,18661,8542,3552,2520
-32559,-1376,22175,7898,5764,-228
-32559,-1360,30162,6346,7916,-5024
-32559,-1344,24629,6482,13032,-14076
-32559,-1376,16674,12138,25408,-10672
-32559,-1392,-32599,2982,29472,-19508
-32559,-1376,26354,974,32467,-9804
30168,-1392,27896,9222,20412,-10984
-32559,-1392,28583,15614,21656,-18240
-32559,-1376,30165,17034,25496,-12252
29675,-1376,24084,19378,20564,-12020
23033,-1392,18624,17618,17480,-11344
17727,-1376,9850,16070,15128,-9292
13147,-1392,2578,15986,13548,-6828
7725,-1440,168,14374,10320,-4832
4623,-1408,3248,13882,8140,-4220
3634,-1392,6994,14630,7872,-2976
2474,-1376,5590,15058,8112,-2028
2192,-1392,4760,14702,6000,-2080
1819,-1408,6276,14882,6128,-1884
1330,-1376,5546,14790,5856,-1208
-819,-1392,3363,14658,6236,-796
-1387,-1376,1819,15098,5208,-1308
-1041,-1392,1579,15074,5060,-780
-463,-1392,1372,15406,4752,-720
1
-32558,-1360,5318,31817,-8016,-27872
-32558,-1392,-32598,28574,-12740,-31696
-24132,-1408,-10171,25826,-16688,8880
-7736,-1392,3368,27646,-4208,-3200
9699,-1376,11223,20514,-3496,2168
20764,-1376,18464,14106,-1880,1356
27437,-1392,19497,8946,3972,260
32191,-1376,17753,5638,9164,364
-32559,-1424,25834,6750,4620,-3424
-32559,-1408,-32599,6010,9264,-8984
-32559,-1376,23516,9114,18152,-10816
-32559,-1392,27061,6366,22868,-16604
-32559,-1408,-32599,9018,29956,-15740
-32559,-1392,21683,1430,32467,-7928
-32559,-1392,29739,18394,19500,-23200
-32559,-1408,15071,14626,29960,-4364
27102,-1392,8231,20258,18140,-13956
27262,-1344,26881,25210,15992,-12924
19222,-1392,20994,16298,17192,-4836
13451,-1392,9262,18066,13956,-6036
11442,-1376,7818,15934,10184,-4376
6395,-1376,10006,15058,8720,-3088
3610,-1376,9473,15634,8476,-2728
4103,-1376,9415,15894,7212,-2656
2679,-1360,9838,14650,5712,-940
-823,-1408,8622,15458,6232,-608
-1117,-1376,7209,15678,5256,-860
-528,-1392,5696,15338,4664,0
-663,-1376,3754,15598,4840,204
-1457,-1424,1718,15670,4692,676
-1051,-1376,1262,15970,3716,464
-548,-1376,3073,15738,3432,568
1
-23294,-1360,-13378,22470,-15352,7960
-9565,-1408,2967,24430,-9568,320
5037,-1424,9197,18130,-3820,5560
13897,-1408,15429,13566,-1552,1984
21004,-1376,23639,8938,1388,1680
26233,-1392,28086,5494,5172,-968
31135,-1408,-32599,5034,6172,-2480
-32559,-1392,-32599,5886,8936,-8564
-32559,-1424,26442,8230,18544,-13180
-32559,-1408,-32599,8934,26336,-13688
-32559,-1376,28928,5714,31156,-13936
-32559,-1408,-32599,10838,24136,-18460
30685,-1424,32466,10950,24644,-7004
32459,-1424,14926,18790,18020,-18628
-32559,-1376,20910,25270,26364,-14564
21564,-1440,6243,17886,18824,-8064
20062,-1424,7805,21130,11268,-10204
24977,-1408,13381,21374,8860,-6292
16626,-1392,12685,17418,11216,-3468
11433,-1424,17338,16954,7900,-4612
8208,-1408,17432,15318,8612,-2512
3268,-1392,11737,14570,7724,-2208
1255,-1408,10896,14878,5368,-2052
-301,-1408,11750,14742,4684,-1472
-1895,-1424,10409,14874,5024,-1248
-2119,-1408,8342,15742,4428,-1280
-2087,-1392,7570,15654,3048,-188
-3124,-1392,6802,15418,3496,192
-3929,-1408,7130,15918,3340,44
-2613,-1424,4882,16402,3568,456
1
-32558,-1424,-1453,31817,-1464,-32768
-32558,-1392,-32598,31817,-32120,-29740
-19583,-1408,-9404,26926,-548,2576
-23985,-1424,706,22722,196,1168
-3173,-1392,-195,19910,832,-1444
9737,-1408,12210,14614,912,1268
19661,-1408,13807,9354,4980,4380
22416,-1408,14125,5282,6320,6252
25679,-1440,18655,6518,5128,2296
-32559,-1424,21921,3710,8860,-2724
-32559,-1408,22483,2378,12300,-6232
-32559,-1408,18219,4694,16108,-8904
-32559,-1392,31812,3962,19016,-13616
-32559,-1408,26581,646,25396,-15020
-32559,-1424,-32599,6058,18796,-23660
-32559,-1408,27074,6754,31808,-8644
31151,-1408,-1374,5882,22784,-14556
-32559,-1424,25656,16350,12016,-15416
26342,-1408,19005,17702,19780,-5324
22832,-1408,21199,21038,14540,-13788
21580,-1424,15264,18966,17592,-7220
11374,-1408,1191,14314,12336,-3796
7337,-1440,4455,16390,8824,-4484
10073,-1392,6621,16054,7144,-2624
8103,-1408,9004,15078,7388,-2364
6446,-1440,8446,16094,6772,-1068
4590,-1392,8051,15314,5304,-1184
1295,-1408,9285,15302,5232,-628
-566,-1440,7767,15702,5640,-456
12,-1360,5961,15926,5108,-408
618,-1408,3771,15570,4788,296
316,-1392,2289,15634,4980,184
1
-32558,-1408,-5141,31817,-484,-29028
-32558,-1392,-32598,31817,-24764,-32768
-7804,-1424,682,21966,2828,-4648
6803,-1440,11754,15590,-692,3560
17621,-1408,16788,11854,4232,4248
25852,-1392,15599,9502,5604,3476
-32559,-1440,21381,8814,5328,-1488
-32559,-1392,26538,6518,8708,-7540
-32559,-1392,14632,5858,16400,-10740
-32559,-1408,22628,5930,19328,-11676
-32559,-1424,28888,3394,23584,-15880
-32559,-1392,23837,6122,21424,-18532
-32559,-1408,23993,9410,29132,-26416
-32559,-1440,22587,9290,26732,-16324
-32559,-1472,28601,14126,18496,-12540
29085,-1408,30919,18654,21172,-14940
26262,-1424,25955,19846,17604,-11680
21557,-1408,15200,18230,16264,-7116
16174,-1408,8380,16118,11788,-6788
11301,-1392,11604,15870,10156,-5820
7198,-1408,9493,15274,10508,-3628
3750,-1440,7759,14130,6948,-2636
2380,-1424,9150,15374,7688,-3064
2523,-1424,9584,15318,6692,-2344
542,-1440,7216,14430,6100,-712
-1461,-1424,5903,15358,5500,-1256
-193,-1408,3776,15970,5444,-1256
56,-1440,1680,15398,4304,-444
-634,-1456,2588,15622,4036,-692
-589,-1408,2324,15410,3872,-224
1
-24181,-1408,-1393,22802,-2884,4704
-18815,-1440,1006,24294,1560,-2976
-1182,-1440,6613,19906,-1152,3216
12453,-1392,9619,16346,1236,3872
23234,-1408,8962,12774,4160,3908
31301,-1408,8063,10130,5452,1240
-32559,-1424,14613,8830,6160,-4452
-32559,-1408,14229,4622,11388,-7552
-32559,-1424,15744,5266,13656,-11588
-32559,-1392,22309,7362,28008,-17712
-32559,-1424,-32708,-1602,28536,-20204
-32559,-1408,32644,5338,27080,-10948
-32559,-1408,12893,10810,24804,-13108
-32559,-1424,-32599,18430,20632,-18736
24037,-1408,20380,15442,24928,-7196
21287,-1424,14866,24854,18688,-15520
21021,-1424,11028,20134,19604,-7280
10470,-1440,5018,17110,13884,-4900
9045,-1424,6259,16998,10984,-5808
7795,-1456,9626,14982,11032,-2608
2124,-1440,5515,14610,10428,-884
-260,-1456,6438,15250,7296,-1428
950,-1424,10146,15666,7660,-2100
2240,-1440,8652,15030,7044,-1328
1129,-1440,5813,14454,6508,-984
-283,-1424,5545,14630,5720,-1132
-539,-1408,5703,14966,5140,-952
-991,-1424,3911,15154,5360,-584
-1372,-1424,1547,15110,5148,-132
-1407,-1440,1196,15286,4520,148
-1437,-1424,1151,15574,4812,324
-1080,-1424,500,15702,5060,260
1
-22067,-1456,-10959,31817,-5140,1800
-24437,-1440,-7682,25010,-6600,-404
-1956,-1424,-2697,21794,-4852,200
11830,-1456,7919,15546,-2216,684
21614,-1472,11289,9954,892,1520
25773,-1440,16616,6262,2068,4280
30203,-1424,24419,6606,5300,-1036
-32559,-1440,23605,4374,7600,-6852
-32559,-1456,18855,2190,12524,-9416
-32559,-1456,27853,4982,16816,-11864
-32559,-1440,-32599,6230,25360,-17480
-32559,-1440,-32599,4226,26816,-8664
-32559,-1424,29390,11522,26164,-16052
-32559,-1408,23989,19806,24548,-20292
32699,-1472,19502,11890,23428,-3292
18491,-1424,14251,23954,18168,-12476
26485,-1424,22067,31817,17400,-13928
17480,-1408,9812,16810,19696,-6008
9173,-1456,1091,16114,12084,-5376
6561,-1424,3780,16330,10700,-5016
3978,-1440,8825,14394,8724,-3472
2941,-1424,9246,15334,9116,-3036
3222,-1424,7368,14990,8200,-2440
1674,-1440,7045,14654,6456,-972
-763,-1408,6660,15166,6704,-572
-1463,-1424,4589,15822,6076,-332
-1346,-1472,2476,15374,5244,368
-1917,-1408,1666,15330,5176,732
-1264,-1424,1518,15682,4760,628
-352,-1440,825,15674,4460,780
-397,-1408,131,15530,4216,1084
1
-32558,-1408,2609,31817,5036,-32768
-32558,-1472,-32598,31817,-16468,-32768
-7502,-1456,524,31817,-10272,8852
-14355,-1456,6293,26538,-4300,2432
9732,-1440,3794,19178,100,236
20692,-1440,15524,12258,116,3592
29124,-1424,21123,8726,5572,844
-32559,-1472,26026,5638,8616,-1064
-32559,-1472,26863,2886,10856,-2536
-32559,-1472,-32599,1954,19784,-14228
-32559,-1456,24302,6122,29224,-12660
-32559,-1456,-32713,12434,17028,-18760
-32559,-1440,-32599,16026,22760,-22104
-32559,-1424,21608,17822,25724,-11448
-32559,-1424,14756,24222,17992,-18920
26560,-1408,8468,21630,21516,-8860
15325,-1472,7333,16102,11920,-10340
12892,-1424,9669,14990,13048,-7640
8082,-1472,3467,14010,11488,-4860
4994,-1440,5440,13766,7372,-5268
5205,-1456,12258,14782,7988,-5164
3854,-1488,9295,14242,9608,-3216
-34,-1408,4296,13654,7096,-1676
-2570,-1440,4837,14906,5980,-1572
-2720,-1456,6522,15434,6540,-1240
-1468,-1408,3001,15598,6112,-364
-773,-1424,426,15394,5816,-216
-123,-1424,-449,15538,5544,164
-254,-1440,-884,15190,5188,372
-879,-1440,-1086,15378,5448,304
1
-32558,-1440,-171,31817,-4668,-32768
-32558,-1408,-32598,31817,-9388,-32768
15838,-1424,23053,31817,-17860,1224
6018,-1456,15688,22150,-5688,5276
8604,-1440,2043,8898,4776,2912
17977,-1456,16615,7750,1624,3296
24775,-1456,32351,4410,4696,6212
29731,-1408,-32599,1202,10420,1756
-32559,-1456,28029,3450,18508,-1328
-32559,-1440,31922,826,11480,-4068
-32559,-1440,29961,234,18500,-7336
-32559,-1456,24094,5754,18128,-10120
-32559,-1440,-32599,4698,22784,-9828
-32559,-1440,-32599,6118,23604,-11060
-32559,-1456,26393,13354,23528,-12884
30481,-1440,21666,12106,20960,-7316
27542,-1408,28944,17882,18416,-14664
28332,-1424,27119,20586,24976,-11264
19016,-1440,9736,15486,19888,-5172
14455,-1440,2375,16582,14696,-9156
11075,-1456,10400,15186,13344,-5040
4709,-1440,12875,13214,11912,-4144
2818,-1440,9413,13570,11336,-4308
3806,-1440,6741,14014,9860,-3864
5550,-1440,6813,14182,7932,-3068
4838,-1440,8869,14174,7556,-1952
3173,-1456,8586,14742,7272,-1268
2408,-1424,5755,15174,6876,-692
1375,-1440,2976,15214,6544,-352
224,-1488,1441,15038,5944,-8
-262,-1456,564,15414,5760,-112
585,-1440,632,15666,5408,-212
1
-32558,-1408,-32598,22342,32467,-32768
-32558,-1456,-32598,27274,32467,-32768
-32558,-1408,-22892,31817,18696,-32768
-32558,-1440,9275,31817,-16292,-32604
-28953,-1456,-15410,31817,-1680,-23140
-16379,-1440,-438,31817,-15524,5780
-3309,-1440,2622,27626,-4500,-10532
14638,-1456,9068,15082,-376,2820
19658,-1456,11495,9890,1564,4848
23703,-1440,17940,7978,3056,4140
30124,-1408,22290,7370,7452,392
-32559,-1456,19771,4306,8752,-4660
-32559,-1440,28595,2614,8892,-7940
-32559,-1472,20838,7238,21168,-8448
-32559,-1456,31341,4094,25948,-17304
-32559,-1472,-32599,862,26576,-7608
-32559,-1440,17491,2630,24004,-5920
-32559,-1440,-32599,16534,20572,-19640
-32559,-1488,-32599,18866,30060,-14120
22987,-1440,14237,11650,23552,-8608
20710,-1456,13265,18714,17952,-13952
17742,-1488,17503,17578,16620,-6604
12731,-1472,13238,15190,13788,-5608
13781,-1488,7830,15850,11940,-5960
13801,-1424,5310,15710,10592,-3980
9116,-1472,6755,14774,8536,-3240
5359,-1472,10101,15018,8408,-2880
2649,-1456,8626,14906,9072,-2044
615,-1456,5034,14534,7376,-1044
-551,-1440,3802,14662,6748,-996
254,-1472,4437,14966,5980,-896
991,-1472,3459,14766,6240,-216
1
-21396,-1440,1749,28350,-13364,11428
-5344,-1440,-1182,24142,-3568,-1960
14988,-1440,9709,16538,-2256,2128
26187,-1456,10246,11446,1524,1312
31977,-1488,12369,5142,6488,3128
31972,-1472,22968,2994,6560,2072
-32559,-1456,23095,2626,8688,-3628
-32559,-1456,19378,4502,11540,-6868
-32559,-1472,16377,5058,21212,-5644
-32559,-1472,-32599,2750,22508,-12784
-32559,-1456,30437,6442,32467,-9960
26451,-1440,27485,5250,27692,-9100
23531,-1440,20973,10446,21372,-6640
26001,-1456,26645,18342,19180,-9200
29986,-1472,23365,17050,17868,-9460
31756,-1472,26617,18434,16576,-10252
30425,-1488,26628,21078,16544,-7968
21982,-1456,20426,17622,15448,-6384
14142,-1472,17479,16294,12860,-5372
11414,-1472,13165,15898,11516,-4468
8229,-1456,9092,14078,10344,-3044
5169,-1456,7149,14838,9788,-2768
5103,-1472,7323,14990,8160,-2844
4567,-1440,8512,14262,7732,-1748
1577,-1456,7625,14350,7864,-1076
-1156,-1440,6340,14542,6724,-580
-2356,-1440,5419,15390,6756,-672
-1610,-1488,3957,15314,6080,-288
-1709,-1456,2064,14938,5968,440
-2243,-1472,634,15418,5812,736
-2165,-1440,-28,15638,5352,788
-1985,-1456,-632,15690,5516,1044
1
-21692,-1472,-5528,21242,-2884,11072
-28284,-1424,1301,12958,-684,-1352
-20429,-1456,7597,20366,1164,-3136
-5472,-1472,6448,14446,-580,3352
4844,-1440,14629,11754,1136,3904
14054,-1488,16343,10594,1992,3392
21620,-1472,20195,9358,4580,1664
31797,-1408,22651,7978,6956,-1928
-32559,-1456,20415,7422,10296,-5096
-32559,-1488,32678,9722,15884,-9604
-32559,-1440,-32599,9654,29520,-11640
-32559,-1440,24197,1398,32467,-6512
-32559,-1472,-32599,10490,23932,-15228
-32559,-1488,26896,10486,28224,-11112
29598,-1472,24127,13546,25340,-5960
20285,-1440,16595,15030,19720,-8944
23621,-1456,24032,18406,14664,-11116
17868,-1456,22275,19330,18888,-3048
14670,-1472,13407,17654,12928,-5812
18775,-1472,13792,17134,10356,-5748
15304,-1488,13457,16410,11492,-2812
10151,-1472,12947,14550,8688,-1416
5088,-1472,11459,15154,8452,-1228
2614,-1488,9482,15246,8724,-648
1346,-1472,8414,14642,6380,296
167,-1472,8652,14806,6504,392
-54,-1456,7485,15522,6796,-136
-750,-1456,3837,15658,5464,840
-915,-1440,2334,15486,4892,1516
-1354,-1472,650,15730,4568,1544
1
-32558,-1472,-13717,31817,-2320,-32768
-32558,-1488,-4610,31817,-10368,-17188
-17355,-1472,-4546,31817,1904,-10340
-5363,-1472,-2865,31817,-24196,-10284
2255,-1472,11988,29378,-3732,-3588
15150,-1456,11587,20974,-2536,456
27524,-1504,13731,15570,-1576,2556
-32559,-1472,22969,13334,3084,-616
-32559,-1456,23944,12786,6720,-9796
-32559,-1472,25952,12550,12200,-13696
-32559,-1472,-32599,13134,21076,-19204
-32559,-1456,-32599,16742,32467,-29052
-32559,-1456,-32599,2646,32467,-23444
-32559,-1440,30145,1638,32467,-14380
-32559,-1472,16578,18218,25004,-18756
31114,-1456,28564,19386,25380,-17468
15646,-1440,18933,17438,25652,-7860
16140,-1472,6946,22378,17400,-11616
17301,-1488,11775,17742,15700,-8856
9420,-1488,17165,14154,13340,-7452
7869,-1472,14920,14606,13216,-6372
5495,-1488,9636,13250,10956,-3912
1230,-1456,6914,13566,9692,-2412
-36,-1472,6577,14714,7692,-2420
1328,-1472,5311,14782,6092,-1396
440,-1456,4209,14550,6124,-348
672,-1488,2591,15686,7168,-800
964,-1504,-175,14750,5720,336
65,-1488,-1641,15234,5660,100
207,-1488,-1277,15530,5072,100
498,-1472,-1395,15214,4636,740
1163,-1504,-1748,15642,4612,480
1
-32558,-1472,-3110,31817,-15108,-32768
-11671,-1456,-28961,31817,-12508,-32768
-11022,-1456,-12721,20430,-16172,11068
-14890,-1472,9616,20914,-8444,1268
8650,-1440,10648,16134,1232,-1756
18384,-1472,17354,10314,-288,2744
20875,-1456,24932,5438,2228,3476
26426,-1440,-32599,7054,5404,1320
-32559,-1472,27590,7402,11552,-3712
-32559,-1488,25344,7214,11000,-8716
-32559,-1472,28998,10274,19632,-8896
-32559,-1504,31750,5718,32467,-10772
-32559,-1440,-32599,7350,20172,-10536
31765,-1488,28356,12298,30164,-12660
26327,-1488,19987,16142,25456,-11716
26470,-1472,27239,22362,19276,-13120
24533,-1456,23992,23290,22848,-8628
20183,-1488,17700,23426,20480,-10440
19783,-1456,18246,19122,14796,-8584
15956,-1472,23501,15246,12296,-4852
8751,-1456,24142,13646,11452,-3916
4081,-1424,18874,13658,11472,-3392
4291,-1472,11818,14478,9972,-3672
4955,-1472,9785,13566,6856,-2144
2849,-1504,10924,14038,6936,-1932
1228,-1488,8835,14826,6248,-964
-863,-1504,5991,15062,6100,-208
-2006,-1472,4528,15562,5384,172
-1728,-1504,3604,15458,5224,272
-2122,-1488,3371,15254,4932,1080
-1771,-1440,3291,15786,4616,820
-1243,-1472,767,15842,4932,668
1
-32558,-1472,-7906,31817,760,-32768
-32558,-1472,-32598,28022,-26160,-32768
-28072,-1440,-6129,27298,-748,16064
-17974,-1456,-6894,31817,-4284,-8052
10040,-1488,5595,24498,-4020,108
24090,-1472,14094,16378,900,552
-32559,-1472,9865,8934,6436,1224
-32559,-1456,8005,2522,10836,6168
-32559,-1472,25003,2418,4068,-636
-32559,-1472,28247,4522,10564,-5576
-32559,-1456,23232,4474,21060,-9084
-32559,-1456,-32599,4058,26932,-9472
-32559,-1472,27914,-58,27144,-8284
26593,-1504,30941,6502,20676,-8528
30511,-1488,24017,12062,23312,-15096
-32559,-1488,27538,17326,27012,-14280
22642,-1472,13432,10742,24016,-6680
20472,-1504,19331,16250,19080,-13040
19011,-1488,21595,16254,19548,-6820
13815,-1472,17004,14478,16028,-3828
13062,-1504,6756,15102,12048,-6232
16913,-1488,10588,14946,8812,-5920
12586,-1488,11841,15098,10728,-2040
6598,-1472,13179,14710,8308,-3416
5329,-1440,12899,14838,8628,-2780
3337,-1488,9957,14382,8324,-1604
2229,-1488,8305,14710,7596,-1764
2289,-1472,7378,14774,6340,-1224
424,-1456,7512,14690,6588,-1256
-603,-1456,6042,14978,7144,-1312
-582,-1504,2798,15046,6392,-824
-935,-1472,2034,15070,5748,-608
1
-32558,-1472,-32598,31817,-24424,-32768
-22209,-1504,-6195,31518,-5352,-2528
-29703,-1456,6097,25926,-5664,544
-921,-1456,2026,25458,-4956,-1896
16173,-1504,13298,16718,-3444,2248
26968,-1472,13721,11990,2608,1404
31035,-1488,11424,5418,7100,4932
-32559,-1456,23590,5418,3792,412
-32559,-1472,31266,4786,8476,-4412
-32559,-1472,21607,6178,17896,-8820
-32559,-1488,26016,9082,27816,-12528
-32559,-1520,-32599,-58,28624,-14988
-32559,-1488,30038,-1614,32467,-7016
-32559,-1504,22862,10542,20424,-19028
-32559,-1472,22916,10238,30576,-7144
18902,-1488,2247,12434,20828,-9480
20138,-1488,22066,19018,14888,-12468
17628,-1504,25924,18074,19888,-8664
11670,-1504,19458,15498,16528,-6228
12920,-1520,10761,16294,13260,-7612
15980,-1488,10764,14102,9988,-5300
10111,-1472,13878,13790,10224,-3324
8025,-1472,14753,14642,8764,-4480
8447,-1488,12518,14102,8512,-3180
5454,-1520,8873,13954,8212,-2200
3064,-1472,6209,14510,8036,-2320
2218,-1488,6621,14462,5716,-1916
1451,-1488,7979,14570,6192,-1408
706,-1472,6443,14414,6456,-984
237,-1472,3581,15130,6796,-1076
609,-1488,2037,15074,5688,-864
102,-1488,2349,15214,5488,-608
1
-32558,-1488,-15525,31817,-7036,-32768
-32558,-1488,-32598,31817,-19912,-32768
-24192,-1504,12024,30462,-9712,2824
-10066,-1504,4749,28750,-788,-7384
11715,-1520,6456,19282,-5960,2476
23217,-1456,16400,12490,-828,3544
28538,-1504,13825,9110,3516,3336
-32559,-1504,19183,4966,4216,28
-32559,-1520,-32599,5726,5132,-6612
-32559,-1472,21915,3746,18588,-8020
-32559,-1472,24634,7642,26296,-11564
-32559,-1504,-32599,2138,32467,-17012
29112,-1488,-32599,-3786,30832,-6292
27903,-1456,27933,6506,26768,-15944
28679,-1504,15768,9702,26732,-10192
17732,-1504,15421,12034,19912,-8252
16575,-1552,28135,16526,14616,-11936
20502,-1488,-32599,19418,16948,-11452
16219,-1472,24878,17138,18644,-7944
15645,-1504,12149,16230,13244,-8356
20554,-1472,8544,15182,9684,-7384
16860,-1488,10139,14122,10672,-3964
9770,-1472,10063,14278,8032,-3520
7998,-1488,7345,14482,7984,-2384
4649,-1488,5506,14302,7524,-2120
3702,-1456,4953,14806,6164,-2316
3584,-1472,6758,14938,5912,-1268
2565,-1472,7102,14710,6124,-1264
1757,-1488,5137,14942,6468,-1184
1408,-1488,2700,15262,5968,-1112
-32558,-1456,-32598,15462,32467,-17912
-32558,-1440,-32598,8670,32467,-32768
-32558,-1488,-32598,6770,32467,-32768
-32558,-1504,-32598,18534,32467,-32768
-32558,-1472,-32598,31817,32467,-32768
-32558,-1456,-27637,31817,18744,-32768
-32558,-1488,-5385,31817,-12200,-32768
-32558,-1472,-32598,31817,-11096,-32768
-19932,-1472,-3122,31817,-16152,4612
-12812,-1488,9967,29338,-6120,-1180
11293,-1488,12816,20150,-3644,3316
21769,-1504,15542,13202,1292,5264
27553,-1504,15018,9410,4672,4464
-32559,-1504,24762,7570,4244,2412
-32559,-1456,30679,6510,6584,-3816
-32559,-1504,30055,4030,13668,-10296
-32559,-1472,21106,10586,28940,-10720
-32559,-1488,-32599,1798,31436,-13964
-32559,-1520,19806,-5126,25880,-8880
-32559,-1504,28474,10798,20652,-17112
31353,-1504,16346,12078,30192,-7112
22935,-1488,5743,13106,18916,-11960
20865,-1520,24934,18218,17152,-10900
17375,-1504,22807,19742,19324,-9436
17937,-1504,14000,17266,17076,-8200
13924,-1520,8759,16638,14204,-6660
10447,-1488,11156,15930,11240,-6456
9636,-1504,13275,14546,10524,-5048
7037,-1504,12969,14202,9772,-3812
5545,-1504,11000,14270,8844,-4076
4511,-1520,8811,14114,8244,-3072
1909,-1472,5882,13830,7792,-2164
1
-6717,-1456,-32598,20362,31524,-8332
-28873,-1488,-32598,17650,32467,-18836
-32558,-1504,-32201,11562,32467,-18096
-32558,-1472,-32598,3110,32467,-32768
-32558,-1456,-32598,15554,32467,-32768
-32558,-1520,-32598,23178,32467,-32768
-32558,-1472,-32598,31817,32467,-32768
-32558,-1504,-13556,31817,7176,-32768
-32558,-1504,-32598,31817,-24480,-7508
-26632,-1488,-5019,30346,-3248,-9804
-21983,-1536,4734,29010,-9160,2780
-2276,-1504,8723,25974,-5052,1288
14072,-1456,16738,17730,-1976,3348
23401,-1456,15715,11890,1948,3396
29499,-1472,14472,9010,4648,1536
-32559,-1472,22371,6874,5444,-1276
-32559,-1488,29034,4302,10172,-5628
-32559,-1488,17527,6034,21264,-7500
-32559,-1504,28157,6866,27156,-12712
-32559,-1520,-32599,1410,30112,-6384
-32559,-1488,17112,3982,25320,-9192
-32559,-1472,32479,12982,21672,-18160
31306,-1504,29641,9610,26516,-5100
22078,-1456,21199,14434,17608,-12836
29662,-1488,-32599,19622,16352,-13436
18516,-1504,18435,15146,20540,-5744
13095,-1520,4023,18046,15152,-8012
18829,-1488,3420,20486,12456,-9308
13190,-1536,10590,15830,11004,-4216
7102,-1536,15554,14806,9852,-4932
4689,-1488,12041,14346,11044,-4024
2115,-1488,5935,13602,8604,-2648
1
-32558,-1456,1759,31817,-344,-32768
-14594,-1488,-17368,31817,-15868,-32768
-17711,-1488,15029,29010,-7472,12464
-26770,-1472,4624,23906,-1180,-1396
5684,-1472,3679,18238,-3624,2012
19119,-1456,18573,11210,908,5524
30990,-1488,20741,9726,5940,2516
-32559,-1488,27797,2986,11960,-9292
-32559,-1520,27038,3650,27260,-6472
-32559,-1504,26452,-1842,22800,-4776
-32559,-1504,22799,6506,21880,-12904
-32559,-1520,12950,8270,26272,-11792
31208,-1488,13119,6998,19852,-8960
27556,-1472,20452,12250,17312,-10848
30557,-1504,28858,17378,18276,-11852
26992,-1504,20701,16650,20064,-7792
24617,-1488,13747,18446,15868,-11088
21695,-1488,12993,19106,17364,-7092
12075,-1504,11927,15746,13600,-5104
9489,-1472,16062,14738,9708,-6588
9634,-1488,15939,14166,11276,-4320
6786,-1520,11214,13278,10268,-3300
4898,-1504,9233,13406,9072,-3368
4446,-1488,9806,13894,8008,-2808
2850,-1488,10399,14310,7668,-2288
727,-1504,9241,14426,8068,-1860
-620,-1504,6082,14522,7412,-1508
-1790,-1456,4286,14678,6704,-940
-2505,-1488,3071,15074,6428,-632
-2566,-1504,1631,15362,6316,-592
1
-32558,-1552,-32598,31817,-12848,32767
-18728,-1520,3873,31817,-6072,-1880
-8799,-1472,9743,31817,-9440,8080
12484,-1504,5643,25462,-1708,792
26560,-1488,13552,15130,1964,968
-32559,-1504,17287,9194,5252,-1572
-32559,-1536,22489,5138,11536,-256
-32559,-1488,31756,5102,10028,-7160
-32559,-1488,-32599,4014,18640,-13392
-32559,-1504,7776,4274,32044,-6780
-32559,-1504,28606,1494,15804,-11640
-32559,-1520,29801,8798,28080,-15040
-32559,-1520,19218,10602,26068,-12176
32679,-1504,21074,11278,28816,-14252
24392,-1504,15409,11834,22404,-12596
21539,-1520,19581,16610,20472,-11604
16519,-1488,22508,15358,18864,-8328
14463,-1536,18776,15070,16492,-7740
13257,-1504,10645,15586,15552,-5320
11907,-1504,8019,15338,11560,-5292
9326,-1520,12576,14554,9964,-4512
6939,-1472,12905,14362,10404,-3284
3734,-1536,9175,13638,9176,-2008
1808,-1520,5672,14166,8492,-1820
1425,-1488,4451,14522,7120,-1528
1278,-1504,4918,14690,6556,-940
826,-1504,4655,14798,6616,-912
488,-1488,3352,14786,6568,-616
-303,-1520,1710,14750,6304,-380
-776,-1472,547,14854,5764,-308
-467,-1488,893,15098,5612,-528
-536,-1520,547,15086,5816,-336
1
-32558,-1488,-9031,31817,-3476,-32768
-32558,-1520,-32598,31817,-23876,32767
-23629,-1520,8398,31817,-2336,5808
-14885,-1504,2655,28242,-7692,8476
6591,-1504,5720,22126,-4808,4524
21983,-1488,11637,14750,-1224,3884
31806,-1488,14164,10338,1764,1292
-32559,-1504,18115,5314,7628,1604
-32559,-1472,20785,2422,11004,-216
-32559,-1520,25076,2690,10852,-8468
-32559,-1520,26168,5098,21480,-8836
-32559,-1504,22032,1310,26912,-9400
-32559,-1472,32332,1874,21252,-13828
-32559,-1504,12951,7098,32467,-11712
30932,-1520,11228,5142,21936,-11176
25465,-1504,17893,11806,21048,-11720
29668,-1504,22679,16834,18324,-16460
30489,-1488,20017,15766,22988,-9692
19577,-1488,5558,14202,18212,-6708
14805,-1488,3164,15950,14064,-8536
12304,-1504,8474,15830,13736,-4964
6490,-1472,11710,13390,11952,-4168
5709,-1536,10828,14026,10760,-4688
7387,-1520,8280,13978,9992,-4020
6625,-1472,8093,13342,9132,-3108
4014,-1472,8342,13730,8184,-2456
1629,-1504,8236,14310,7920,-2080
824,-1520,7166,14370,7576,-1920
40,-1488,5182,14150,7176,-1164
-1393,-1504,3554,14614,7020,-876
-1956,-1520,2309,15002,6580,-912
-1797,-1520,1880,15066,6144,-800
1
-32558,-1504,4738,31817,-14560,-25976
-15671,-1536,-13579,31817,-4352,-32320
-12905,-1456,-7890,24454,-16816,8020
-6933,-1488,4665,22382,-4976,-4256
12098,-1536,7496,15022,424,2040
18481,-1504,12895,6854,1792,4640
19863,-1488,17725,4138,5680,6392
25274,-1520,17743,5202,5104,3400
-32559,-1504,26100,3550,7920,-3432
-32559,-1520,27574,4066,14416,-9836
-32559,-1520,18862,4562,32467,-7552
-32559,-1520,-32599,-3342,21540,-15152
-32559,-1504,32301,10,26920,-7932
29238,-1488,17262,3858,23556,-10220
26817,-1488,18748,7246,26240,-11728
25074,-1520,9589,8642,20912,-10952
23497,-1504,16775,11846,17088,-8336
19780,-1520,21544,13714,16168,-7616
22196,-1520,22418,17498,14364,-10392
24841,-1504,16518,19526,16436,-7676
22615,-1504,6443,17594,14392,-6564
19934,-1504,4002,16146,9088,-4856
12553,-1488,9899,14562,8556,-2276
4627,-1536,13028,14194,9376,-1732
871,-1504,11119,14786,8440,-1676
2099,-1488,7609,15062,7256,-1928
3173,-1488,6909,14786,7004,-2040
1650,-1520,5577,14154,6960,-788
-655,-1536,3726,14874,6652,-972
-961,-1504,2481,15294,5740,-888
-1134,-1472,968,15538,5764,-948
-1829,-1488,12,15006,5508,-292
1
-32558,-1504,-9050,31817,-2984,-32768
-14213,-1504,-273,31817,-9956,-20192
-15823,-1504,-2592,26490,-7104,8260
-17609,-1520,-1670,26938,-4724,-6252
117,-1520,6322,17726,-3980,3020
12900,-1504,15548,12246,-824,4884
24107,-1504,19238,9558,4848,2516
32006,-1488,21168,5518,9828,2300
-32559,-1520,22965,1222,13340,596
-32559,-1504,26038,3210,14996,-7124
-32559,-1504,-32599,4858,25296,-7016
-32559,-1504,26740,-1030,25640,-5776
-32559,-1520,13609,3222,25436,-5640
31518,-1536,17776,9154,23960,-10756
31113,-1504,27043,7214,25748,-9948
21329,-1520,18312,8302,28224,-5640
21198,-1520,14796,12546,19376,-11028
21462,-1504,20275,11534,19816,-7568
17018,-1504,16593,12030,18308,-5840
15978,-1520,14410,13742,15240,-6828
15476,-1488,15529,13542,13736,-5764
12712,-1472,15248,13158,12644,-4856
10917,-1504,11649,13442,12080,-4532
9702,-1488,7084,13354,11036,-4068
6645,-1520,4188,13150,9740,-2196
3265,-1504,5361,13806,7836,-2164
3326,-1520,7532,14570,7720,-2560
4385,-1504,7811,14274,8060,-2124
2859,-1520,5756,13878,7616,-1156
771,-1504,4166,14270,7372,-1312
444,-1504,3820,14850,7040,-1552
671,-1536,2575,14626,6656,-800
1
-1506,-1504,6910,26466,-1780,3904
8601,-1472,9085,20922,-452,4560
20642,-1472,8381,11186,2092,5572
26911,-1520,4449,4406,4900,7232
24859,-1520,4509,142,8320,5708
29357,-1520,5579,638,10220,588
-32559,-1504,5375,1550,11688,-4736
-32559,-1504,23370,1202,17624,-5660
-32559,-1488,27532,-1334,29152,-9188
-32559,-1488,22232,-3910,29016,-7932
-32559,-1504,20033,-5126,18384,-10628
31435,-1504,11074,2454,28656,-5660
26716,-1504,7595,5318,18968,-10452
26566,-1488,24901,9898,20468,-5624
19472,-1520,13508,10550,18364,-6816
22752,-1504,13850,14682,14020,-10744
22222,-1504,25651,19174,16464,-6932
14827,-1520,18348,18498,15236,-5688
12693,-1488,12295,16650,12184,-5936
12281,-1488,8182,16778,11276,-5508
10592,-1536,5259,15086,10600,-3432
6120,-1504,1610,14606,10148,-1468
2637,-1520,-899,15030,8612,-1208
2323,-1520,2073,15482,7248,-1192
3235,-1520,5256,15262,6408,-996
3187,-1536,6323,15074,6380,-788
3186,-1504,6285,15294,6192,-1176
2627,-1504,5486,14934,5480,-764
793,-1488,4466,14954,5244,-652
-404,-1520,3984,15166,4716,-692
-714,-1536,3572,15434,4584,-660
-527,-1504,2111,15218,4784,-392
1
-32558,-1472,-3715,31817,-10660,-32768
-32558,-1504,-349,31817,-14792,-18856
-6642,-1488,30232,31817,-1856,-17740
2653,-1520,22324,31817,-12012,14488
8968,-1536,13195,19542,3200,6280
22758,-1504,8368,11634,4676,10740
31121,-1536,11598,6922,4888,5340
-32559,-1520,14574,1326,12656,1280
-32559,-1536,7387,350,21692,76
-32559,-1504,21247,-2538,13796,-1140
-32559,-1488,26582,-1774,18908,-6600
-32559,-1552,4281,1238,17912,-8520
-32559,-1536,30520,4550,22340,-8004
25860,-1536,19304,4802,27936,-8628
24121,-1520,27451,8722,18516,-13648
22247,-1504,31790,12222,25508,-6528
17819,-1504,15614,15694,20272,-9620
27705,-1536,24687,19054,13504,-11752
25578,-1520,29923,19222,18892,-6276
21905,-1520,22348,19290,14256,-9548
24390,-1504,15268,17886,13928,-8076
15168,-1504,10448,14622,12428,-3832
6490,-1536,13075,13474,9440,-4752
2618,-1520,11651,13802,10528,-3960
2589,-1520,4743,14586,8200,-3660
2338,-1504,4536,14010,6900,-2956
1942,-1536,6342,14646,6032,-3240
1909,-1520,6766,14662,6092,-1960
159,-1520,4904,14678,6072,-1188
-950,-1504,2203,14938,5576,-980
-1573,-1504,1060,15198,4824,-664
-1842,-1504,298,15570,4460,-624
1
-32558,-1488,8034,31817,-3188,-32768
-32558,-1520,-32598,26998,-11920,-32768
-12558,-1504,-17266,23946,-7916,8384
-17650,-1504,5126,25094,1220,-556
3938,-1520,6058,20614,-1044,-716
13189,-1520,8648,12454,584,2956
21597,-1504,9574,6710,4936,6508
24240,-1536,14531,2878,6520,6776
32209,-1504,20356,2274,4956,2260
-32559,-1488,22109,1654,10148,-2952
-32559,-1520,14726,2706,18228,-2836
-32559,-1504,24355,1414,16712,-9232
-32559,-1536,-32599,-766,21096,-13440
-32559,-1520,14662,-1606,25980,-5296
-32559,-1488,18390,5574,18328,-14172
-32559,-1472,18873,7666,25544,-14400
30763,-1504,11500,8958,21112,-9788
19355,-1504,16529,19422,16376,-10264
18009,-1536,10655,18750,15104,-7624
13236,-1552,10601,16934,11928,-7240
12678,-1520,12339,15654,10880,-6072
10018,-1536,10891,14298,10288,-3520
5948,-1504,7354,14506,9148,-3576
5425,-1552,7430,14694,8080,-3776
6697,-1520,7702,15178,7004,-3108
4979,-1536,8090,14134,6788,-2000
3061,-1504,8214,15070,6564,-1904
1843,-1552,7273,14930,5852,-556
-682,-1520,5979,14850,5404,-468
-1460,-1536,5336,15542,5148,-632
1
-16021,-1536,3814,20822,-7052,14160
-6796,-1504,-1419,18234,2332,2652
11723,-1536,-2083,12314,1272,5316
25327,-1504,6267,6706,2156,5616
-32559,-1472,-1584,2394,9536,1104
-32559,-1504,2184,3514,8140,-3784
-32559,-1536,13138,3666,12572,-5020
-32559,-1520,13577,7290,22792,-12388
-32559,-1520,31640,4702,28144,-15668
-32559,-1472,28495,366,25188,-5092
28992,-1504,5024,8442,20868,-9592
30264,-1536,16088,17390,22444,-13016
21933,-1520,15050,13634,22232,-7076
13297,-1520,9657,17066,18468,-7160
11812,-1552,12864,20394,16900,-8304
11896,-1504,14139,17686,16064,-5752
8675,-1536,12066,15678,13244,-4088
7866,-1520,11935,15514,11732,-4584
7365,-1520,13470,14486,10704,-3520
5592,-1552,13844,13938,9424,-2916
4802,-1536,14187,14118,8708,-2696
3983,-1504,12677,13830,8144,-1528
1609,-1488,4917,14994,6688,-1272
641,-1504,3664,14602,5496,-228
-465,-1536,3776,15082,5516,-424
-246,-1504,3755,15618,5908,-848
461,-1520,1611,15046,5776,-272
-535,-1536,-232,15174,5136,96
1
-32558,-1504,-24375,6918,32428,-12732
-32558,-1536,-6785,12730,32467,-32540
-32558,-1488,-32598,-3010,32467,-32768
-32558,-1520,-32598,6638,32467,-32768
-32558,-1520,-32598,26142,32467,-32768
-32558,-1536,-32598,31817,32467,-32768
-32558,-1504,-23480,31817,11004,-32768
-32558,-1536,-12018,31817,-13780,-32768
-32558,-1488,-11792,31817,-15164,-28760
-24294,-1520,8,28302,-8256,7068
-7441,-1504,-2340,23954,-2128,4292
10698,-1536,4317,17410,-1572,7320
21713,-1488,6908,10938,1572,6848
24978,-1520,9120,4618,5952,9732
26118,-1536,11690,2518,6796,6592
-32559,-1536,11253,3518,5512,2476
-32559,-1504,14130,2586,8216,-2464
-32559,-1520,13777,4762,12896,-5604
-32559,-1520,14922,5870,21752,-8760
-32559,-1536,-32599,1454,24384,-13680
-32559,-1504,24706,-198,28588,-1828
-32559,-1472,5149,10278,19620,-13256
-32559,-1552,25154,9590,26956,-6788
19805,-1552,11576,9658,22180,-6256
21784,-1504,21771,19318,19516,-13304
23138,-1504,23841,16726,20924,-7788
15035,-1520,16402,15466,15204,-5736
14115,-1520,14937,17058,12936,-7136
16046,-1536,14666,16266,11408,-5264
11346,-1536,17178,14818,9888,-3452
7681,-1504,15566,14970,10100,-3428
5033,-1520,10572,14370,9712,-2268
1
-32558,-1520,-32598,2082,32467,-28832
-32558,-1536,-32598,-1218,32467,-32768
-32558,-1504,-32598,7082,32467,-32768
-32558,-1520,-24371,27466,32467,-32768
-32558,-1488,-24578,31817,27456,-32768
-32558,-1504,1339,31817,-5848,-32768
-32558,-1536,2896,30522,-11680,-32768
-27512,-1520,-7234,27818,-984,14536
-21714,-1552,-4933,28122,-4040,2708
4859,-1520,3631,21142,-3644,6120
20601,-1504,7895,14410,2688,4988
30564,-1536,8679,8854,6972,3464
-32559,-1520,14816,2582,11640,4196
-32559,-1520,20890,778,11968,1980
-32559,-1520,20599,-214,13648,-912
-32559,-1504,20784,862,15016,-4760
-32559,-1504,17145,2582,17996,-8156
-32559,-1552,13029,2890,21792,-6212
-32559,-1520,16020,4162,24612,-9152
29706,-1536,18557,4902,24084,-8504
28422,-1504,17473,9754,21792,-11868
23764,-1520,15947,11790,24164,-7616
17385,-1552,10235,12630,18116,-8904
17395,-1504,19754,15958,14836,-8632
13553,-1504,20534,15294,16580,-5552
11888,-1568,14357,15502,13992,-6056
13086,-1552,10121,15914,12372,-5100
10790,-1520,9975,15186,10984,-3844
8288,-1536,11856,14934,9736,-3700
6217,-1536,12521,14842,9780,-2992
5440,-1520,11716,14610,9188,-3128
4585,-1520,10129,14122,8724,-2416
1
-32558,-1504,-32598,31817,-20588,-28696
-22571,-1504,-10459,30822,-11952,-4944
-25160,-1504,2286,20438,-4720,7088
-3896,-1520,-2291,18466,-3092,4556
11999,-1520,3013,12086,-788,7636
24657,-1504,8287,8070,2716,4776
31732,-1504,9610,3578,7684,6116
30932,-1536,14663,-258,8804,5056
-32593,-1520,15169,-378,7716,1720
-32559,-1520,17517,2470,9948,-4380
-32559,-1536,11472,2978,17052,-3796
-32559,-1504,23746,594,20472,-6848
-32559,-1536,25370,4278,24332,-10472
-32559,-1552,22250,2446,26320,-9856
29285,-1552,13962,4210,23180,-8132
26201,-1536,10840,10750,23108,-12172
24887,-1504,17093,11374,20556,-9556
18869,-1552,17414,11958,20048,-7368
16096,-1520,12481,13646,17596,-7368
15527,-1520,10516,14882,15344,-6552
11299,-1536,7926,14838,11304,-4248
8689,-1520,6066,14334,10732,-3112
6175,-1520,5259,14218,9596,-2800
4393,-1504,5175,14210,9200,-2316
3351,-1536,4314,14634,8368,-2108
3145,-1536,4257,14234,7456,-1748
2030,-1520,5208,14266,7224,-1068
508,-1520,5039,14550,7032,-736
-73,-1536,4026,14922,6940,-984
187,-1504,2606,15018,6456,-640
1
-12384,-1520,3533,24738,-8312,11128
-5600,-1520,132,19990,-1412,1512
11267,-1520,4236,12766,-2944,6980
23489,-1536,8740,8750,1268,6260
27663,-1536,11396,4162,6748,8364
28220,-1520,15900,2146,9788,4752
-32559,-1520,19916,2306,5576,-1424
-32559,-1536,26130,2734,10804,-6216
-32559,-1536,13981,5426,26756,-5396
-32559,-1552,23693,514,22644,-11396
-32559,-1584,29590,758,25696,-6392
28330,-1536,4678,4342,22936,-7232
-32559,-1504,21301,13090,18340,-16944
26185,-1536,19701,10030,25652,-7104
22522,-1536,13989,14974,19676,-11944
21613,-1568,21758,16518,19492,-10152
11983,-1536,17240,13626,18292,-5848
9254,-1520,6812,14590,15156,-6156
10958,-1488,4784,14378,12000,-5140
8753,-1536,8597,14070,10436,-3316
7016,-1504,10726,14550,10008,-3432
6679,-1552,9657,14522,9844,-3128
5419,-1520,6329,14450,9672,-2360
3136,-1504,3329,14326,8592,-1756
1230,-1536,3680,14250,7088,-1504
655,-1552,4667,14378,7076,-988
1157,-1520,3945,14794,7016,-1140
1856,-1504,2947,14614,6320,-980
1444,-1536,2658,14846,6264,-736
367,-1504,2260,14826,6448,-684
-114,-1552,1302,14882,6016,-768
-238,-1552,342,14878,5680,-400
1
-6246,-1520,-25521,18622,26092,-15092
-26940,-1536,-32598,24946,32467,-22312
-32558,-1504,-32598,3018,32467,-32560
-32558,-1536,-28057,-1538,32467,-32768
-32558,-1520,-16302,13854,32467,-32768
-32558,-1520,-32598,31817,32467,-32768
-32558,-1536,-22459,31817,13484,-32768
-32558,-1504,-32598,31817,18308,32767
-5514,-1552,-19007,31817,32468,-21460
7466,-1552,28413,30202,-9292,27564
17104,-1536,9167,18090,4164,2480
-32559,-1504,12290,8046,5772,-5984
-32559,-1520,18854,-1066,16612,-184
25031,-1520,31173,-4998,14212,5016
-32559,-1552,20883,-9742,10996,-6616
-32559,-1504,-3760,-898,19840,-668
28527,-1536,2402,-3350,12512,-508
25979,-1536,17011,-694,14132,-3220
29449,-1488,4773,3194,18944,-5672
29562,-1520,18061,3722,17352,-6296
25257,-1504,21045,4538,22536,-4968
22618,-1536,6477,7562,20544,-5412
22002,-1568,20598,12870,18684,-8152
17444,-1520,18612,13546,23648,-4484
13190,-1520,352,13006,18660,-2868
9220,-1504,4384,15654,14008,-4100
9899,-1536,20041,18650,12580,-3468
8864,-1536,26037,16394,12648,-2288
9041,-1520,22547,16962,12040,-3932
11465,-1552,17686,16598,11676,-4492
10874,-1520,13754,14758,10708,-2904
6237,-1536,10643,14642,9972,-1548
1
-32558,-1488,-1645,31817,2924,-32768
-32558,-1552,-32598,29738,-24076,-32768
2519,-1536,1880,31817,-18932,18700
-4699,-1504,6929,28334,-5744,9136
16830,-1504,5763,18038,1456,-520
30260,-1520,13564,10070,2648,1832
-32559,-1520,15147,1646,11872,9812
-32559,-1504,22599,990,11256,3692
-32559,-1536,12137,-98,14488,-2268
-32559,-1520,4126,1846,13268,-5472
-32559,-1520,19234,738,14000,-6996
-32559,-1520,24204,5926,24524,-8076
27568,-1536,11500,2114,32467,-9388
29746,-1536,26376,4850,19100,-10572
22987,-1520,5678,8618,27176,-6348
19608,-1488,17235,14338,19532,-11540
19169,-1552,28775,15638,21004,-4972
16447,-1536,15807,14742,17152,-7428
18809,-1536,21689,17518,15956,-9568
13851,-1552,16311,15766,17420,-4300
8709,-1552,10416,15022,12424,-4500
8794,-1536,10393,14650,10592,-4172
8347,-1536,9440,14054,10028,-2416
6379,-1488,7165,14406,9244,-2012
5699,-1520,6434,14954,7824,-1836
5464,-1536,6960,15202,7504,-1608
4406,-1536,6611,15122,6904,-832
2777,-1520,4187,14750,6732,-436
1081,-1520,2643,15042,5924,-240
1132,-1552,2846,15210,5656,-364
1413,-1504,1749,15250,5524,84
1082,-1568,679,15186,5184,416
1
-32558,-1568,-32598,31817,-22960,-32768
-17217,-1536,24380,31817,-11000,5852
-7104,-1504,3836,30850,-2972,5904
15099,-1536,5412,23298,-792,5268
29920,-1536,8830,13446,4228,6636
-32559,-1520,9043,6310,6208,960
-32559,-1520,18173,-1446,9604,7392
-32559,-1536,25290,614,9696,-3128
-32559,-1504,11899,542,19144,-6480
-32559,-1552,25017,-314,15172,-6720
-32559,-1552,31725,-618,22172,-11412
-32559,-1552,29540,5578,24560,-10404
26931,-1536,23076,406,24960,-10904
-32559,-1536,32002,11546,22660,-21540
29942,-1504,7940,7686,31104,-5448
14117,-1536,-7990,8890,14692,-6984
16671,-1552,16976,16630,10264,-11820
17652,-1536,28720,21138,14452,-8008
18419,-1552,19493,18814,15896,-7920
22249,-1520,11034,18518,10804,-8956
19699,-1520,10837,16050,10412,-5476
10021,-1552,11721,14230,10524,-3028
2625,-1568,8352,15182,9248,-3508
4246,-1536,6486,15642,7020,-4564
5649,-1536,5688,14754,7772,-3204
3309,-1520,4012,14230,6684,-1524
887,-1520,4116,15302,6052,-1628
907,-1520,2999,15806,6192,-1456
325,-1504,1374,15134,4848,-572
-2140,-1536,1300,15390,4528,-700
-1791,-1520,2004,15810,4128,-516
-1074,-1520,239,15834,4132,0
1
-32558,-1536,-13606,31817,5356,-32768
-32558,-1536,-32598,31817,-17992,32767
-2668,-1568,-3690,31817,-16220,1428
-13439,-1520,8674,18602,-4708,19704
-5057,-1520,-3472,17286,1792,3188
10394,-1568,5034,10398,-2504,6460
20657,-1536,11073,5642,1056,6912
23254,-1536,11070,162,6792,11516
21699,-1520,15440,-1626,6280,7008
25629,-1552,15609,778,6164,696
-32559,-1536,20286,-218,6936,-3548
-32559,-1504,28200,-142,13268,-2508
-32559,-1520,14607,2530,22828,-5732
32535,-1520,-32599,1634,19340,-10516
29953,-1520,-32599,-954,24616,-3780
21043,-1536,7953,4746,22132,-10120
27774,-1536,20528,10490,23612,-12416
20676,-1552,11871,6954,23876,-5060
16878,-1520,18378,13766,18880,-11592
16197,-1520,19560,11782,23948,-8304
12858,-1536,1845,11410,19056,-5944
10787,-1568,1129,12326,13636,-5612
9207,-1536,7743,13426,11880,-4204
9623,-1552,9796,13686,11136,-4272
10062,-1520,8329,14470,10416,-4108
9763,-1552,7178,14298,9788,-3936
8677,-1536,7084,14550,9236,-3064
6563,-1536,5735,14854,8644,-1928
4993,-1552,4366,15142,6572,-1944
5556,-1568,5633,15254,5500,-1644
1
-32558,-1536,-13583,31817,-11224,-31716
-20662,-1536,-32598,31817,32468,-32768
-7486,-1536,-23335,26782,-21640,14936
-14883,-1520,10458,18434,-5124,5348
6383,-1536,6525,14162,508,-756
17270,-1536,9214,8926,-2840,3124
21216,-1536,17045,4646,2960,2444
24514,-1520,16566,2702,7716,1256
27416,-1520,17301,1710,8944,-708
31844,-1520,28784,4850,8532,-4240
-32559,-1536,31232,6986,16676,-5688
27294,-1536,-32599,6938,29284,-4876
28902,-1520,-32599,8162,19388,-9996
-32559,-1520,-32599,11674,28956,-15192
25253,-1536,14567,7134,32467,-3800
21826,-1568,15101,15506,13660,-15520
27704,-1568,-32599,17346,24360,-8700
16585,-1520,13658,16606,19608,-4908
21451,-1552,10673,19294,14192,-11932
18840,-1536,17416,16702,13960,-4136
8368,-1536,19862,14898,11136,-5032
6712,-1520,20407,14874,10480,-5548
4224,-1536,1401,14322,6640,-2152
3032,-1552,4052,15002,5616,-1764
1979,-1552,5795,15122,5564,-1132
964,-1568,3073,15062,5736,-624
-97,-1568,754,15242,5204,-268
-740,-1504,-69,15402,4800,-412
589,-1520,-997,15678,4588,-328
401,-1552,-708,15386,3932,440
1
-32558,-1520,-32598,1782,32467,-32328
-32558,-1504,-32598,11514,32467,-32768
-32558,-1520,-18338,16614,32467,-32768
-32558,-1504,-32598,31817,32467,-32768
-32558,-1536,-32598,31817,32467,-32768
-32558,-1520,-15330,31817,10240,-32768
-32558,-1520,-32598,31817,-20208,32767
-11706,-1536,-6162,31817,-6204,2652
-12265,-1504,10454,23078,-11824,18712
-693,-1552,1683,18142,-1168,5028
17932,-1552,7283,12898,-1300,4648
28706,-1536,11667,6882,300,3708
23688,-1536,6023,266,7308,12116
20541,-1520,17654,-5634,8980,6024
29813,-1520,19901,-82,8384,40
-32559,-1536,10854,3374,11868,624
-32559,-1504,22557,1822,14412,-4084
-32559,-1536,21298,5670,17820,-6168
28705,-1552,27272,6658,23600,-7104
31078,-1504,29666,9942,23188,-13048
32287,-1536,13204,9702,28616,-8436
26193,-1536,7316,13414,17672,-5840
19895,-1552,18263,19238,20384,-7564
15119,-1552,17106,19418,18464,-6952
12405,-1536,13766,18834,15856,-5204
12624,-1536,10078,19418,13428,-6584
15111,-1536,10763,18458,11852,-5600
11218,-1552,11604,15846,11668,-2696
6402,-1536,9739,15694,10628,-2644
4699,-1536,6957,15270,9608,-2380
4786,-1552,6141,14934,7520,-2212
4443,-1552,6136,14854,6680,-960
1
-25556,-1520,-32598,20666,31044,-4784
-32558,-1520,-32598,15402,32467,-29960
-32558,-1536,-32598,10922,32467,-26748
-32558,-1568,-15449,2350,32467,-32768
-32558,-1520,-32598,17834,32467,-32768
-32558,-1520,-32598,18950,32467,-32768
-32558,-1536,-27778,31817,24888,-32768
-32558,-1536,-3782,31817,-1952,-32768
-32558,-1520,-32598,29966,-15124,-32768
-6167,-1520,6454,31817,-11528,14096
-11488,-1504,4599,26922,-344,4980
10747,-1536,-863,17406,1616,4392
22392,-1504,6891,10906,-704,4812
31471,-1552,10321,8022,5436,2800
-32559,-1536,4632,3966,11440,1872
-32559,-1536,7968,550,10200,-1264
-32559,-1536,29531,4738,8244,-8032
-32559,-1520,17616,10870,21868,-12444
-32559,-1552,-32599,5018,28712,-17148
-32559,-1536,22968,1106,28852,-5240
-32559,-1536,14465,12714,15816,-13412
30963,-1536,28066,17774,25108,-5028
20951,-1552,12257,19330,19120,-12268
24530,-1536,26948,25522,19376,-13256
18475,-1536,12189,19286,20840,-6868
12130,-1536,1423,16438,14680,-7652
10509,-1520,1736,17506,13088,-6136
7844,-1520,6736,14686,9944,-4560
4815,-1568,9535,13942,10116,-3436
2513,-1536,6927,14338,10028,-2928
2185,-1568,5795,14046,8092,-2488
730,-1520,7133,13954,7396,-1448
1
-32558,-1520,-32557,14782,32467,-25508
-32558,-1536,-32598,9094,32467,-23852
-32558,-1536,-27234,-34,32467,-32768
-32558,-1536,-32598,17982,32467,-32768
-32558,-1520,-32598,26590,32467,-32768
-32558,-1536,-27605,31817,32467,-32768
-32558,-1568,-3611,31817,16328,-32768
-32558,-1552,-32598,31817,-15868,-32768
-2757,-1520,18084,31634,-15420,14564
-14745,-1568,1556,16422,-4004,12184
-4339,-1504,1870,16222,-2924,3212
16265,-1552,11664,9654,-1960,5368
28696,-1520,18104,6910,2992,4208
-32559,-1536,18162,2998,7372,3080
-32559,-1536,21467,-1602,9016,888
-32559,-1520,23275,230,9856,-4272
-32559,-1552,9210,2522,16672,-2536
-32559,-1536,8930,630,18488,-5140
-32559,-1536,25960,5622,20224,-7504
-32559,-1536,18310,8326,28004,-6940
-32559,-1552,29576,9438,19176,-14556
30387,-1568,16174,12050,27388,-9792
24483,-1536,10459,17582,20132,-10464
18886,-1552,17750,18930,17356,-8152
16895,-1552,18091,19570,15740,-8392
17819,-1520,10744,19342,15184,-7508
17270,-1536,7999,17242,11580,-6804
13190,-1568,11259,14670,10948,-4412
5909,-1568,9769,14026,10720,-3028
2874,-1552,7984,14550,8940,-3640
3716,-1552,5778,14362,8660,-3464
3519,-1536,4781,13842,7932,-2264
1
-11180,-1536,-26703,23334,29756,-8928
-32558,-1536,-32598,9702,32467,-31040
-32558,-1520,-32598,-2270,32467,-31088
-32558,-1520,-23233,2290,32467,-32768
-32558,-1536,-32598,23158,32467,-32768
-32558,-1568,-32598,30506,32467,-32768
-32558,-1536,-11697,31817,21904,-32768
-32558,-1584,-6005,31817,7536,-32768
-26367,-1520,-741,31817,-14992,-26084
-19917,-1536,17877,31817,-8464,13720
-8920,-1504,-2455,28814,1264,1880
19303,-1520,4286,18950,108,7316
-32559,-1520,14588,12926,7316,3100
-32559,-1536,11517,7054,8608,-1392
-32559,-1568,11185,1122,15876,2716
-32559,-1568,19350,2878,9260,-4096
-32559,-1552,16739,3374,23672,-7468
-32559,-1584,7776,1510,22908,-6204
-32559,-1536,20158,3422,20156,-4956
29314,-1536,9578,7846,27212,-5864
24636,-1520,14548,14338,22004,-12100
23178,-1552,29565,14298,23212,-5436
17826,-1552,15038,17430,21080,-8944
21083,-1536,20931,23542,19960,-10508
15571,-1504,15531,17438,19864,-4792
8060,-1552,11595,16534,15280,-4820
6716,-1520,8271,16590,13412,-4836
7293,-1536,7695,15262,12000,-3024
5319,-1568,9152,14398,10600,-2076
3516,-1504,9657,14310,9736,-2372
2946,-1568,8819,14338,9272,-1852
1379,-1552,7099,14062,8864,-1168
1
-32558,-1552,-32598,31817,32467,-32768
-32558,-1520,-28140,31817,32467,-32768
-32558,-1536,-9896,31817,17824,-32768
-32558,-1536,-32598,31817,-22984,-31940
-5491,-1520,13225,31817,-21168,-7960
-16979,-1552,9568,19710,-9680,22308
-9977,-1536,-1715,19642,-3248,9660
16550,-1536,6867,14854,-5076,10956
31566,-1536,14349,9306,892,5784
-32559,-1552,14892,6262,6728,-1892
-32559,-1552,15482,-3222,15584,7832
-32559,-1536,18253,-170,16496,-1208
-32738,-1536,22029,794,20080,-2872
31828,-1520,-32599,-4046,15780,-4084
24928,-1536,19786,6410,27464,-5544
14766,-1504,9395,10246,22452,-10200
17267,-1520,17284,13414,20552,-8968
15255,-1552,14011,12450,20672,-5308
13871,-1568,10412,14102,16432,-6728
15173,-1536,11629,15634,14380,-6076
14646,-1584,11502,16098,13168,-5492
14424,-1520,12004,16578,12288,-5760
14222,-1568,11116,16102,11208,-4832
11037,-1504,8868,15178,10692,-2800
6687,-1536,7811,14406,8140,-2024
4570,-1584,8267,14966,7744,-2148
4212,-1552,6463,14778,8532,-2060
3054,-1568,4282,14422,7492,-1036
1547,-1568,3800,14946,6296,-872
1
-32558,-1520,-32598,31817,-12532,-3896
-10376,-1552,12265,31817,-13524,-4444
-6471,-1536,10412,29206,-8056,20504
5952,-1536,-5606,18726,1752,9648
28157,-1568,-1942,8642,1656,1624
-32559,-1488,4217,4226,6564,-1440
-32559,-1552,7350,-2766,14620,2736
30561,-1536,7938,-3062,7716,312
31924,-1568,13494,-654,10880,-3268
-32559,-1584,7889,5482,16572,-7112
-32559,-1520,2819,2706,19456,-4712
30378,-1552,13741,5382,20956,-6048
24299,-1568,14433,10514,25636,-8820
24717,-1536,19879,14738,25088,-8224
18558,-1552,1699,13798,23636,-6348
17535,-1552,15186,20202,19500,-9236
15360,-1552,17237,17534,21492,-5004
8671,-1536,8754,16050,17724,-3788
7692,-1536,7799,16522,14332,-5952
9992,-1520,12305,15002,13104,-4328
7445,-1552,12090,13414,12896,-2864
4157,-1536,9033,13822,12236,-2628
2693,-1536,7546,13342,9924,-2584
1847,-1536,8889,13410,9368,-2148
1643,-1552,8637,13958,8688,-2288
2514,-1552,8264,14018,8284,-1864
1245,-1536,6902,13854,6952,-500
-367,-1536,7498,14734,5544,-960
482,-1552,6899,14806,6088,-948
617,-1520,6574,14822,6168,-684
532,-1568,4773,15294,6688,-456
-415,-1504,1934,15278,6172,28
1
-32558,-1520,165,10878,32467,-32768
-32558,-1520,-28840,3430,32467,-32768
-32558,-1520,-32598,15198,32467,-32768
-32558,-1520,-32598,24794,32467,-32768
-32558,-1504,-17027,31817,32467,-32768
-32558,-1536,3432,31817,11116,-32768
-32558,-1536,-32598,31817,6248,-32768
-7508,-1552,-7400,31817,-7472,15060
-13895,-1552,776,26098,-12760,13624
10162,-1504,-9555,21170,2184,-1172
28448,-1536,-1903,10878,4116,-1140
-32559,-1552,2355,5218,8796,-3612
29752,-1520,6818,-302,10748,456
24681,-1520,15910,-1214,7188,844
-32559,-1536,17457,5250,14928,-5964
-32559,-1536,-251,3926,21172,-2232
29191,-1536,19395,2898,21120,-2560
22486,-1568,-32599,5682,20352,-3740
-32559,-1552,24036,12718,23844,-14884
29528,-1520,17679,11522,32084,-1612
13568,-1568,6199,11350,21936,-5744
17827,-1568,22547,19398,16040,-11040
19976,-1552,-32599,19174,20808,-5832
15888,-1552,29622,17734,19376,-6104
17732,-1536,15074,16974,16752,-7796
14784,-1568,9282,14606,14664,-4928
8571,-1568,11179,13834,11260,-4412
5193,-1520,11032,13810,11484,-3532
2547,-1520,6257,13622,9800,-3044
1035,-1568,3964,13530,8240,-1940
-398,-1568,4357,14114,6624,-1280
-196,-1552,5786,14966,6696,-1364
1
-32558,-1504,4659,31817,7972,-25368
-32558,-1504,-10163,31817,-4448,-32768
-11890,-1520,-4357,31817,-5532,12232
-21300,-1520,-438,21442,-1296,12856
298,-1568,-4803,20630,-816,3808
20105,-1536,633,13322,-1888,2584
31944,-1552,3694,8934,3480,1916
-32559,-1552,-2181,5470,12172,-64
-32559,-1568,-6000,170,14564,1708
-32559,-1536,16681,1742,11348,-3712
-32559,-1568,21044,6114,21052,-7404
-32559,-1552,8369,2006,30060,648
28981,-1520,16044,614,21112,-6376
27238,-1552,12362,7790,30808,-2636
17435,-1536,5758,6454,26408,-528
13947,-1536,21515,12050,18932,-6032
15928,-1504,30637,12814,24636,-3332
12013,-1520,11461,13114,19836,-1872
11743,-1552,13323,15970,13352,-5692
12339,-1568,26896,17462,14104,-4336
10106,-1552,27321,17266,14392,-4492
11093,-1552,17125,15874,12512,-4716
9285,-1552,10201,14638,11552,-3112
4940,-1552,5849,13974,9904,-1716
1130,-1536,4569,14218,7972,-1668
755,-1536,5337,14994,7184,-1688
1804,-1552,6857,15150,6820,-1476
1911,-1520,5598,14622,6860,-348
948,-1552,2979,14854,6924,-108
-282,-1536,1414,15210,5968,304
-597,-1568,1164,15582,5540,184
-133,-1584,961,15686,5528,432
1
-32558,-1536,-4538,31817,32467,-32768
-32558,-1536,-32598,31817,32467,-32768
-32558,-1520,-16106,31817,304,-21704
-15201,-1552,-6723,31817,-17848,19780
-14650,-1536,-6432,17802,-3800,13680
2553,-1504,-6667,12598,-2860,8144
18131,-1520,-1921,4366,-3372,4188
27991,-1552,1325,3206,4524,2324
27446,-1536,73,-14,9464,5988
22080,-1536,-4987,-3410,9092,3024
24656,-1520,7071,-410,4632,16
30633,-1552,6283,3206,16356,1356
23951,-1552,11100,3158,17480,-656
28516,-1536,-32599,6434,19008,-4128
29446,-1568,13720,7894,32467,-2988
22877,-1552,8822,7034,20752,-5032
22856,-1552,26920,15114,26684,-6944
19937,-1552,1404,13382,25216,-4340
16859,-1504,7386,16714,17060,-4984
15718,-1536,31972,19318,14888,-5628
19664,-1552,16206,15322,11160,-5472
12597,-1536,9691,13766,10684,-2596
4545,-1536,8284,14610,8684,-2764
1816,-1536,8118,14406,7344,-1740
-469,-1552,9229,14870,6804,-1092
441,-1536,6641,14990,6528,-792
-67,-1536,4382,14634,6124,328
-1297,-1552,3428,15222,5696,440
1
-32489,-1552,-32598,19026,32080,-16332
-32558,-1552,-32598,17998,32467,-20196
-32558,-1536,-32598,10634,32467,-27088
-32558,-1536,-32598,5770,32467,-32768
-32558,-1568,-32598,21758,32467,-32768
-32558,-1552,-32598,31206,32467,-32768
-32558,-1536,-30500,31817,20036,-32768
-32558,-1536,-11488,31817,3384,-22060
-32558,-1536,-18290,31817,-11208,-32768
1592,-1520,7707,31817,-9748,4784
-342,-1520,3280,19678,-4508,14540
13477,-1536,-1163,12154,5508,384
29740,-1568,5593,7830,3632,-2296
-32559,-1536,10872,5750,11768,-2236
-32559,-1568,2372,3866,14372,-1856
-32559,-1552,1394,3426,15940,-784
-32559,-1552,18598,8386,19040,-6388
-32559,-1552,6483,11962,32412,-6984
-32559,-1536,31822,5318,23788,-9060
-32559,-1568,21651,11990,29456,-4304
23798,-1552,14753,17390,22876,-6568
22517,-1520,18305,23530,22840,-8264
19340,-1552,19132,21550,19668,-5052
12828,-1536,17438,19518,16780,-5148
10240,-1536,12798,17178,15752,-4368
5404,-1552,10099,14722,12492,-2596
2326,-1552,10357,14366,10884,-2284
738,-1536,9318,13998,9916,-1816
1296,-1504,8904,14358,8556,-1904
1576,-1552,8466,14054,7540,-904
1
-6922,-1520,-6785,28302,-10720,5272
-15579,-1552,1258,17210,-6560,12204
-2883,-1520,-485,15774,-3680,3908
14684,-1536,4080,10134,-2804,2780
26081,-1568,9165,6426,1024,2272
28210,-1536,11213,3826,6932,4156
27459,-1568,12465,1562,10168,4216
30752,-1536,18061,6486,6380,-372
-32559,-1536,17818,7130,13748,-3840
-32559,-1536,12899,9202,18292,-5872
-32559,-1552,30334,12658,26004,-11736
-32559,-1584,29596,11938,32467,-8660
30136,-1536,-2910,5550,31400,-6980
28789,-1568,19200,20926,17212,-16416
29786,-1536,31839,19558,24652,-5440
19052,-1520,19886,20566,21332,-5252
21982,-1536,20714,22066,16040,-10568
18517,-1568,22240,17966,18420,-4104
9606,-1552,14927,15066,14588,-4176
5924,-1552,7030,14810,12604,-4276
2790,-1536,4765,13898,10416,-2500
1197,-1536,5116,14190,8844,-1780
221,-1568,6876,13986,7360,-748
-305,-1520,8622,14646,6732,-240
-561,-1552,7372,14934,6908,568
-1013,-1536,3580,15274,6640,720
-2144,-1568,262,15290,5680,1572
-2774,-1552,-180,15526,5404,1428
-2448,-1552,153,15562,4932,1444
-1749,-1568,-251,15578,5148,1744
-938,-1568,-1172,15506,5164,1496
-902,-1552,-1551,15350,4524,1948
1
-32558,-1520,-32598,14454,32467,-16956
-32558,-1584,-32598,18882,32467,-32768
-32558,-1536,-32598,11862,32467,-32768
-32558,-1536,-31815,12782,32467,-32768
-32558,-1536,-32598,26386,32467,-32768
-32558,-1552,-32598,31817,21096,-32768
-32558,-1568,-14063,31817,6340,-30832
-32558,-1536,-7868,31817,-4500,-12004
-32558,-1584,-4943,26082,4076,-17732
-12873,-1552,-1443,29490,-7420,5156
-7695,-1568,5121,22754,-4768,-348
10990,-1536,6255,16798,-956,3852
21159,-1536,9924,11002,1340,4024
26555,-1520,13166,8386,3600,4304
30380,-1568,20518,8666,5864,740
-32559,-1568,23716,8226,11988,-3056
-32559,-1536,23000,6674,17292,-6932
-32559,-1584,25596,8230,21884,-12132
-32559,-1552,-32599,9810,26964,-10676
-32559,-1520,23120,8654,28372,-8292
-32559,-1536,-32599,12218,24168,-22356
-32559,-1536,23009,13274,29532,-9928
-32559,-1552,8416,12218,19004,-7736
22352,-1552,24354,19842,15848,-8032
13525,-1504,12545,20850,17780,-4460
9965,-1568,6713,22514,13528,-5360
8942,-1536,6057,21278,14132,-3700
5877,-1552,5097,18758,11928,-2464
3811,-1520,3336,17230,10752,-2004
841,-1536,2772,15534,8976,-328
-2618,-1568,3216,14874,7184,148
-2694,-1536,3477,15086,6320,-12
1
-32558,-1568,2139,31817,20240,-25076
-32558,-1520,-390,31817,2140,-16540
-32558,-1568,-7489,24914,-25408,-32768
7413,-1536,-6955,31422,-4564,-2488
5170,-1552,4120,21634,-3536,18104
15313,-1552,2840,14326,3628,588
-32559,-1536,6124,10222,4284,-692
-32559,-1568,10634,3654,11008,1864
-32559,-1552,17211,394,12068,3164
-32559,-1520,16888,3246,14868,-2164
-32559,-1552,6822,4610,21272,-3756
-32559,-1568,9253,1902,16928,-1340
-32559,-1536,17827,6374,20644,-4084
-32559,-1552,18015,11146,22192,-11260
-32559,-1552,23327,11914,29580,-6460
32568,-1552,8536,11650,26756,-5232
19531,-1536,30697,15098,19340,-7428
14709,-1536,24119,20238,21844,-3752
10857,-1536,5741,19590,16908,-3024
7056,-1552,8938,20974,12464,-3288
6930,-1552,15636,21086,12308,-2496
6533,-1552,20668,19122,10852,-2872
5801,-1536,16541,17194,11056,-1788
2912,-1568,8079,15434,9216,-596
-1414,-1552,835,15162,8340,420
-2334,-1584,-1433,15714,6180,-96
-747,-1536,561,15670,5572,428
245,-1536,2996,15558,5224,656
260,-1536,3158,15342,4828,1300
-110,-1552,1783,15970,4736,1060
-366,-1520,520,15750,4336,1156
-1334,-1600,-434,15778,3936,1572
1
99,-1552,-7106,31817,112,-10096
1804,-1552,4885,27442,-6632,18412
648,-1552,3457,21018,356,4008
23475,-1568,6980,13186,3512,1332
30888,-1568,10635,9454,4316,6064
-32766,-1552,12330,5910,8920,3168
-32559,-1568,11095,3934,12480,-716
-32559,-1552,14006,4278,17112,-5800
-32559,-1536,15596,6762,24384,-2976
-32559,-1568,20485,5494,23048,-7144
-32559,-1552,22682,7570,31088,-4520
-32683,-1552,12007,4034,20660,-3372
26632,-1552,23056,11926,24948,-8304
26065,-1568,22365,10378,22596,-8384
27493,-1536,30755,15950,20172,-8300
16138,-1568,21540,13974,23500,-3576
5500,-1584,1997,14902,16460,-4696
6044,-1552,2620,18446,12340,-4492
3039,-1536,15802,18682,10476,-2060
2012,-1568,22962,18702,10432,-2764
4894,-1584,17830,18070,10708,-2824
5467,-1552,8813,17134,9272,-1636
4499,-1536,3158,16014,7256,-436
1727,-1536,1425,15210,5784,692
441,-1568,1884,15654,4928,308
1654,-1520,2198,16322,5572,148
2190,-1552,1513,15950,4816,632
1303,-1584,-106,15658,4140,1532
249,-1568,-962,16098,4588,1288
755,-1568,-1332,15830,3900,1172
928,-1584,-531,15174,3136,1912
1363,-1584,260,15914,3352,1312
1
-27294,-1568,-32598,15850,29244,-12980
-32558,-1568,-32598,6382,32467,-27720
-32558,-1520,-32598,-7550,32467,-32768
-32558,-1520,-31520,-1170,32467,-32768
-32558,-1568,-32598,16246,32467,-32768
-32558,-1536,-32598,31817,32467,-32768
-32558,-1552,-21729,31817,29748,-32768
-32558,-1552,-811,31817,-5264,-32768
-30895,-1552,-12056,31817,-14604,-32540
-21476,-1568,-8748,31817,-11000,11576
-4193,-1536,554,31558,-10308,-3224
26203,-1568,6795,20230,-6208,4268
-32559,-1552,10713,13946,2656,4320
-32559,-1584,11116,8510,8964,-1424
-32559,-1568,17610,4862,14292,-8180
-32559,-1568,-32599,6678,30156,-7368
-32559,-1536,-32599,-2778,29336,-4444
-32559,-1520,6341,-1942,28848,-8476
-32559,-1584,255,3082,25820,-7288
-32559,-1552,15461,8974,18760,-6308
-32559,-1600,23540,11982,21040,-11256
-32559,-1536,-32599,13590,19212,-11680
26196,-1568,-32599,15098,26432,-2556
19958,-1584,-11384,16978,18688,-8432
20800,-1552,-12987,20050,9704,-8380
16757,-1600,13506,21698,11380,-4800
15782,-1568,20586,19822,13288,-6560
11309,-1568,15464,14474,11768,-2364
2783,-1552,7160,13238,9348,-1144
-363,-1552,1682,14842,9248,-2760
1656,-1552,1180,15338,7532,-2916
1666,-1536,4155,14410,7240,-1000
1
2060,-1552,14566,31817,-5624,5232
18868,-1568,10062,17950,3536,5824
26474,-1536,10154,8806,4268,3448
23258,-1536,17258,2742,8536,3936
21966,-1552,16678,2246,9396,3328
29627,-1552,14028,5314,13204,-1836
-32559,-1552,16507,2434,14944,-1600
-32559,-1568,28448,3126,18116,-3344
-32559,-1600,11862,9354,30152,-7380
-32559,-1568,27407,570,21832,-5944
-32559,-1568,32094,7574,31944,-4812
25963,-1552,11215,4014,28660,-2260
25671,-1584,10576,14642,20328,-9396
10198,-1536,14144,20330,16396,-6400
12981,-1552,15954,21142,15196,-6224
12072,-1552,16762,17842,10936,-3084
7933,-1584,18184,16194,10008,-3104
6231,-1504,17160,15762,9964,-2644
2917,-1568,13652,14558,9768,-1140
-330,-1536,8084,14382,7960,-616
-861,-1584,6505,14834,6500,-560
47,-1552,7035,15250,7128,-600
-186,-1552,6006,14770,6320,232
-1246,-1568,2675,15282,7016,236
-2264,-1536,-490,15034,5224,736
-2618,-1584,-1267,15826,5488,372
-2412,-1552,-2104,15398,4676,1000
-2888,-1552,-1874,15790,4672,1304
-2197,-1568,-2774,15750,4852,908
-1622,-1568,-3334,15250,3356,1796
1
-1390,-1536,-15448,21626,29416,-10268
-32558,-1584,-32598,16030,32467,-20376
-32558,-1536,-32598,8550,32467,-32768
-32558,-1536,-32598,6110,32467,-32768
-32558,-1536,-25505,23878,32467,-32768
-32558,-1552,-32598,31817,32467,-32768
-32558,-1520,-32598,31817,31440,-32768
-32558,-1568,-7424,31817,9908,-32256
-32558,-1568,-32598,31817,-2424,-23720
-32558,-1536,-9372,31817,-21380,-32768
2533,-1568,1270,31817,-10748,-11360
13287,-1552,11876,22826,-7056,5088
18518,-1568,13563,12922,1308,4044
25441,-1568,13560,8074,4384,4488
28716,-1536,17561,4990,8596,4512
-32559,-1552,23736,7598,9208,-548
-32559,-1552,18776,6530,15464,-7380
-32559,-1536,17571,5638,23112,-6676
-32559,-1568,-32599,9414,21604,-7352
-32559,-1568,-32615,8730,23300,-12400
-32559,-1520,31761,4610,27736,-11340
27705,-1600,14478,17570,15688,-6520
9926,-1552,16660,21150,18448,-324
5857,-1584,13667,24398,12364,-7488
9165,-1552,17605,22526,14432,-4048
7363,-1568,15017,19966,13040,-3852
7523,-1568,10403,17314,11396,-3552
4098,-1584,6873,15310,10100,-1288
-291,-1552,4837,14834,8156,-608
-1233,-1552,6030,15194,7488,-864
1
-32558,-1520,2396,31817,-3632,-30700
-8566,-1552,3885,31817,-5352,13028
-9335,-1552,1086,23202,-2304,10076
11667,-1536,2949,19306,-3420,3752
31637,-1536,11509,13138,-396,3616
-32559,-1552,14134,10218,6284,3092
-32559,-1520,7475,5554,15048,-2144
-32559,-1552,406,1438,22160,-7672
-32559,-1504,11882,3862,23588,-4500
31614,-1568,-32599,-4714,23676,-10152
-32559,-1568,12994,-2298,29156,-6088
29442,-1552,-4812,1158,28364,-1728
21227,-1552,17963,4034,20568,-4828
16270,-1568,12252,3522,23764,-1684
13119,-1536,5807,7834,20356,-4104
14620,-1568,25032,13046,20500,-5420
11808,-1584,15058,10334,22832,68
7123,-1552,4000,12102,18056,-2156
5189,-1536,16473,14958,12176,-1564
2665,-1536,27432,16162,12012,-1224
3038,-1568,23266,16250,10688,-1740
5521,-1568,13605,17758,10176,-2584
10115,-1520,6110,18258,8736,-3404
12451,-1552,3302,16986,7316,-2040
9662,-1600,5472,15778,5992,-552
4842,-1568,7122,15286,5984,216
1516,-1552,5714,15318,6344,-28
444,-1552,2721,15370,5464,-128
727,-1552,123,15754,5232,-232
1095,-1568,-263,15650,4560,88
863,-1568,579,15726,4244,632
125,-1552,596,15554,4192,656
1
-17690,-1568,-30702,20190,25332,-4716
-32558,-1568,-32598,18006,32467,-24696
-32558,-1552,-32598,11422,32467,-32768
-32558,-1584,-29324,9746,32467,-32768
-32558,-1552,-32598,24118,32467,-32768
-32558,-1536,-32598,29686,32467,-32768
-32558,-1536,-22085,31817,29620,-32768
-32558,-1536,9208,31817,6276,-26916
-32558,-1536,-32598,31817,-21216,-31940
-20871,-1552,-9188,31817,-5492,-9196
-486,-1536,5861,31817,-12304,2468
24811,-1536,1959,26070,-492,-1944
-32559,-1520,2453,13270,5232,2920
-32559,-1584,-3183,5626,13436,4448
-32559,-1552,6195,-1054,17460,2608
-32559,-1536,9011,-4398,16360,-2584
-32559,-1568,545,198,20924,652
-32559,-1536,-518,-154,18436,-508
-32559,-1552,10668,2442,20772,-2380
31017,-1536,10318,1458,21764,860
26910,-1568,27923,6382,22624,-4124
29366,-1552,23049,9894,24956,-4864
30266,-1552,23572,14078,19800,-6616
29603,-1552,-32599,19162,24136,-4732
20104,-1536,6135,16686,24976,-272
9031,-1568,-1799,19370,17232,-912
248,-1536,12148,19190,13128,-528
-3417,-1552,18015,18254,13096,-996
-1750,-1552,11660,17306,12004,-2184
2421,-1536,5674,16566,10000,-2200
5011,-1600,4630,15582,8740,-972
4928,-1552,6632,14990,7340,-212
1
