-32559,-1664,-32598,13902,5520,1028
-32559,-1648,-32598,12602,3936,1204
-32559,-1648,-32598,10078,2740,-2140
-32559,-1696,-32598,7534,-1868,-4540
-32559,-1680,-32598,3742,-96,-5180
-32559,-1680,-30451,-3658,-476,3664
-32559,-1664,-32256,-2474,1824,-3760
31692,-1680,-28570,-4854,-1676,-7216
25303,-1696,-14262,-6614,-1096,-10988
23497,-1632,-11124,-11606,-3068,-14836
19371,-1680,-15622,-14798,-2444,-16020
23979,-1696,-2226,-18018,-1696,-23796
29612,-1712,4927,-14678,-7828,-32768
28131,-1680,-7054,-15494,-6868,-32768
-32558,-1696,-254,-6958,-1020,-32768
-32558,-1664,-3649,-1450,-1740,-27512
-32558,-1680,5127,9706,-9052,-12624
-32558,-1664,-2863,31817,2236,14380
-32558,-1696,-32598,31817,-17256,-19032
-32615,-1680,-32598,10182,-7356,3456
1154,-1680,-32599,-12466,-31496,19712
-5273,-1680,29465,-20642,8308,13732
13300,-1712,11620,-6918,-12100,21532
17413,-1696,8770,-3822,-2184,14212
18612,-1712,30535,-2494,180,10936
17896,-1648,12500,-3134,2952,8444
18040,-1664,-8339,-3482,-968,8956
22936,-1680,-10457,-6758,-1092,1220
23594,-1664,-3055,-7278,-2228,2424
20307,-1680,6650,-6654,-3084,268
2
-14867,-1680,2906,-22866,-7404,-32768
-29684,-1696,15867,-21950,-2768,-32768
-32558,-1680,11976,-16938,24,-31152
-32558,-1712,-4636,-10006,1896,-13540
-32558,-1696,-1177,-678,-2268,-1228
-32558,-1680,-32599,16786,-10276,-3828
-32558,-1696,-3317,31817,5100,-29792
-32558,-1680,6468,23362,1392,5332
17749,-1680,-32599,13178,-22332,32767
10326,-1696,-32599,-5214,-4700,16880
13149,-1680,-12539,-4154,13764,17320
24228,-1696,-18493,3362,-10236,5492
27743,-1696,4326,1070,-2488,12808
22970,-1680,14018,1042,-3564,10464
20137,-1696,11575,-6514,1996,12152
13532,-1680,6671,-5178,-1200,4144
15024,-1664,514,-4622,-808,-252
25453,-1664,-244,-6738,-800,-2856
22481,-1712,13055,-10826,-1448,12784
8714,-1696,17595,-15570,-100,3720
-30674,-1680,-22909,31818,3812,2400
-30761,-1696,24204,-25750,-3864,2832
-32558,-1696,25897,-18206,-1188,7940
-32558,-1712,18087,-22318,5796,10904
-32558,-1664,-32599,-16398,-2224,19368
-32558,-1680,15483,-3746,-9180,24652
-32558,-1664,-32599,-6694,10376,22180
-32558,-1664,10721,-5226,9940,18292
-32558,-1680,-13661,8562,14904,8964
-25989,-1664,4035,11490,19992,19784
-30196,-1648,-4612,6002,16196,18352
-32558,-1696,-12042,7630,9388,13152
2
-32558,-1680,-32599,25330,-7960,-8032
-32558,-1680,-26126,31817,19292,-32768
-24266,-1680,-32598,20818,3432,1528
16171,-1664,-7973,-17914,32468,32767
7115,-1648,-32599,-1334,1024,16324
14717,-1616,7111,-6094,1192,10032
15372,-1696,-16656,630,-4740,10940
22091,-1680,4711,1622,-4592,5580
18488,-1728,15681,-4370,-4504,12640
7619,-1680,3858,-2822,-2504,8656
10173,-1664,-6065,-2298,-2012,-1080
18762,-1680,1574,-2914,-1232,-1636
20630,-1696,7861,-5838,-2308,540
16366,-1648,16657,-10430,1588,5372
8406,-1696,12185,-14994,-836,1376
-32558,-1664,-14471,31818,11252,2100
-32558,-1648,-32599,-27022,2508,5448
-32558,-1664,-32599,-18874,11256,8820
-32558,-1712,-32599,-16370,1612,16604
-32558,-1696,-32599,9838,13788,7596
-26960,-1680,18091,6898,28552,20928
-32558,-1648,-16943,-10454,23960,4392
-30982,-1696,-23154,4738,12284,14192
-27637,-1648,-15814,7314,14580,16488
-32558,-1664,-9592,7502,12712,17112
-32558,-1696,-8321,14974,6540,11096
-32558,-1712,-8610,23986,8020,12752
-32558,-1696,-14451,31817,17652,19224
-32558,-1712,-20955,23782,17508,5144
-26711,-1648,-11075,21862,468,-1484
-2440,-1696,987,23194,-14696,-7332
10308,-1680,-83,14850,1888,4220
2
-32558,-1664,-32599,27510,-3140,-31168
-32558,-1680,-29914,31817,7152,16344
783,-1664,29942,8490,-7264,17344
25163,-1696,-32599,-4578,-18236,19476
25482,-1680,15112,-4022,9280,13484
21062,-1696,-32598,4438,-1932,18992
31798,-1680,-4268,7882,-7920,10596
31648,-1648,16681,5766,-3556,12992
26823,-1696,7697,946,1608,11308
23760,-1712,-5396,-634,-2636,7320
22587,-1696,-5007,-2394,-2924,880
30073,-1680,-4214,-5718,-3120,-4308
-32559,-1680,-2182,-9674,-1556,-240
16251,-1696,-3935,-21342,628,6508
-14732,-1648,-32598,31818,5060,-1728
-31917,-1696,-32599,31818,-15396,620
-32558,-1680,-32599,-22602,-204,-1740
-32558,-1680,22069,-20174,3412,5408
-32558,-1696,27221,-10862,-3632,6736
-32558,-1680,-32599,-11054,-6580,8064
-32558,-1696,-32599,-8610,-2112,9596
-32558,-1648,9361,10882,6828,13824
-32558,-1680,-574,946,23640,15564
-32558,-1696,-16042,4318,14268,20268
-32558,-1680,-24366,13154,14084,12292
-31640,-1664,-5824,14878,9796,14996
-32524,-1648,-2530,16634,11268,13092
-32558,-1680,-8640,20402,4072,14652
-32558,-1728,-20503,26106,12972,5264
-32558,-1680,-20405,27474,7040,2012
-27803,-1696,-14549,26370,-8380,-4756
-6793,-1680,623,19830,-6740,-5312
2
-32558,-1680,15466,31817,-25160,2432
-32558,-1712,-11508,31817,-2308,8312
-9674,-1664,11294,31817,32467,-32768
3221,-1680,26126,-9530,-9720,3040
-6355,-1712,6034,-7434,2032,14064
8611,-1696,-32598,-5194,-3224,14936
20732,-1680,4464,-2342,-5624,12944
23552,-1696,26518,3918,-3920,10296
27306,-1696,12742,-862,2272,7992
23616,-1680,-9120,-3822,-1848,7756
21621,-1696,-21852,-5386,-2480,1716
25753,-1648,-15385,-7170,-3292,-2040
24540,-1728,5141,-8766,-5308,-7716
17018,-1664,19799,-10830,-3144,-7740
-14870,-1680,-4204,-26790,1104,-9976
-26376,-1696,10210,-21530,-5220,-10520
-31124,-1712,18185,-18890,-824,-1280
-32558,-1664,13602,-27250,6516,596
-32558,-1696,-4083,-17410,1232,6252
-32558,-1680,-32599,-7106,-2288,7316
-32558,-1664,-32599,-7578,-8816,15980
-32558,-1712,16893,3370,15852,14020
-32558,-1696,-16669,-2370,5540,9744
-32558,-1696,-14615,3498,29032,23272
-32558,-1712,-26897,250,12496,19836
-32558,-1696,-5215,12150,1500,12392
-32558,-1712,4119,18742,15648,18840
-32558,-1664,-12129,20002,12408,19536
-32558,-1696,20515,30630,3540,15220
-12622,-1680,-26501,15098,10944,22648
593,-1696,-22505,31817,516,25940
-1335,-1680,11771,21170,-5572,10416
2
-32558,-1696,-32599,10150,-29656,5100
-32558,-1712,21714,31817,9932,-29384
-27939,-1680,-32599,14494,15828,32767
27808,-1696,31959,10086,-3728,6620
-32559,-1680,-32599,-12434,16428,32767
-12908,-1696,-32598,-14378,32467,8676
-11174,-1648,-32598,-22318,-1684,17580
-2774,-1680,-4540,-5122,1588,19748
6197,-1696,20965,-2642,3736,8044
17798,-1680,15850,-5566,5568,8684
13868,-1680,-5493,562,5572,-12388
9947,-1664,-3132,-5278,2932,6644
3658,-1712,-436,-5698,-572,5184
3164,-1664,3755,-6822,404,1660
-930,-1696,1172,-10230,2328,1284
-2640,-1680,-9632,-12326,2556,7764
-13683,-1696,-21383,-12494,-2828,3584
-12650,-1696,-18095,-17114,-8052,1836
-26500,-1680,-28908,-21006,-6920,-1812
-32558,-1680,-14773,-21462,-11772,5668
-32558,-1696,28907,-20998,-13016,7668
-32558,-1712,-32599,-13298,-4928,13496
-32558,-1728,15496,-4250,-10168,16632
-32558,-1680,-32599,-1306,-1868,19228
-32558,-1680,-32599,-3254,6300,22220
-32558,-1696,15703,-50,7292,25508
-32558,-1712,21078,3478,8496,20872
-24981,-1696,10191,8222,7648,21696
-21498,-1696,2730,6142,12532,22264
-23771,-1680,16673,11506,5132,12196
-24543,-1664,3761,9942,7480,16408
-22905,-1680,4113,12798,7456,16188
2
-32558,-1664,-16736,31817,15520,-10180
29338,-1680,-32599,7958,-13344,32767
-32559,-1712,-32599,-11042,-9600,19440
19306,-1696,2022,-16102,9756,24292
21791,-1712,-32324,-5090,-4120,14140
28338,-1664,-15458,234,-6824,14772
27270,-1712,28538,-1350,-9060,18500
13112,-1680,-16302,-3830,-4728,1820
19907,-1696,-3267,-4906,-3836,-4016
21503,-1728,10687,-6634,-1908,-4776
17503,-1680,19781,-12906,-392,1504
7417,-1696,-9845,-22378,1740,-3180
-22881,-1696,-8494,31818,-404,-7376
-32558,-1712,20398,-28858,-4820,-2212
-32558,-1696,-32599,-18782,-296,5220
-32558,-1712,-7025,-27962,11404,6812
-32558,-1712,20779,-11998,-3692,8924
-32558,-1696,-7179,-1358,-252,14572
-32558,-1680,-2276,-6494,9612,16276
-32558,-1696,-12795,-8130,5992,19248
-32558,-1680,-4000,-10066,-452,29864
-32558,-1712,-11166,-1182,13500,28284
-32558,-1696,-4568,6242,4616,22356
-32558,-1680,3291,11214,3628,22512
-32558,-1696,-6851,10198,7580,21640
-32558,-1696,-8637,10274,6272,18960
-32558,-1680,-3561,17110,5316,16540
-30771,-1680,-14302,23986,600,17208
-9274,-1680,16196,31550,284,3948
3796,-1680,15267,22202,-1768,9552
2
-28219,-1680,17242,-21874,-5780,-24340
-32558,-1680,759,-12466,-4352,-16648
-32558,-1696,1611,-8302,-10700,-560
-32558,-1680,15039,11326,-928,-19572
-32558,-1712,9902,31817,-12,-18340
-32558,-1664,11588,31817,-3748,-7308
30694,-1680,31817,-458,-88,9288
-32559,-1712,6677,-11898,-12060,8084
27531,-1696,-517,-15822,8924,20244
20508,-1680,-21695,-8302,-6172,16376
20373,-1680,-8101,266,-3028,13160
19063,-1728,12816,-686,300,6196
13531,-1680,7879,-2414,-1668,6156
13582,-1664,-299,-5998,-1224,3308
9681,-1696,-5276,-5306,-3684,2804
8744,-1712,-442,-4750,-2636,-1376
1567,-1680,4897,-12474,-3588,-3488
-10346,-1696,13524,-18558,-4524,2816
-20353,-1712,21257,-21534,-5552,776
-30821,-1680,24591,-19670,-8520,4692
-32558,-1696,31403,-20090,-3232,12684
-32558,-1680,-32599,-17630,-2136,14448
-32558,-1712,-32599,-11018,-8196,18420
-32558,-1696,26744,7766,-460,28408
-28340,-1712,19062,3670,9404,14584
-31796,-1696,-4971,1338,16204,18596
-28051,-1696,-16289,3386,14792,20008
-32558,-1712,-12529,2794,11736,20872
-32558,-1696,-17453,5962,3192,13928
-32558,-1664,-9746,15438,8500,8244
-32558,-1712,-6764,15230,5616,14432
-32558,-1696,551,18270,4664,13540
2
-22451,-1680,-8819,-21686,-1280,-32152
-32558,-1664,7256,-17890,-1444,-27228
-32558,-1680,6221,-11014,-1396,-12720
-32558,-1680,9133,3986,488,6488
-32558,-1696,19440,31817,-5524,-29976
-32558,-1680,-32598,31817,15736,9220
5269,-1696,23235,-2054,1856,10720
-32559,-1712,17499,2098,-21340,3708
-32559,-1664,-1239,-14862,156,25392
8282,-1696,-32598,-12618,4464,19348
20161,-1712,-497,-10234,-10792,13420
28419,-1696,25002,-262,12,4756
-32575,-1680,15775,-1882,3368,11184
24482,-1664,-6762,-386,-1320,7600
21331,-1696,-10446,-4310,-2284,1544
20427,-1680,4004,-8318,-4532,5076
18780,-1728,17545,-4978,-3696,364
17649,-1680,24568,-9766,-6920,-2108
9541,-1696,10544,-11282,-2080,-3704
-8157,-1696,11915,-21182,-3376,-5248
-24639,-1712,12326,-25330,-5152,-480
-32558,-1696,13723,-23450,-3660,5020
-32558,-1680,15793,-28454,860,18252
-32558,-1696,24782,-20698,-1508,8948
-32558,-1664,-32599,-13358,2248,15628
-32558,-1648,-32599,-12990,-4084,17380
-29448,-1696,-32599,3118,6960,3256
-32558,-1712,9676,-3578,29696,22532
-32558,-1680,-12194,-5462,15944,14676
-32558,-1696,-32598,1970,10212,11400
-32558,-1712,-32598,5258,5264,18068
-32558,-1696,-27644,5086,6644,19272
2
-32559,-1728,-31508,2378,-284,-3940
-32559,-1696,-32598,-6886,-796,980
-32559,-1648,-32598,-4802,-9696,-1416
-32559,-1712,-32598,-10022,-10344,-14252
-32559,-1696,-32598,-12794,-3124,-16916
-32559,-1712,-32598,-24282,-4988,-32768
12334,-1696,-14583,31818,-10508,-32768
-19682,-1712,7092,-25702,3520,-29100
-32558,-1696,12224,-20406,4020,-25516
-32558,-1696,8274,846,-2312,-8092
-32558,-1712,-10939,10158,-4076,-5284
-32558,-1696,1981,10374,-1280,18860
-32558,-1712,-20888,31817,7516,-32768
-32559,-1664,-32599,25342,-10468,32767
-32559,-1680,-32599,-10906,-17936,-3748
24180,-1728,21284,-25650,2496,28940
-6285,-1728,-32598,-6746,7620,14380
17093,-1712,-22500,-11826,-22896,9980
31307,-1696,-32599,6990,-4164,13028
32753,-1712,25349,7778,2812,5080
25344,-1696,-1629,-1878,-960,9404
19553,-1696,-11424,-4182,-5748,5680
21133,-1712,-2782,-3642,-2528,-904
26018,-1664,12996,-6854,-964,-3444
22754,-1696,28367,-12370,-3236,244
16998,-1680,2384,-16614,1488,-5200
-19826,-1696,-10720,31818,456,-7852
-32558,-1680,6280,-27830,-5840,-4860
-32558,-1712,10662,-26802,2956,8200
-32558,-1664,-3120,-25786,1548,3316
-32558,-1712,29664,-15294,-2592,7100
-32558,-1664,-32599,-12134,-4080,14936
2
-31282,-1712,-478,-12846,6332,-32752
-32558,-1680,14309,-10342,420,-30064
-32558,-1712,10464,-3734,-832,-22228
-32558,-1712,4928,7430,-2264,8400
-32558,-1696,20921,31817,2228,-15352
-32558,-1680,-9398,31817,20776,-12
13294,-1680,2545,2854,8060,7860
-32559,-1696,29146,3978,-21832,6104
-10746,-1712,-2895,31818,15500,32767
-9285,-1680,-19721,-10334,2644,26552
9297,-1696,-2104,-9778,-23356,17684
27699,-1712,-32599,3914,2028,6932
29153,-1696,-32599,2106,3728,14724
22097,-1696,22813,1446,536,2672
23959,-1680,4020,-2654,2440,4996
25323,-1696,1055,-2694,-2104,2328
25990,-1712,7761,-5770,-4460,-1208
24259,-1712,7152,-6434,-2508,-4184
15571,-1696,-16976,-9806,144,-5756
-9550,-1712,4894,-26578,-6684,-9400
-13461,-1728,10219,-27910,-8236,-10340
-22153,-1712,-796,-22770,-5148,-2000
-32558,-1680,-12579,32010,-2828,968
-32558,-1664,2743,-14814,-10024,8052
-32558,-1680,-32599,-9306,-4924,5132
-32558,-1664,-17616,-2158,-792,22332
-32558,-1696,-32599,-2634,6868,20736
-32558,-1712,-12207,-6234,15628,12024
-32558,-1696,-2469,-2314,12552,21772
-32558,-1648,-5248,-1026,15024,21972
-32558,-1728,-10005,4874,9520,16436
-32558,-1696,-5768,8222,11304,16624
2
-32558,-1664,16725,31817,17172,32767
23620,-1680,25225,5238,-11144,4588
-32559,-1696,24539,-9062,-15284,7792
24109,-1712,-10922,-26906,26884,32767
31066,-1664,-32598,6530,-12208,10932
-32559,-1696,6070,4442,-5476,4812
26151,-1744,7870,-3518,-36,11540
21380,-1728,-2811,-3918,-4712,4584
27342,-1728,-16657,-7214,-3744,-832
29822,-1680,-14665,-10438,-4792,4356
30277,-1696,-18065,-10110,-4156,-3824
30311,-1712,-32598,-18966,-3668,-14040
-980,-1696,-4210,-26538,-9224,-14824
-14899,-1696,10764,-16786,-3956,-12188
-16090,-1712,21479,-17010,-6992,-10512
-32558,-1696,8348,-23290,1908,-6248
-32558,-1712,4913,-25562,3924,-6260
-32558,-1696,17107,-17430,-908,504
-32558,-1680,27277,-15750,-1156,8388
-32558,-1680,-32599,-14874,996,7000
-32558,-1728,-32599,-450,5192,8148
-32558,-1680,11217,-14126,11904,15292
-32558,-1728,-438,-4062,7272,11332
-32558,-1680,-14902,430,6740,16896
-32558,-1680,-7150,-2702,7668,20696
-32558,-1728,-17805,2834,2616,13188
-32558,-1712,-17229,7686,7664,16696
-32558,-1728,-5301,7398,3584,20092
-32558,-1712,1587,9874,1812,19364
-32558,-1728,-2655,16002,216,9960
-32558,-1664,6507,27290,4888,2824
-32558,-1680,21514,31817,2356,2452
2
-32558,-1712,-722,-19270,-152,-32768
-32558,-1696,7548,-12246,-1508,-32720
-32558,-1696,1863,-7706,-4092,-16164
-32558,-1680,-3571,-2,-4216,-7932
-32558,-1696,-32599,15598,-7052,17444
-32558,-1712,-32598,31817,23052,-32768
3267,-1696,30103,25594,3196,32767
-32559,-1696,-32599,-1862,-13404,19492
21411,-1744,14078,-6786,1944,19288
2910,-1696,-28340,-12630,1508,25688
14450,-1680,-15706,-11602,-8500,19980
30121,-1712,11038,2642,-5488,12236
-32559,-1664,20694,1338,1588,9412
30406,-1680,4003,-138,-168,11140
24538,-1712,-10028,-770,-3428,4024
32008,-1712,1821,-4398,-3592,-920
30408,-1680,11470,-7794,-6968,3580
-32559,-1664,16693,-5738,-2708,-4716
29163,-1712,-1203,-10734,1348,-7852
-6939,-1680,-10041,-23514,1232,-9380
-16496,-1696,1668,-28710,-2788,-7648
-15021,-1712,19445,-21978,-8560,-2864
-32558,-1728,-6762,31818,9212,-11604
-32558,-1744,-3922,-15878,-4948,-708
-32558,-1712,7458,-19486,-5852,8272
-32558,-1696,26233,-10106,-4324,6796
-32558,-1680,-32599,-8614,-5984,9668
-32558,-1696,11417,1166,8124,16984
-32558,-1712,-4263,-4758,992,15808
-32558,-1680,-25236,-506,2380,18120
-32558,-1728,1933,4594,4056,26020
-32558,-1712,4785,5834,5916,20828
2
-32559,-1712,-5744,-25306,-31816,-32768
-1722,-1712,-12274,-21290,-2992,-32768
-17549,-1696,9981,-21474,-920,-32768
-32558,-1680,20042,-19446,412,-32768
-32558,-1728,5630,-7934,-5812,-27628
-32558,-1680,7818,1534,8008,-13024
-32558,-1712,17121,15378,5012,-20880
-32558,-1728,20202,31817,232,-22304
-16360,-1680,8500,31817,-7864,21864
22781,-1696,25632,5022,-3400,13208
16313,-1680,26019,-3686,-1352,5828
10741,-1712,-32598,-15822,11848,28052
3903,-1696,-30094,-29106,-6680,22000
15320,-1680,6369,-10414,-16952,25764
22258,-1696,-32599,-2538,1420,13332
25416,-1712,14174,-306,-1968,7812
29422,-1712,9660,970,-360,4284
26677,-1696,2501,-2362,-476,9584
25389,-1712,7352,-3366,-4988,3448
22664,-1696,20444,-5798,-2364,2752
20444,-1680,24683,-6310,-2304,368
23135,-1712,21136,-9286,-3032,-1476
10642,-1664,-10367,-13514,-2608,148
-14609,-1680,10123,-25926,-6016,-3460
-19804,-1696,4701,-23526,-5072,1464
-30112,-1680,-12471,-22146,-7420,996
-32558,-1712,-3673,-25778,-1720,10028
-32558,-1696,13343,-21014,-5412,13852
-32558,-1728,-32599,-11322,-984,9928
-32558,-1696,21065,-1906,7720,11860
-32558,-1712,-32599,-4302,5416,16904
-32558,-1744,1133,-2226,24260,15228
2
-32559,-1664,-32598,-7706,-1896,-5916
-32559,-1696,-32598,-7078,-2744,-9512
-32559,-1696,-32598,-9898,-4428,-15704
26930,-1680,-22602,-19702,-12724,-22140
13832,-1728,-2041,-22270,-10716,-27552
15758,-1696,9532,-21050,-5936,-25820
10128,-1712,6121,-19090,-2112,-32768
-8051,-1696,-69,-19530,-4136,-32768
-32558,-1680,458,-17902,-6512,-24812
-32558,-1728,17788,-8030,-3196,-21540
-32558,-1728,11950,5582,-4788,4212
-32558,-1680,-13037,31817,-4240,-14648
-32558,-1696,-20307,31817,15812,5080
28945,-1712,24621,5606,-2924,14236
-32559,-1712,-32599,-2362,-7596,11696
8438,-1728,-32598,-31802,10028,32767
14703,-1712,-32598,-11126,-2572,16628
-32559,-1712,-15169,-3278,-8556,9624
30655,-1696,3989,-682,-6380,13208
29922,-1712,3876,-2582,-2952,6324
29763,-1728,15730,-4110,-7124,5716
26483,-1696,25369,-4398,-3592,1992
21639,-1744,-2489,-6450,-1320,-2308
26610,-1696,-21627,-5854,-3448,-1920
-32559,-1712,-28769,-7038,-3724,-13644
23226,-1712,-26104,-16586,-4092,-9784
-24327,-1696,8721,31818,1208,-24752
-24690,-1712,7978,-17034,-3252,-12620
-32558,-1712,17670,-19538,-1784,-12784
-32558,-1712,11964,-16162,3672,-7196
-32558,-1696,22919,-17338,1212,2032
-32558,-1680,22697,-12950,-1440,4448
2
-32558,-1712,-32599,19406,1600,30532
-32558,-1712,11326,31817,32468,-32768
13028,-1728,-32599,10498,7740,32767
-32559,-1712,30361,3050,-13704,12980
10537,-1728,11027,-13694,5180,3908
-5659,-1696,-27015,-12634,1476,15028
3944,-1712,-13693,-10862,-4612,9712
21865,-1696,16560,4642,1100,9720
28354,-1728,-32599,7314,3016,11240
18033,-1712,7131,1110,3332,9180
16505,-1728,-8383,766,-772,4796
25294,-1680,-14082,-2274,-512,-2580
-32559,-1744,-18460,-7318,-3548,-3440
29254,-1696,-11849,-9130,-9704,-632
21377,-1712,-26456,-25494,-5960,-1812
-18017,-1712,4439,31818,-21472,-16140
-20800,-1696,17918,32710,-6760,-10384
-32558,-1712,17753,-23102,-11568,-11384
-32558,-1712,21320,-17286,-11628,1004
-32558,-1728,32005,-12830,-9468,2752
-32558,-1680,-32599,-9310,-5964,7760
-32558,-1696,-9739,-730,2932,8408
-32558,-1728,-32599,890,4784,17312
-32558,-1680,10208,-5278,13436,17320
-32558,-1664,-752,-2606,11488,20340
-32558,-1712,-22405,5730,11908,17600
-32558,-1712,-19188,5170,2396,19868
-32558,-1728,-4347,10618,6616,18012
-32558,-1712,2731,12078,5228,15976
-32558,-1696,4082,16354,2996,13460
-32558,-1696,1584,16970,3356,16404
-32558,-1712,-13434,22526,11596,14104
2
-32559,-1712,-32598,-21518,2316,16844
-32559,-1696,-32598,-11258,896,-6304
31582,-1712,-21333,-19642,-10208,-12820
27817,-1712,-6050,-18358,-13844,-9812
21865,-1664,-14586,-21526,-8224,-13044
26882,-1712,-18451,-22478,-8584,-20244
25769,-1728,-11361,-31206,-9640,-27028
16393,-1696,1505,-29034,-984,-32768
3553,-1680,19663,-30282,-3416,-31816
-30940,-1680,11047,-26434,4796,-28624
-32558,-1728,7042,-19558,5736,-23032
-32558,-1712,7294,-3374,-380,-6280
-32558,-1728,-32599,11630,1012,-1652
-32558,-1696,23277,31817,-6440,-19076
-32558,-1712,-32598,31817,18516,6476
14431,-1696,21393,1858,-3988,13064
-32559,-1712,13685,-3950,-15912,8544
30980,-1680,-8351,-9534,552,19824
13329,-1696,-32598,-8766,-3148,22744
17763,-1712,-27143,-3890,-9584,12864
28366,-1696,15017,2782,-4144,9964
27702,-1712,10307,-666,-5596,9380
29051,-1712,9745,-3162,-4732,4900
27639,-1728,9516,-4218,-3968,6864
28855,-1712,10246,-4466,-3504,452
-32605,-1728,16708,-8738,-2304,-1800
27502,-1712,12996,-11154,-4168,3004
24308,-1712,-10891,-12994,-6088,-516
-15591,-1696,-15654,-28258,-6224,-17876
-32459,-1712,-6847,-25562,-14844,-7044
-32558,-1696,-473,-25738,4024,868
-32558,-1728,-9376,-24998,-4312,-1516
2
-32559,-1696,-11687,19998,7152,-2008
-32559,-1696,-24605,13762,8440,-3060
-32559,-1744,-32598,9170,1804,-4684
-32559,-1712,-32598,7662,528,-6364
-32559,-1696,-32598,4734,516,-7616
-32559,-1712,-32598,1454,1480,-7120
-32559,-1696,-32598,-3726,-140,-9408
-32559,-1696,-32598,-5314,2008,-10932
-32559,-1712,-21315,-12438,-5032,-12904
-32559,-1728,-21514,-15798,-2304,-20808
-32559,-1664,-23520,-17314,-10692,-32768
29294,-1712,-4209,-24930,-5344,-32768
5304,-1728,20609,-24674,-12052,-32768
-25132,-1712,7440,-19006,-1980,-32768
-32558,-1728,11866,-11466,-1588,-29632
-32558,-1728,1137,-154,456,-20252
-32558,-1712,3745,7534,-3952,2760
-32558,-1728,-32599,16182,-7900,2136
-32558,-1712,-32598,31817,28004,-30332
8160,-1712,22353,9798,-9948,24244
-32559,-1728,-32599,4010,-7096,10420
29724,-1712,-32599,-8666,7068,13212
4919,-1712,-1753,1022,-4120,14100
11238,-1728,1110,-13662,220,12876
16471,-1680,4649,-1794,2116,13080
17463,-1744,15349,-982,1564,10296
12692,-1696,8796,-6206,2632,9264
6526,-1680,-2797,-4826,600,8292
4673,-1696,-9008,-5526,-556,-224
11692,-1696,-5696,-6298,-3432,1712
12360,-1712,-2394,-7362,-4488,1744
13439,-1664,2549,-11462,-3964,-452
2
-32558,-1696,-21848,2746,-732,3828
-32558,-1712,-19732,11190,-1780,11532
-32558,-1696,-5737,18594,3856,16184
-18548,-1712,-32599,31817,32468,-32768
26212,-1744,32327,-7666,620,26772
-32559,-1696,8755,-10730,-12260,11488
-32559,-1712,-32598,-8010,-52,14480
14451,-1696,-32598,-7198,-20704,21032
23231,-1712,4415,-2642,-16016,8312
-32559,-1712,-32599,2422,-4664,3292
-32559,-1696,-32599,-990,-3168,9500
23390,-1712,22768,1330,-7396,-3508
22550,-1696,13789,-2802,-4228,-2408
25709,-1712,24085,-5382,-4592,5424
20764,-1680,24983,-6094,-3016,2012
19617,-1728,19158,-9378,-1276,-1508
16668,-1744,15499,-12662,-1212,-104
9015,-1696,2658,-15586,-2036,-1080
-14049,-1712,-10808,-26118,-316,476
-31118,-1712,7248,31818,-2056,-2012
-32558,-1728,12431,31818,5192,3008
-32558,-1680,-7723,-25334,1260,7296
-32558,-1696,1299,-18562,-5464,9196
-32558,-1696,24583,-13258,-1088,9396
-32558,-1712,32365,-10362,504,9700
-32558,-1696,8239,-1354,112,12016
-32558,-1712,20147,-4742,2612,13600
-32558,-1744,16939,-1326,16780,12924
-32558,-1696,1408,1730,12212,13628
-32558,-1712,-2968,8430,8804,9216
-32558,-1728,-8654,11174,15048,13052
-32558,-1712,-9238,10014,8968,11020
2
-12094,-1696,-1650,-27718,-13788,-32768
-32558,-1712,-2403,-25702,588,-26860
-32558,-1728,6790,-27214,312,-25012
-32558,-1712,3186,-2906,-564,-13100
-32558,-1712,-32599,6566,4892,-14496
-32558,-1728,14420,31817,7740,-27828
-32558,-1744,-32598,31817,-20392,30656
7045,-1728,19804,5666,-5636,28740
-32559,-1696,20757,4430,-15568,1016
30271,-1712,13454,-7150,4788,9880
18033,-1728,-30881,-16366,788,27696
14575,-1728,-30039,-10514,-8960,20460
28655,-1712,-32599,2686,-4800,7124
-32559,-1744,-32599,494,4764,18412
23699,-1728,18902,1494,-888,11176
19549,-1744,5204,-2098,884,3972
16626,-1744,3914,-4782,-1748,6676
17453,-1728,10478,-3342,-4768,932
20622,-1744,13609,-7406,-4764,-3360
8179,-1712,-6895,-8094,-1020,2088
-10578,-1696,-11289,-20770,-528,-3340
-20512,-1744,567,31818,-15204,-5652
-24825,-1728,6502,-26874,-13820,-148
-32558,-1712,17156,-23006,-10576,2992
-32558,-1712,27233,-22282,-6640,7228
-32558,-1728,-32599,-11574,-4164,13648
-32558,-1712,-32599,-6838,-5220,14448
-32558,-1696,19988,2826,-3632,13460
-32558,-1696,-32599,-3782,4060,18692
-32558,-1712,-738,15910,11340,7824
-30160,-1696,-4390,5410,17608,15248
-32558,-1696,-4812,6930,20504,20012
2
-32558,-1712,-27885,31817,27260,-23960
-11036,-1712,-1040,19014,-14460,-1848
32470,-1696,-32599,1470,-5556,19160
22150,-1712,-32599,-2018,2996,12744
25399,-1712,1397,-12678,9112,25924
17464,-1728,-5089,-3226,-1508,20328
22278,-1744,4588,2546,880,14720
16497,-1744,6125,2566,4136,15680
13335,-1696,-627,3082,996,6896
16360,-1744,1055,-2006,332,3308
15143,-1712,-1374,-4154,-2468,4004
15879,-1696,-464,-3650,-6648,268
21061,-1744,4117,-7162,-8980,-4752
21928,-1744,-7580,-8274,-1608,-4212
-6242,-1728,-32598,-22270,-5660,-8184
-30209,-1744,-12125,32270,-19528,-12192
-25804,-1728,-32599,-28666,-9368,-6392
-32558,-1728,-32599,-18214,-7228,7204
-32558,-1744,-32599,-12378,-18620,7576
-32558,-1728,28581,-2962,4832,6296
-28997,-1696,-32599,-4446,-4404,16276
-32558,-1712,-32599,2058,-1328,22268
-30678,-1712,-32599,11718,18592,21300
-30285,-1728,-4987,14,22196,7620
-21949,-1744,-12820,9654,19596,13884
-24774,-1728,-7964,5422,16640,16888
-30414,-1680,-10803,7754,14416,14336
-30769,-1680,-15814,14522,8776,9332
-32284,-1728,-6835,17774,9288,13476
-32558,-1744,-4127,18822,10608,15920
-32558,-1728,-7681,19742,10948,7520
-32558,-1712,-13482,26082,5528,-4996
2
-32559,-1712,-1155,31817,21632,9276
-32559,-1696,-7285,31817,18316,10268
-32559,-1680,-1097,27122,13552,9784
-32559,-1696,-8911,15166,14476,11804
-32559,-1744,-32598,10246,9656,9936
-32559,-1712,-32598,15662,6624,7416
-32559,-1696,-32598,21666,-432,-15232
-32559,-1712,-32598,9190,-1072,-22284
-32559,-1728,-32598,-1310,2244,-16404
-32559,-1728,-32598,-10046,7572,-6820
27681,-1680,-20696,-12150,-20,-21556
9523,-1696,-6507,-16918,-1968,-27760
2083,-1728,-9265,-25058,-2652,-32768
-13961,-1712,1274,-28174,-2236,-32768
-22191,-1712,14262,-26858,1440,-29064
-32558,-1712,10694,-21834,7628,-20148
-32558,-1712,-1169,-8974,168,-21536
-32558,-1696,3881,1738,-8460,-6816
-32558,-1728,5123,8390,-2796,3548
-32558,-1744,6075,10146,-148,21032
-32558,-1696,-32598,31817,5836,-32768
14057,-1728,26575,3914,-5276,26256
10570,-1728,-21989,-13170,7864,15008
11606,-1680,-16234,-13110,-12492,26228
12791,-1712,20532,-162,-520,12348
16397,-1728,26964,-302,2744,9664
8732,-1712,7132,-2390,2964,12908
795,-1728,-3418,-1038,-3004,10224
4475,-1728,10859,-3230,-2064,2524
6395,-1712,17668,-6222,-1308,5356
2
-32559,-1712,23408,-15582,24800,18980
-32559,-1712,-17406,-9538,20124,18688
-32559,-1728,-32598,7030,14328,10792
-32559,-1728,-32598,21802,6472,6160
-32559,-1744,-32598,16718,-684,-16952
-32559,-1728,-32598,-1386,-236,-18456
-32559,-1744,-32598,1566,3392,-31044
-32559,-1728,-32598,-21614,-26244,-32768
-32558,-1728,6913,31818,-12460,-32768
-31675,-1712,20284,32438,12132,-32768
-32558,-1760,18808,-11046,-9212,-19628
-32558,-1712,29536,-4598,7020,-17444
-32558,-1744,15626,23794,1432,-27840
-32558,-1696,-8694,31817,-3920,-16176
-32558,-1712,-32599,31817,-4916,1452
336,-1680,22983,9626,7476,10712
-32559,-1728,25620,-1098,-15468,10764
28844,-1712,2154,-8994,3052,24280
19637,-1728,-13609,-10290,3604,23596
29488,-1712,5626,3410,-6272,15516
-32694,-1712,13240,-1798,304,15116
24365,-1728,16790,-4798,-948,14832
16936,-1712,13274,-6974,192,8936
14743,-1728,4134,-7622,-60,8916
11583,-1680,-2612,-5922,-400,3824
17146,-1744,4286,-6334,-2408,540
19671,-1728,11514,-6674,-2968,-640
14521,-1744,13898,-8170,-2140,1968
13523,-1712,-6703,-30338,3288,4080
-18539,-1728,-11736,31818,-13780,-1148
-22502,-1712,7514,-26982,-4564,-3028
-32558,-1712,383,-20906,304,-17148
2
-32558,-1696,-4033,31817,-1560,-8028
-32558,-1680,-32598,31817,12456,13904
-5759,-1712,-32599,-8090,-8576,16004
-32559,-1712,-32599,7654,-25464,5360
20929,-1712,-10131,-15566,14520,27668
11658,-1696,-32598,8830,-828,13104
30478,-1728,-7372,9450,-3772,5040
-32559,-1712,4141,-2238,-2312,12892
21342,-1728,-2211,-3010,-4116,12452
15860,-1712,-3265,-5790,-4432,3468
21700,-1728,2463,-7502,-6204,1116
14930,-1696,9909,-9066,-4768,1400
10106,-1712,6536,-10158,-3240,2000
-9224,-1728,-30792,-15554,-11052,-5804
-16254,-1744,8306,31818,-22552,500
-25569,-1712,15841,-23262,-11368,2960
-32558,-1696,22194,-21914,-8456,4800
-32558,-1712,26982,-17826,-10520,7648
-32558,-1728,-32599,-10726,-6384,7868
-32558,-1712,12630,-6434,-4412,12692
-32558,-1712,27707,-5086,-2164,12452
-32558,-1696,20828,-1626,1548,16800
-32558,-1712,-32599,-230,4520,24028
-27944,-1760,31055,2266,9480,17520
-27577,-1712,-4235,7054,23308,14252
-30657,-1712,-11599,5654,10068,17164
-32558,-1696,1417,8334,9356,16592
-32558,-1744,6097,12522,8204,12300
-32558,-1696,1251,18022,9364,8820
-32558,-1712,-506,24290,8972,7384
-32558,-1712,-2782,23914,8624,4444
-32558,-1696,-5874,25390,4428,-1848
2
-32559,-1760,-16341,31817,30220,7228
-32559,-1712,-13999,28510,15676,456
-32559,-1696,-14004,12806,15744,-580
-32559,-1680,-32598,5466,6888,-908
-32559,-1728,-32598,6258,2984,-2312
-32559,-1696,-32598,8358,820,-6764
-32559,-1744,-32598,3490,-2912,-11052
-32559,-1728,-32598,-2702,-568,-12264
-32559,-1728,-32598,-5042,-2828,-17228
-32559,-1712,-32598,-14698,-8464,-24708
12557,-1696,-9949,-23690,-15928,-28568
12837,-1744,8347,-20630,-8808,-30664
-7171,-1744,6237,-23322,-2704,-32768
-29277,-1696,4803,-18514,-708,-26704
-32558,-1744,-6668,-16046,208,-24160
-32558,-1744,-1517,-9522,-600,-21564
-32558,-1760,18977,6882,-3284,17788
-32558,-1712,-12656,31817,-3308,-32768
-32558,-1712,-32598,31817,26924,16064
23760,-1728,-32599,3654,2508,3968
-32559,-1712,31077,1642,-10224,13212
30707,-1728,2069,-13334,6992,24628
23666,-1744,-24205,-3274,6828,17628
31910,-1712,-16247,3514,-2560,13908
32199,-1728,6548,-6426,-3760,12480
21373,-1744,8761,-11098,460,15336
16312,-1744,-8595,-6690,-1184,11188
16812,-1728,-6749,-6038,-4684,4200
23908,-1712,4343,-5810,-5608,-3280
18231,-1728,8531,-11742,-6584,8528
15885,-1696,6661,-5606,-3852,520
14120,-1744,-20846,-23942,-4036,2684
2
-32559,-1712,-21389,11366,17136,6424
-32559,-1728,-32598,9138,7772,92
-32559,-1712,-32598,5042,312,-3360
-32559,-1744,-32598,3098,-2340,-2668
-32559,-1728,-32598,-338,-4064,-8168
-32559,-1744,-32598,-4826,-5216,-12796
-32559,-1728,-32598,-6326,-1640,-14736
-32559,-1728,-32598,-17522,-8472,-28496
26897,-1744,746,-31090,-23864,-32696
3646,-1696,-1458,-28706,-7464,-31792
-4453,-1712,4381,-21938,-1672,-32768
-28383,-1728,13293,-19534,-2416,-28160
-32558,-1728,-9145,-12558,636,-16804
-32558,-1712,3769,1026,-1688,-5636
-32558,-1696,20165,-806,-212,9276
-32558,-1712,15894,31817,-3176,-32768
-21868,-1712,-32598,31817,-9388,31548
15749,-1696,17677,298,-5224,6124
-32559,-1744,-32599,1754,-21460,9008
-32559,-1712,-8176,-11834,8344,24212
20298,-1728,-28783,-10606,8548,15524
27752,-1712,-9818,1530,-4968,11760
25772,-1712,-252,-3842,-6212,5776
21210,-1728,10262,-10002,-3948,15732
11684,-1712,-609,-9370,-2784,8856
10711,-1728,-8450,-8050,-2980,4364
11259,-1760,1079,-5762,-2424,-976
10320,-1712,16652,-9110,-5008,3996
10370,-1696,24632,-11154,-5936,2204
9870,-1712,21151,-21214,-4248,800
-6284,-1712,-5596,-25662,-624,3648
-19728,-1728,17486,-21046,-5360,5016
2
27504,-1728,5581,-16058,-3744,-22656
9066,-1728,2441,-14158,-5196,-26444
1639,-1744,3415,-10590,-1220,-30740
-13209,-1760,-6934,-4918,1024,-32768
-32558,-1728,-3932,-10758,-4724,-24072
-32558,-1712,5950,-406,-6588,-8036
-32558,-1728,24621,-3138,-2260,15340
-32558,-1744,12155,31817,-9004,-32768
-32558,-1744,-25665,31817,22296,32767
-2381,-1728,13837,6298,-13064,10612
-32559,-1712,-32599,10006,-11160,10872
-32559,-1744,17292,-8746,10664,17812
5388,-1728,-18602,-17542,812,32767
16250,-1680,-23929,-8750,-2836,14416
22297,-1744,7475,1602,-2636,7776
19625,-1728,24732,-6446,-1836,17100
12125,-1696,20658,-5250,-1528,9528
9783,-1712,13568,-4602,-328,-1380
11083,-1728,10577,-7702,-4336,10264
6460,-1728,4192,-6138,-3896,2768
4725,-1712,-6873,-16218,-1228,388
-11224,-1744,-22984,-26218,-4980,-5100
-16716,-1728,1408,-27482,-8848,2264
-29118,-1744,8117,-17550,-5176,6336
-32558,-1728,10728,-20358,-5176,6816
-32558,-1728,19186,-15194,-5676,8596
-32558,-1712,-32599,-12082,-1400,12048
-32220,-1728,13694,-11322,6640,8836
-32558,-1728,-32599,-6710,-628,18468
-32558,-1744,-32599,-1022,4624,18528
-24234,-1712,14458,3174,20452,16824
-26044,-1760,6690,4494,25412,18336
2
-8473,-1744,-9788,-19362,1156,-32160
-32558,-1728,5474,-13278,652,-29152
-32558,-1728,16068,-6274,-5124,-23264
-32558,-1712,10965,-5650,-4764,-11144
-32558,-1728,31248,1598,-2088,18000
-32558,-1744,29597,31817,-11116,-25128
31021,-1744,-32599,5722,-14400,32767
-32559,-1728,-32599,4650,-9292,-8012
-32559,-1696,21177,-14930,20764,5488
-4241,-1712,-32598,-14542,6492,32767
8247,-1712,-16679,-21994,-17380,12108
18256,-1744,6918,702,-2352,20300
13824,-1712,-32599,-7398,-3252,17280
9864,-1728,11827,-7478,2840,11500
4159,-1680,-7159,-7486,-348,6028
9226,-1712,4312,-4442,-5264,5636
11705,-1760,12274,-15214,-1904,18808
1837,-1712,4461,-6574,-800,-10228
3292,-1728,-6255,-11618,-820,880
-4027,-1712,-4034,-14190,-3260,3208
-10693,-1776,-2720,-18634,-3928,3044
-13587,-1728,-3152,-19470,-7328,2956
-20330,-1712,3375,-19262,-14556,7308
-32153,-1728,14293,-19350,-8724,5072
-32558,-1728,-32599,-17078,-7168,9824
-32558,-1744,-32599,-11590,-6072,12940
-32558,-1728,-32599,-8874,-804,9712
-32558,-1696,25340,-738,-2444,14180
-32558,-1744,-32599,6490,7628,16412
-27417,-1760,9151,7770,25892,10588
-20763,-1728,-4488,10574,20356,13992
-23766,-1712,2396,9362,16516,18508
2
-32558,-1712,-2452,31817,4844,-22184
-32558,-1728,-5774,25050,-8316,32767
6596,-1712,-32599,8886,-5856,-2656
-32559,-1744,-32599,6502,-9952,8580
-32559,-1728,-10078,-15974,16160,19408
16549,-1744,-32598,-8330,-2348,19228
11463,-1760,-13389,-1178,-4704,16820
10990,-1728,4437,1130,-4844,-12
11748,-1712,12831,-5086,-6160,12600
8399,-1712,14153,-5826,-4688,4304
15032,-1696,19516,-4798,-2040,-1380
22074,-1712,22093,-7790,-3952,2752
6468,-1728,15141,-7926,-3324,5996
4170,-1696,-10857,-19846,1332,780
-10309,-1712,-15153,31818,-11176,7268
-26530,-1712,19483,-27606,-8160,3884
-32558,-1728,28288,-18234,-7016,7204
-32558,-1680,31992,-19250,-5584,5812
-32558,-1712,-32599,-10810,-5744,12916
-32558,-1728,19966,-9202,-1028,9496
-32558,-1712,28220,-590,1836,14072
-32558,-1712,-32599,-2774,5308,25252
-32558,-1728,-32599,-230,3156,19276
-21674,-1744,9534,9774,20560,7672
-23391,-1696,-5114,8290,23400,17472
-28879,-1712,-6243,7402,10964,14464
-28240,-1712,-1618,11594,7264,10872
-29895,-1696,1361,14510,8860,10536
-32558,-1728,-4158,16294,9040,11512
-32558,-1712,-6480,19298,9440,7600
-32558,-1696,-12078,27826,4872,-5916
-22859,-1728,5778,30366,424,-4688
2
-32558,-1696,-10219,31817,6728,-32768
-32558,-1712,-12955,4302,6364,19624
-32559,-1712,-32599,11502,-16840,14068
28803,-1728,-32599,-4426,3908,8884
-340,-1712,-2571,-26010,15104,20812
6956,-1712,30364,-19250,6680,10700
8724,-1728,-810,-730,32,17108
7347,-1744,14680,-550,1196,11036
10298,-1696,23191,-2362,360,6728
9475,-1728,16429,-5710,944,5408
3077,-1744,10124,-6454,964,-1500
7138,-1712,1004,-11914,1112,3992
3550,-1760,-4749,-15082,1284,1772
-7376,-1712,-15827,-17806,-5096,5704
-9224,-1696,-31560,-23234,-6212,5776
-20581,-1728,-30370,-20518,-9924,4248
-32558,-1744,12731,-21162,-16356,2896
-32558,-1728,-32599,-16538,-11156,11384
-32558,-1728,-16544,-11170,-18488,13492
-32558,-1728,29148,-4746,4472,17756
-32558,-1712,-32599,-2730,3668,21076
-22297,-1696,-32599,13106,14856,13880
-23159,-1712,2107,2498,24560,18424
-29618,-1744,-11464,2570,10504,18348
-21535,-1696,4885,8690,1056,11836
-32558,-1712,11064,12082,2556,6544
-25533,-1712,4624,14498,10588,15072
-32558,-1728,-13735,13978,14880,13648
-32558,-1712,-14670,16482,9652,9112
-32558,-1744,-8242,23394,4396,2600
2
1429,-1712,12242,-20978,-11480,-32768
-32558,-1712,10289,-3066,-3008,-13948
-32558,-1728,-32599,5166,-1712,-3832
-32558,-1712,-29450,31817,2736,-32768
-32558,-1728,-6154,26718,1448,32767
31034,-1696,-32599,14134,-15892,13384
-32559,-1712,-32599,-1506,-6732,14816
27378,-1712,14717,-17358,18932,32767
7869,-1728,-32598,-11362,7868,12464
9576,-1712,-11221,1538,-5792,14992
8704,-1728,-4022,-1810,-840,12360
11020,-1712,3359,-4346,-960,8564
8268,-1744,7905,-5858,-1932,9088
6488,-1728,10952,-5170,-2224,5640
11994,-1744,16545,-6814,-3616,4008
12465,-1744,7394,-17882,-5364,26716
-6943,-1728,-17284,-18870,7232,764
-5395,-1744,-24721,-27138,-5800,9744
-13526,-1744,-17422,-17758,-9936,5036
-26733,-1696,7877,-16954,-14164,4300
-32558,-1712,-32599,-19054,-10976,7872
-32558,-1696,-32599,-11670,-7612,13940
-32558,-1696,-32599,-5634,-12588,9296
-32558,-1712,29359,-4346,-3060,12924
-32558,-1728,27403,-1510,-100,20356
-32558,-1712,-32599,-710,2452,22076
-32554,-1728,-32599,1434,940,17300
-29916,-1696,-32599,5378,1872,18288
-26038,-1680,16471,16010,19128,13268
-26621,-1680,-6570,9622,10132,13760
2
-32558,-1696,27730,6938,-3464,7564
-32558,-1712,-32598,31817,-340,-17600
20683,-1712,21489,17174,32468,24236
-32559,-1712,-32599,4998,-14492,6460
30942,-1728,-32599,-6058,-1580,500
-7925,-1744,-25916,-15766,-708,14428
7316,-1696,-24873,-17486,-5392,14716
-2336,-1712,1083,-7682,-10956,14676
3533,-1712,28776,406,-1780,7712
2135,-1760,-32599,-3806,-2376,4456
-96,-1744,19897,-3758,-516,6504
8776,-1728,19385,-4338,-2588,5984
15147,-1728,15517,-3150,10932,6560
-1322,-1680,18556,-11622,-8200,7636
3590,-1728,-2341,-15246,-4556,13928
-4060,-1712,2176,-20770,-4160,10912
-7260,-1712,2078,-19894,-7496,8140
-10217,-1728,7462,-18786,-10664,6596
-14567,-1712,11819,-18762,-8900,6712
-20422,-1712,26275,-17258,-7148,8996
-27468,-1728,25913,-12942,-4208,11796
-28240,-1712,-32599,-6850,-13580,7780
-32558,-1696,-32599,-4462,160,16528
-29199,-1728,25348,1294,1260,16832
-32133,-1712,-32599,5002,1708,19612
-26802,-1744,32264,12962,28564,12080
-17453,-1712,3828,11250,20888,6404
-18669,-1744,-11346,11270,16680,15460
-24453,-1696,-7101,10826,12464,13624
-27989,-1712,-8154,12674,9796,9924
-29808,-1712,-11005,14538,5728,8804
-32558,-1760,-9478,16922,3932,9640
2
-32559,-1712,-32598,-23794,-1656,8012
-32559,-1712,-32598,-17770,-8604,-6744
22993,-1728,-21341,-20438,-7784,-11476
18227,-1712,-12086,-13714,-5940,-11856
22311,-1728,1147,-15378,-7404,-19288
16761,-1728,-8309,-17282,-5552,-19984
18408,-1712,-16436,-19634,-3840,-28208
16251,-1728,7659,-16682,-7300,-32768
-13110,-1712,-3995,-17286,-88,-32768
-32558,-1680,4245,-14074,-5696,-31096
-32558,-1728,17272,-10922,-7868,-19916
-32558,-1744,15576,3422,-2032,-192
-32558,-1728,28378,15958,-9148,-12576
-32558,-1728,-32599,31817,-8096,684
20433,-1712,-32599,4298,-11112,18740
-32559,-1744,-32599,3310,-11848,10348
-32559,-1696,-32599,-9826,15668,2340
-7859,-1744,-20993,-23526,14244,32767
5331,-1760,-7392,-14594,-1636,17852
11748,-1728,13963,-122,3776,16812
9784,-1744,13771,-4530,804,10488
6326,-1728,6453,-7054,1160,9364
6426,-1728,13070,-5678,-1416,6532
1778,-1744,1402,-10586,21184,-5380
5506,-1728,872,-4614,-268,-7076
-1356,-1712,-6271,-17822,-4644,-1100
-6670,-1712,-31374,-22674,-6736,2188
-15201,-1728,-21722,-20526,-8300,384
-32314,-1712,7801,-20738,-19468,-712
-31878,-1696,25804,-15866,-15596,3548
-32558,-1696,-32599,-11978,-1760,11072
-32558,-1712,17304,-8214,-13836,10404
2
-30438,-1728,-2607,-11450,-6320,-32768
-32558,-1712,12995,-13378,-10540,-28380
-32558,-1728,3228,-23110,-2676,-20104
-32558,-1728,-32599,10502,-1032,-27540
-32558,-1712,-32598,31817,23024,-27548
-13684,-1728,25713,31817,-13472,32767
-32559,-1712,-32599,17242,-3084,10716
-32559,-1776,-32599,-646,3228,544
24982,-1728,1027,-21686,25992,19528
1757,-1744,-28070,-7810,1084,7868
957,-1728,2395,-4198,-8440,8656
7108,-1760,12412,-958,3376,11960
5759,-1712,9207,-2942,-460,7076
5942,-1712,11608,-5342,512,6788
8793,-1744,5471,-5506,-1460,3580
10944,-1712,18314,-6570,-4092,12324
1319,-1728,18228,-2958,392,-8976
-7758,-1712,9945,-27822,2100,12476
-9623,-1744,-2127,-24090,-9260,7856
-11503,-1712,1327,-22326,-8916,10832
-30664,-1712,8517,-19894,-5300,10716
-32558,-1696,31618,-17102,-10352,10460
-32558,-1728,385,-11002,-7388,18572
-32558,-1712,28717,-3142,-1504,12308
-32558,-1728,23622,-3390,4768,17824
-32558,-1712,25139,762,3296,17536
-30625,-1712,-32599,8886,11060,22504
-25203,-1728,6715,8666,21604,19692
-24715,-1744,-2519,8162,13740,18160
-27140,-1744,-2521,9498,10064,17152
-31070,-1760,6005,11658,7920,15380
-32558,-1712,11028,12118,6040,11216
2
-32559,-1728,-32598,-19578,-15820,-32768
3006,-1712,-29186,-29402,-13100,-32768
2244,-1744,7085,-8506,680,-32768
-32558,-1728,16343,-7826,-10124,-31796
-32558,-1712,12491,-10810,-1392,-18324
-32558,-1760,16507,-12014,-8352,-17104
-32558,-1728,-32599,6546,-124,-6472
-32558,-1744,-32598,31817,32467,-17076
-32558,-1696,-32598,13554,11172,21324
30750,-1760,-32599,13190,-27692,19520
-32559,-1744,-32599,3786,-5420,5820
22754,-1712,-32599,-11518,19840,11896
-39,-1728,16588,782,-4432,4872
7863,-1712,-17811,-798,-4912,16548
12997,-1744,9421,2270,1884,11464
6625,-1728,10355,-3642,3332,10892
908,-1712,9311,-5382,560,7608
4317,-1728,6513,-4266,-1064,5100
12859,-1728,9210,-7238,-1672,576
1762,-1744,7673,-11382,-1816,5728
2279,-1696,6033,-15702,-10328,-1268
-32558,-1728,19542,-23474,-11600,10596
-32558,-1712,-32599,-17342,-7872,12948
-32558,-1744,-898,-11366,-1392,16452
-32558,-1728,-32599,1334,-6336,13956
-32558,-1744,-32599,-4254,2836,23840
-32558,-1744,-32599,-2154,5232,22568
-26674,-1728,-32599,-826,5548,19128
-31866,-1712,18501,7238,23140,21240
-32558,-1744,-6911,5406,14988,15348
2
-16061,-1728,-7021,-20382,-5012,-32040
-32558,-1712,20378,-13250,-6200,-26784
-32558,-1744,3761,-7362,-5032,-17124
-32558,-1728,10975,-4714,-8468,-4652
-32558,-1712,-32599,6942,-668,2344
-32558,-1744,-32598,31817,32467,-32768
-20909,-1744,6490,15978,-6104,16664
-32559,-1760,-32599,1682,-16692,24284
17476,-1712,-32599,-982,1788,8228
-3299,-1696,-15190,-19474,19752,32767
-4864,-1696,-9145,-28730,9708,14892
-7754,-1744,27600,-178,964,14328
-9287,-1696,10097,90,4972,14524
-17967,-1696,6012,1502,-316,3540
-2693,-1712,14611,402,3028,-80
6997,-1760,-1094,26,2000,7788
6301,-1696,-1672,-6526,-480,9196
8487,-1712,9839,-10862,-1884,5656
1721,-1744,13124,-14110,-948,17984
-7258,-1696,10237,-17230,-2120,13980
-9698,-1712,8111,-17358,-3368,11040
-8285,-1728,9835,-21122,2220,14280
-10181,-1696,20019,-17830,-3712,16528
-12071,-1712,24157,-15374,1484,13440
-19675,-1728,24385,-11342,6232,14652
-23992,-1728,9927,-2446,4976,10988
-26592,-1744,21437,694,5252,14400
-31066,-1728,8845,1690,15068,16132
-28128,-1696,-6962,454,11340,17564
-32558,-1712,-147,5106,6060,19712
-30833,-1744,7193,9490,13968,15600
-30104,-1728,-13087,12738,11608,11836
2
-32558,-1696,21810,-19410,-7524,-14752
-32558,-1728,12123,-2394,-1028,1380
-32558,-1744,21251,23250,-3476,-30032
-32558,-1728,-32598,31817,-336,11236
8541,-1744,30631,342,-24336,13360
-32559,-1744,-32599,-2182,-15752,11864
24168,-1728,-32599,-3874,5996,3424
19263,-1744,5072,-16414,16172,19620
-153,-1728,-2510,-10534,-536,18504
-718,-1760,-32599,-8250,-5860,14352
-2538,-1712,28806,-3902,6200,15336
-13646,-1728,19325,-1106,4576,4452
-5321,-1728,23104,-4150,1184,4180
1377,-1744,21044,-5286,4212,1932
5156,-1744,5740,-7550,3980,4928
8019,-1728,-1119,-10874,-508,4868
1153,-1712,-4799,-17314,-1772,9780
-6151,-1728,-11241,-20866,1640,10928
-11860,-1728,-17152,-21178,-5024,11312
-13803,-1744,-10256,-17662,-7496,9324
-26284,-1728,-11056,-19790,-14016,14536
-31943,-1760,-7027,-15286,-10532,10972
-29775,-1712,2559,-5002,-10180,7984
-18797,-1760,-32599,-7770,-4168,14076
-14375,-1712,-32599,-4122,-1972,9920
-23712,-1712,-32599,-6938,-428,15024
-32558,-1728,26855,8642,11016,13816
-21603,-1744,-32599,10818,32467,18084
-30010,-1744,-12755,9794,11480,14380
-24623,-1728,-11680,13358,18172,12896
-24388,-1744,-9631,11702,11448,15396
-29371,-1744,-8082,12810,10224,13676
2
12288,-1696,19751,-12534,-8704,-28096
-19691,-1744,-11444,-12198,668,-32768
-32558,-1744,2447,-10394,-9756,-23956
-32558,-1728,-9238,-17078,-6436,-25148
-32558,-1744,18391,7774,-7948,1472
-32558,-1712,17431,18638,1424,-3672
-32558,-1728,-1053,31817,-13308,17172
-32559,-1744,-32599,8550,-7036,12080
-32559,-1728,-32599,-3494,-1560,17100
-5478,-1728,-11227,-28142,10488,22008
5275,-1712,-16625,-11170,3640,17072
3982,-1728,8141,-13902,-9080,13708
14698,-1744,11429,-3090,132,11332
15058,-1712,17253,-5018,-296,10684
11756,-1728,16235,-8586,-1272,6108
8204,-1712,7094,-7486,-1036,4764
11168,-1712,7904,-7582,-3216,2904
13212,-1728,4128,-10258,-2272,-1156
9129,-1712,-6704,-16410,-4856,10268
-3221,-1744,-32018,-20534,-556,648
-16755,-1696,2469,-23410,-9196,1044
-22702,-1712,6582,-20962,-13340,-2308
-25085,-1760,16214,-17282,-13628,-1116
-26827,-1728,29897,-15418,-6656,-688
-32558,-1744,-32599,-10542,-2956,7020
-32558,-1728,-32599,-6390,-9316,13264
-32558,-1728,-32599,-7418,3980,11132
-32558,-1744,19094,5418,2472,26396
-32558,-1760,-32599,-2450,17380,21348
-32409,-1696,10620,4242,17332,14256
-29359,-1712,-15471,9026,16280,20684
-32558,-1712,-17,7050,10956,20464
2
-32558,-1744,-32598,31817,32467,-32768
24622,-1744,29382,5718,-29528,10124
-32559,-1728,-32599,-11170,-8664,13992
21745,-1744,28159,-11494,1512,8716
7802,-1744,-32599,-8066,-3116,12328
9406,-1712,11693,478,1276,12344
7585,-1696,-10491,-3318,-2100,7008
10905,-1728,-6368,-4934,-5172,4416
12012,-1680,1793,-4462,-4044,2356
11896,-1744,12724,-5926,-4340,1220
17003,-1712,22709,-10378,-2356,-2844
17201,-1712,24588,-15918,-1464,6892
2869,-1728,-4053,-16862,-2088,3692
-12683,-1744,3149,-23158,-7336,2976
-22958,-1744,18581,-20974,-7840,5636
-22963,-1728,23737,-28266,-48,21488
-32558,-1744,15827,-20606,1136,15944
-32558,-1696,-32599,-11618,-6444,13120
-32558,-1712,3539,-4410,-13268,16396
-32558,-1744,-32599,-4314,7572,17204
-32558,-1728,-32599,-1522,8576,22216
-32558,-1712,25112,4710,21928,16364
-32558,-1696,-2172,10382,18724,8064
-28323,-1728,-22006,12910,13852,9272
-29442,-1744,-15188,13074,7544,13712
-32558,-1728,-12216,12998,9156,19116
-32558,-1696,-17472,18186,14084,8340
-32558,-1744,-8737,31817,13744,-7068
-32558,-1696,-654,31817,2168,-3112
2
-32559,-1712,-30300,-23694,-10112,17304
-32559,-1728,-32598,-9882,-11808,-8024
-32559,-1712,-32598,-19550,-10628,-15492
20218,-1712,-29108,-14362,-14732,-27472
16188,-1696,-23518,-9430,-8852,-30284
10774,-1712,-12853,-13982,-14620,-32768
-25585,-1728,-2174,-15306,-7132,-32768
-32558,-1696,11093,-6958,-3088,-31764
-32558,-1744,12884,-870,-7296,-18032
-32558,-1696,-129,3502,-4828,-720
31109,-1744,-32599,9590,-6868,29136
-32559,-1744,-32599,2330,-10688,1396
-17522,-1712,25292,31818,32467,32224
9951,-1760,251,-16566,16448,24008
3677,-1712,8180,-4402,-6144,15692
8411,-1744,-10548,-2390,7836,11532
11444,-1728,-14090,-6454,-1264,10424
15702,-1744,-5722,-8266,-1840,6648
11965,-1696,1275,-8686,-2464,4892
6026,-1760,8443,-8510,-3560,888
11386,-1744,10302,-12498,-2760,932
6718,-1728,-457,-15750,-3344,2684
-656,-1744,-4708,-17082,-3120,64
-11227,-1776,7192,-17570,-9000,3188
-30048,-1728,3807,-22534,-5056,328
-32324,-1712,10807,-18638,-7300,3660
-32558,-1744,18115,-17326,-3236,7248
-32558,-1728,-32599,-13270,-4136,11416
-32558,-1712,-32599,-8946,-7576,13288
-32558,-1728,-32599,-10154,2500,9380
2
-2114,-1744,-9847,31818,32467,32767
8629,-1744,-12199,-14122,2968,20464
9460,-1728,-5047,-9718,332,13876
14435,-1744,1975,-5194,-4636,9796
12243,-1712,6572,-7118,-1232,10912
6835,-1728,2143,-7782,-3096,3092
14958,-1712,5243,-6678,-5188,180
18303,-1760,11952,-9522,-3276,904
15036,-1728,16233,-15450,-4340,2396
2279,-1744,-15862,-14614,-2576,44
-9743,-1712,1707,-20954,-8708,1040
-22745,-1728,9737,-19550,-4296,3696
-30230,-1712,15299,-19162,-6944,2576
-32558,-1728,20644,-18154,-4624,5668
-32558,-1744,31480,-15354,-5348,7364
-32558,-1744,-32599,-11614,-4356,12440
-32558,-1728,29623,-9430,-112,9704
-32558,-1712,2452,-350,1592,11484
-32558,-1728,15186,5254,2996,25128
-32558,-1712,30242,1914,13476,24520
-32558,-1712,2490,5202,13752,21404
-32558,-1728,-14745,6554,12220,20284
-30434,-1712,-11788,10790,6552,16504
-28499,-1728,-1211,12890,7356,16588
-30302,-1696,3584,12622,6640,16032
-32482,-1744,3041,15378,6824,14496
-32558,-1696,4923,16734,4368,12952
-32558,-1744,3950,22122,6000,6664
-28530,-1712,6781,22402,7044,6136
-21932,-1728,3432,20646,3948,1492
-11512,-1712,-6960,18850,3088,2072
-5640,-1728,-11762,17598,1836,2500
2
-32558,-1744,28384,6914,-460,21892
-32558,-1728,-32598,31817,17236,-32768
-13511,-1744,-1759,28630,-27920,32767
23969,-1712,-32599,6526,-9868,7840
-32559,-1696,-32599,254,-3344,12000
30358,-1744,-333,-14622,11204,22468
10800,-1696,-27030,-5146,-1792,5888
11622,-1712,21940,-2578,-6104,16028
7173,-1712,10370,-1802,2536,11620
9185,-1728,17009,-3430,544,9120
12096,-1712,8901,-4894,580,3580
16365,-1728,12758,-3830,-6588,8856
7334,-1712,-1112,-9562,260,8728
6460,-1712,-4600,-18870,-160,3732
-141,-1760,-32093,-31982,-1880,1632
-1367,-1744,-19330,-22806,-5020,3252
-32558,-1728,20118,-24702,-10768,4044
-32558,-1712,16186,-22118,-6064,7096
-32558,-1712,22343,-17546,-9068,7516
-32558,-1696,31815,-12570,-9072,15792
-32558,-1712,-6691,-6238,-6352,13576
-32558,-1728,13129,-3766,-5720,15756
-32558,-1712,24055,-1574,2352,18032
-32558,-1744,27752,-1070,6064,19192
-32558,-1728,-32599,1754,2540,17600
-32558,-1744,5102,14210,4564,17108
-32558,-1712,72,14114,18160,10440
-32558,-1728,-14164,12946,3240,14248
-32558,-1744,-3797,15098,2812,13392
-32558,-1728,2575,18346,1524,7348
-32558,-1728,7978,21538,1140,6428
-31691,-1712,13136,23190,1660,2772
2
-32559,-1712,23266,31514,-22900,26748
-32559,-1728,-32599,-2118,2412,15080
28379,-1744,-32599,-7306,-3116,14728
-4371,-1744,-4874,2674,6716,5640
10763,-1712,9788,-15070,-2720,17456
3700,-1744,3434,-302,10500,11108
5712,-1744,-7984,-1662,1324,9680
13879,-1696,11608,-2942,-5604,1568
11437,-1744,31810,-10706,-1780,4416
-1128,-1696,23433,-14254,3596,4836
4093,-1744,11653,-14310,-2104,5192
76,-1744,-14726,-21570,-228,5108
-10286,-1760,-32598,-20410,-6916,-436
-19360,-1712,14167,-23278,-9960,940
-32498,-1728,18956,-19182,-5912,5596
-32558,-1760,26294,-18338,-5416,9856
-32558,-1712,26161,-14002,-7204,14784
-32558,-1696,-32599,-9126,-6612,12944
-32558,-1728,-32599,-2698,-3556,15352
-32558,-1744,29532,-2246,3880,16216
-32558,-1728,14567,-1270,4660,20348
-32558,-1744,21423,1542,2872,19012
-25156,-1712,15996,9558,9288,15456
-27309,-1760,3732,10790,18068,16096
-31416,-1712,-18026,8822,6552,14264
-32558,-1744,-17051,12538,4544,11544
-32558,-1728,-5808,16830,2980,10780
-32558,-1712,508,23122,1136,12988
-32558,-1712,549,31817,10556,3436
-30227,-1728,12907,31817,5408,-2800
-22076,-1712,14753,19402,1404,1836
-1494,-1728,7637,17914,124,-2360
2
7275,-1696,-8366,-9474,3000,21464
14431,-1744,-4843,-10794,5708,12048
11983,-1728,-514,-1246,652,11608
11608,-1776,9919,-6326,1156,12720
8662,-1712,2914,-4666,476,9032
10863,-1760,-434,-5338,-796,1596
14215,-1744,1993,-7106,-1092,2380
10710,-1712,3055,-12102,-2896,8064
8559,-1728,-4319,-16990,-3600,504
1020,-1744,-28636,-15718,-6900,656
-23842,-1760,18503,-31394,-9924,-3520
-31319,-1744,28801,-23778,-11484,6984
-32558,-1744,27412,-19126,-7424,5796
-32558,-1728,-32599,-14306,-5112,6764
-32558,-1712,-32599,-7578,-2692,15752
-32558,-1744,-32599,-13110,2408,11288
-22353,-1728,-32599,-3130,192,18608
-32456,-1744,29683,8774,17912,10612
-28284,-1728,16611,1578,32372,21740
-31501,-1728,-9207,5482,15040,15960
-32558,-1680,-8343,8982,16944,13376
-32194,-1728,-5426,11138,9588,8376
-30569,-1712,-7922,11798,7556,6088
-30087,-1712,-10997,14806,4692,5264
-32558,-1728,-11981,17610,3036,4492
-32558,-1744,-5546,24682,4816,1216
-32372,-1680,-7609,31817,6872,-2956
-22410,-1728,7362,26026,4668,-1504
-13897,-1744,-4005,20950,3192,-1412
-561,-1712,-3862,19278,468,-2220
6939,-1760,-6323,17902,1784,-1092
9561,-1744,-4502,16638,1532,292
2
-32558,-1728,-32598,31817,29620,-32768
5774,-1744,-32599,29354,-26924,32767
-32559,-1728,-32599,-3230,-11152,24528
20922,-1728,-32599,-2718,-1064,5824
-7730,-1744,-707,-14050,8704,14300
5430,-1728,13595,-22046,728,16020
6099,-1744,-32599,1898,12356,13456
6080,-1728,13,2970,6220,6572
9259,-1728,-664,-7970,2352,10500
4678,-1744,-8520,-7602,508,7656
4633,-1776,-3857,-5214,-1924,5952
7973,-1712,5277,-8906,-1996,3176
2650,-1712,10302,-13902,-2184,5420
2083,-1728,14052,-12846,-2908,5656
4539,-1712,-9374,-20030,-936,15316
-17799,-1712,-18730,-25358,-3000,7516
-32558,-1728,13106,-26062,-10700,3904
-32558,-1712,25551,-16698,-7004,10188
-32558,-1696,-32599,-12306,-7020,11696
-32558,-1712,4819,-4514,-10132,20300
-32558,-1712,32564,-4002,-5184,16912
-32558,-1728,20959,-3586,-3776,16960
-32558,-1744,27690,-42,3016,21732
-32558,-1728,-32599,-1494,4216,19008
-31630,-1728,-32599,2118,2944,10616
-32558,-1712,449,28838,16960,7836
-25830,-1728,10738,14742,23200,12588
-26668,-1744,-14186,12762,6080,7528
-28425,-1712,-6506,14690,2104,8644
-32558,-1728,7501,20706,3868,4772
-32558,-1744,7749,29266,8640,2548
-32558,-1712,-4038,31817,12676,48
2
-32558,-1712,725,-9730,-556,-8948
-32558,-1744,-2948,-962,-1352,1924
-32558,-1728,19912,8246,-6820,-1616
-32558,-1744,-32598,31817,32467,-32768
-3680,-1744,-32599,-6106,-12968,3888
28029,-1696,-32599,-5342,-13148,13512
20973,-1744,-32599,-5910,10684,16684
15682,-1728,-1008,-10374,14096,20452
17947,-1712,542,-4590,-3540,12600
19887,-1680,7438,-750,4856,14244
17533,-1696,3725,-2342,3312,14060
12610,-1744,5079,-5478,-1040,11500
10507,-1696,13873,-6782,-988,8148
7826,-1728,19828,-6430,-968,5816
2998,-1712,17504,-6974,-828,5888
-1296,-1728,19911,-10826,-4756,9668
-8632,-1712,-28645,-28586,2024,20440
-7852,-1744,-24586,-22638,-4372,7452
-16939,-1728,4808,-18146,-6228,4304
-29988,-1744,16725,-19590,-8892,9072
-27638,-1712,29148,-16982,-8132,7640
-28917,-1728,-32599,-13886,-2540,12052
-31577,-1744,-32599,-11158,4996,11456
-25082,-1712,-32599,-6098,-4104,10724
-26098,-1728,-32599,-2338,1600,13600
-32558,-1712,26865,-1730,12148,19244
-32558,-1744,7808,6718,7460,18548
-22686,-1728,14986,12990,19480,6900
-17357,-1712,-24670,9926,18776,15596
-27298,-1712,-29640,9682,7572,17712
-32558,-1728,-15223,10382,3472,14184
-32558,-1712,-3198,17374,1744,10416
2
-32558,-1760,29632,31817,-13760,24180
-8759,-1696,-32599,16774,-25812,8448
-32559,-1712,-32599,-30,-8456,17144
-32559,-1696,24610,-458,10144,12776
19572,-1712,-14293,-13846,18220,20480
2162,-1712,-32598,-22110,-144,32767
8160,-1728,7144,-10254,-6652,15332
19383,-1712,24729,-3762,3620,19308
17275,-1696,23394,-6362,1460,8492
11967,-1696,9730,-5918,296,12096
7873,-1712,17241,-5846,-2924,9356
6962,-1696,-32599,-8050,-3768,1396
-1191,-1744,18348,-19690,4864,2520
2480,-1744,-5083,-13102,-1688,2404
-456,-1696,-5982,-12918,-3652,-220
-2793,-1744,-14811,-12030,-1372,828
-8808,-1696,-16185,-17338,-5932,2312
-20706,-1744,-3080,-20886,-9452,3456
-28045,-1744,2909,-20906,-12092,5880
-32558,-1696,12642,-17270,-8280,8232
-32558,-1712,19056,-16666,-6104,11276
-32558,-1728,-32599,-11466,-5220,15748
-32558,-1728,-32599,-2438,-5464,12404
-27898,-1744,-32599,-370,-1624,12920
-21075,-1728,-32599,-362,5048,11368
-20127,-1744,-32599,1166,5552,17124
-14863,-1744,16713,15010,18696,0
-23375,-1728,32072,7434,22932,10204
-19603,-1712,-3019,9586,22076,4724
-21416,-1760,-23528,9782,13752,9220
-25393,-1728,-19900,10106,9108,10032
-31089,-1744,-14252,11046,6280,8776
2
23970,-1760,1536,-17134,-9712,-29192
20824,-1728,10146,-15262,-6944,-27444
5632,-1744,6477,-12806,-2504,-29800
-21851,-1744,9757,-10338,-4024,-29976
-32558,-1712,2507,-5970,-5064,-24304
-32558,-1744,-7385,-9014,-4240,-13668
-32558,-1728,10471,-2670,-3828,-6164
-32558,-1744,30748,5798,-14160,-15328
-32558,-1744,-32598,31817,32467,-32768
-22128,-1728,-32599,17498,-24804,-2984
-32559,-1744,-32599,2110,-8672,20524
17544,-1744,-32599,-6150,5120,11640
14416,-1760,5970,-12126,17316,26496
13774,-1712,-24590,-1506,-3648,9976
19715,-1744,-7609,-58,-1052,13572
17320,-1728,1730,-3978,-2860,14524
17434,-1712,9901,-5202,-5396,7740
15042,-1712,9303,-8330,-1280,9640
12245,-1728,17220,-6314,-4184,7180
12324,-1728,27878,-7454,-2608,5120
3991,-1712,24446,-7790,-1992,5840
-6014,-1728,11738,-16702,2200,2468
-16171,-1712,-19197,-26282,-5524,7880
-16673,-1712,10466,-19958,-4648,8404
-24628,-1728,27254,-17982,-4052,9636
-27149,-1712,31728,-18230,2540,9284
-26078,-1744,-32599,-15614,740,13128
-24555,-1728,13964,-9374,3528,12984
-32558,-1744,24960,-8518,476,20508
-31072,-1744,23911,-1766,3148,14412
-20643,-1696,8965,3622,16472,13844
-24450,-1744,4473,1242,19500,15068
2
-32559,-1712,-32598,-27638,-18920,-32768
24877,-1728,-32598,-27310,-18176,-32768
7462,-1712,-7392,-28722,-7212,-32768
-22936,-1728,17582,-15858,-5048,-30312
-32558,-1728,16951,-17326,-1312,-27924
-32558,-1744,6321,-6886,-6944,-10836
-32558,-1728,17351,4230,-4180,-19292
-32558,-1728,2243,31817,-1312,-31428
-32558,-1712,-2749,31817,-7384,5216
-32559,-1728,-32599,3898,-22104,30416
29499,-1712,-32599,-7274,-8596,16656
12575,-1712,-32599,-5290,9768,6540
-432,-1760,-3534,-5130,11276,22484
6824,-1744,-32599,-32362,15028,10960
8701,-1712,12752,-490,4836,12380
6320,-1696,7443,-3918,7996,13524
2133,-1712,-5724,-4170,1160,7212
12414,-1712,5354,-6030,-2436,5056
13916,-1760,11902,-8418,-1268,6900
10485,-1744,16039,-10318,-1008,4032
14190,-1728,-3669,-21826,-2228,9552
-3284,-1712,-20652,-18414,1852,10204
-10500,-1744,-23102,-20862,-2492,3944
-22143,-1728,-3709,-20606,-5556,5952
-32558,-1712,17630,-21574,-9364,6744
-32558,-1696,-32599,-18758,-5456,7996
-32558,-1760,-32599,-10942,-2224,5048
-32558,-1712,-32599,-8450,5108,20052
-30540,-1696,32642,-2950,-916,13000
-27859,-1728,-32599,4854,268,8316
-20060,-1744,22009,8518,25080,15276
-28990,-1696,6685,1694,23988,17604
2
-32558,-1712,4203,-12066,-4400,-29228
-32558,-1728,3188,-14894,-1744,-27448
-32558,-1744,3899,-2158,-2492,-10376
-32558,-1712,31733,25538,2932,-32656
-32558,-1728,442,31817,-11920,-1460
7849,-1744,23428,14230,-25704,19908
-32559,-1728,-32599,3778,-8540,19620
31092,-1728,-32599,-3418,1288,1172
18848,-1744,-9293,-17306,19756,23696
2407,-1728,-1707,-22474,-4940,14292
10903,-1728,17968,-2670,-6136,10908
11855,-1744,14857,-6858,788,12700
4989,-1712,7813,-5962,2320,6464
8244,-1728,2442,-7150,-1704,6824
4582,-1712,9627,-8658,-4132,7336
7611,-1744,22273,-6806,-4376,-88
-980,-1696,14294,-5202,220,-16756
-13276,-1744,-15023,-13674,4796,1488
-13729,-1744,-6970,-15410,-2252,2048
-23900,-1728,1107,-15550,-8556,5048
-28940,-1712,8433,-15502,-6776,5416
-31722,-1744,25604,-16134,-6456,11472
-32558,-1728,-32599,-13870,-552,12552
-32558,-1712,23919,-6222,1408,13956
-32558,-1696,-32599,-5678,1340,16532
-32122,-1728,-32599,-630,3536,15404
-32234,-1712,15770,13566,22172,24352
-32558,-1712,4218,2954,24532,17792
-32558,-1712,-12547,7794,7824,16892
-31335,-1712,40,15710,11496,16460
-28606,-1728,-768,14394,11256,12640
-29096,-1744,-6098,14762,4816,10544
2
-32558,-1728,22198,6178,-2396,-14496
-32558,-1744,-32598,31817,-3956,-32768
-32558,-1712,-32598,31817,-23568,8204
-32559,-1728,-32599,5682,-19780,32767
-32559,-1712,-32599,-838,-7312,13436
23607,-1728,18467,-8374,12760,11624
12444,-1728,-4857,-9254,3048,22696
5913,-1744,11741,-15718,-4928,15660
10417,-1728,2400,162,64,8176
12920,-1728,17638,-3842,-2640,6928
4803,-1744,12570,-8074,-56,6480
2932,-1744,20727,-8250,-3700,7280
6028,-1712,27399,-10786,-3016,3652
-4062,-1712,22367,-12686,-776,-3432
-9194,-1728,569,-15098,-636,7852
-15199,-1696,-3117,-18298,-3252,8200
-23449,-1744,6768,-17498,-4500,7940
-26560,-1728,21308,-18182,-4168,10648
-28985,-1712,-32599,-17146,-1020,13100
-27053,-1712,-32599,-13022,2560,16468
-27690,-1728,-32599,-6574,424,12676
-23449,-1744,-32599,-4190,3152,12476
-22534,-1728,10234,18746,13824,7372
-17449,-1744,20300,1498,30012,12980
-16135,-1712,-14348,5166,17144,11784
-14039,-1728,-8270,7658,14724,15712
-16858,-1744,-969,8386,15452,14360
-20632,-1760,-5297,11378,12500,11448
-22625,-1744,-6079,14218,9544,10240
-26872,-1744,-2659,16674,8740,10620
-32558,-1728,-5454,20518,9916,10788
-32558,-1744,-8932,25114,11584,4732
2
-32558,-1696,-32598,31817,32467,-32768
-32559,-1712,-32599,22026,32468,32767
-32559,-1744,-32599,-21038,-5572,14124
-14422,-1728,26673,-15302,9600,10888
-8609,-1744,-26808,-9910,10452,16420
-750,-1728,-32599,-13910,-5484,12944
10632,-1712,5274,902,2484,9592
12044,-1680,5662,-3774,-876,12584
9468,-1696,5775,-6498,-1620,8780
7082,-1744,8940,-6742,-336,7552
11103,-1696,11419,-7190,-1708,4508
8058,-1760,15994,-12302,-2516,6484
1253,-1712,21653,-14082,-1464,6776
6108,-1760,3167,-15874,-1600,14896
-15484,-1728,-13440,-16938,-2196,1992
-22928,-1744,-3839,-17674,-5652,5428
-29536,-1744,12536,-19134,-3956,6556
-32558,-1728,25536,-14946,-8752,14772
-32558,-1744,26716,-12938,5352,12196
-32558,-1728,15466,-7834,-2764,14804
-32558,-1712,-32599,-1482,964,19264
-32558,-1744,-32599,-622,8492,18556
-30712,-1760,-32599,2066,6304,21036
-29811,-1776,19702,11774,24076,21384
-26048,-1744,-9164,4914,13984,16740
-26406,-1728,-9832,6870,9476,20340
-26828,-1712,-1120,9346,8908,17832
-27046,-1744,4149,11426,7368,12728
-24855,-1696,1290,13622,4984,8916
-25215,-1712,136,15146,824,8664
-26767,-1680,3374,18966,2072,7072
-26500,-1728,1896,22990,4292,3316
2
-32558,-1728,-32598,31817,32467,-32768
9343,-1728,-32599,29498,-19284,27416
-32559,-1744,-32599,-6498,-17332,29004
25903,-1728,-32599,3466,860,9068
14249,-1760,5578,-8502,10940,11920
402,-1712,122,-9610,-952,16820
3801,-1712,10516,-16002,2712,16644
8811,-1744,23707,-2030,-3016,12732
-10952,-1712,27164,-6734,128,8624
-12398,-1728,27394,-3334,352,3204
259,-1744,-32599,-6146,272,1400
-14523,-1744,29005,-9290,-4340,-3252
-4761,-1728,3937,-16110,4480,15852
-13042,-1712,-72,-14814,2340,9352
-16112,-1696,863,-17678,-1248,12356
-21555,-1728,7235,-21126,-1228,15396
-22855,-1744,14754,-15810,672,13868
-29331,-1728,24814,-10218,3004,21108
-32558,-1712,25739,-7306,352,19288
-25749,-1744,12311,-470,7600,17108
-22325,-1728,9794,3126,11632,21240
-22960,-1712,23063,4966,12260,19332
-21725,-1744,7850,5702,15160,15944
-25171,-1728,-12792,7258,13388,17224
-30358,-1744,-4154,11014,11740,17052
-25598,-1712,8658,16978,7136,11068
-18348,-1728,3922,18102,13732,9520
-17850,-1744,-2372,16402,7908,13308
-22822,-1712,-7680,13706,8636,14664
-29728,-1760,-9161,19098,10116,6664
-20459,-1712,5300,21782,5792,6784
-14866,-1712,4862,21582,6004,952
2
-4478,-1744,6132,-14458,-6020,-32768
-32558,-1728,13107,-16514,-1224,-32768
-32558,-1744,9386,-22094,-4684,-28328
-32558,-1728,4709,-11062,-3288,-6660
-32558,-1744,-32599,16366,-280,-32768
-32558,-1744,-32598,31817,32467,-32768
-18425,-1728,31187,31817,-20324,13752
-32559,-1744,-32599,7114,-16472,28808
27123,-1728,-32599,1090,1136,15644
16093,-1728,12613,-9530,16912,16160
8058,-1712,-5870,-8982,-2712,13536
2626,-1728,-4830,-2206,-36,11888
5771,-1744,3304,-1402,-1328,9928
4728,-1728,10001,-5718,-4404,7664
876,-1760,14697,-7558,-4748,5900
4760,-1712,24450,-7706,-2624,5948
-4514,-1728,31926,-3330,-3496,-1108
-3690,-1744,28713,-10518,-812,9548
-11453,-1712,2702,-22542,-912,7188
-10192,-1728,6107,-23382,-6384,8760
-11470,-1744,16194,-15866,-3268,9884
-17568,-1728,9576,-15298,1000,14724
-23890,-1760,17571,-14458,-2092,17148
-26308,-1776,22621,-9826,-804,14692
-29630,-1728,22016,-4846,940,16972
-31799,-1744,18492,-3346,8096,17892
-32223,-1728,18648,2682,6844,20904
-27609,-1728,22618,9110,17168,11788
-26307,-1744,21505,8902,20148,17844
-28702,-1728,-1509,9426,17032,12852
-29003,-1760,-12752,11562,9660,9228
-28160,-1744,-10315,11450,7804,8276
2
-32558,-1712,-32598,31817,10604,-21736
-32558,-1760,-32598,31817,-20440,-3600
-32559,-1712,14664,-13726,32468,32767
-32559,-1760,-32599,1746,-11424,16356
14523,-1728,12848,-6114,14884,9408
9728,-1712,-9556,-5690,1448,12256
9239,-1728,-573,-9074,-2456,15552
11214,-1728,1405,2430,-5708,2800
11861,-1712,19444,-8918,-3288,14336
1503,-1728,2401,-6370,-484,724
9213,-1712,7393,-6750,-2828,6724
7236,-1744,21867,-8286,-6668,5512
-1407,-1760,13209,-16366,7440,-5996
-12175,-1712,-9636,-28070,-2604,10048
-8403,-1744,-6334,-21978,-10928,7560
-31116,-1760,27222,-19858,-11872,8416
-32558,-1712,-32599,-20794,-5760,13336
-32461,-1760,14472,-9306,-8864,17796
-32558,-1728,-32599,-6094,-5136,15352
-32393,-1744,-32599,-4538,2268,15964
-31827,-1728,27899,-2434,5012,18444
-32488,-1744,23255,-1350,3008,18444
-29497,-1744,19907,9034,5612,18464
-19445,-1728,6580,13354,23348,15144
-25174,-1744,-16112,8334,15876,17780
-28632,-1744,-11365,11446,8732,18264
-29300,-1728,905,14286,7780,15844
-32558,-1744,5770,16254,9780,14052
-32558,-1728,5131,17926,9044,12044
-32558,-1728,1298,18862,8148,3164
-29545,-1712,-6657,25134,5112,-7172
-15595,-1712,210,21842,3064,-2352
2
-27200,-1744,-32598,31817,28468,22172
-32559,-1760,-32599,13986,-13236,-3424
-32559,-1728,-32599,-7010,-6604,1712
-14489,-1712,-22617,-15626,-264,9104
17079,-1744,-13616,-10802,-6108,11428
4096,-1744,14974,-7558,-6104,14924
2332,-1744,-3784,242,-476,9676
11466,-1760,11560,-938,-4840,780
4881,-1712,30144,-9238,-3052,6536
-8153,-1744,19399,-9322,-2660,8856
-18,-1728,10378,-10662,-5664,8120
-5423,-1744,17270,-14106,-4256,1144
-14076,-1744,20055,-25470,-7860,10844
-16310,-1728,-10430,-23982,-8632,12808
-22954,-1776,14767,-18694,-4884,10256
-32558,-1760,-32599,-17250,-8364,14436
-23449,-1728,-32599,-8694,-4204,16532
-27638,-1776,-32599,-7478,-920,14572
-25829,-1760,-32599,-7526,-52,12724
-32558,-1728,-5144,6762,14456,11492
-29295,-1744,-32599,6498,22916,16412
-26925,-1712,1216,8790,19820,10872
-28782,-1728,-4632,13250,8228,10068
-27533,-1728,-654,15230,6220,7584
-26412,-1712,-5034,17066,5864,6304
-28873,-1728,-5334,20506,4652,6564
-29454,-1712,962,24674,4936,2404
-22094,-1712,6095,29026,5272,-1508
-13760,-1728,11705,21206,3868,1004
-8282,-1744,-654,17750,2904,520
2
-32558,-1744,-4418,18782,-16568,-26896
-32558,-1744,-32598,31817,-676,32767
19654,-1728,-32599,-4654,-21184,-2796
-32559,-1712,-32599,-2522,-14048,9824
19041,-1760,-32599,-9886,11604,6536
-5575,-1760,-22016,-8178,11608,23740
8421,-1744,-8019,-12142,-9152,14452
2209,-1760,6122,6230,-2692,10248
5935,-1744,-3554,-3446,-5708,12900
2416,-1776,4270,-5706,-3316,6740
4957,-1760,10173,-7542,-1604,4600
7240,-1744,15502,-6782,-2940,6680
7058,-1712,21265,-9858,-1088,6960
2753,-1760,24378,-16674,32,12036
-8135,-1712,11465,-19726,-2496,10016
-16433,-1744,-4653,-21210,-5368,17172
-29176,-1728,31252,-17714,-5012,12128
-32558,-1744,-32599,-7998,-6272,12952
-32558,-1712,-32599,-12890,1484,20324
-32558,-1760,16671,150,-4740,16944
-32558,-1744,-32599,-1074,-2752,16432
-32558,-1760,31298,5718,9048,11252
-32558,-1728,-106,16834,18756,1804
-32558,-1712,12959,17038,14204,6688
-20021,-1712,1118,21706,15952,5656
-18876,-1760,-5694,18874,9904,10836
-24048,-1744,-2952,17534,9408,9804
-27848,-1760,-4625,21250,10832,6548
-26170,-1728,-1191,24882,6028,852
-21208,-1712,5103,26502,4836,1428
-17315,-1728,5864,24006,6876,1876
-14076,-1744,-3354,20874,5328,816
2
-23240,-1744,-723,-21586,-5200,-23100
-32558,-1728,-2073,-16634,-3532,-19596
-32558,-1728,20559,-4766,-4560,-18376
-32558,-1744,-32599,10146,-6884,11000
-32558,-1728,-32598,31817,17640,-32768
-27,-1728,-32599,30922,-4984,32767
-32559,-1744,-32599,3438,-11284,18688
24700,-1728,-32599,-1242,-176,9848
466,-1760,-3614,-14210,20032,13736
5592,-1744,5957,-12710,-2348,13856
1549,-1760,703,-3094,2888,9192
267,-1712,18842,-7174,-1860,18780
-6447,-1744,13371,-8290,1636,5876
-1124,-1728,16379,-7258,-2968,648
5638,-1712,12752,-16958,-2628,16472
-7025,-1728,6807,-13774,-556,-3040
-4540,-1744,1004,-20810,-1320,8920
-12652,-1712,-16913,-19274,-8076,10484
-25349,-1728,-9724,-19306,-13612,11844
-31459,-1712,16069,-17778,-14008,9524
-32558,-1744,-32599,-12754,-7216,11568
-30322,-1760,21764,-8346,-8440,15868
-27146,-1712,-32599,-4222,-2564,8844
-30592,-1712,-32599,-2530,2612,17496
-32558,-1760,28786,-4498,4156,15992
-32558,-1712,16330,6134,7356,17288
-32558,-1696,20653,18090,9036,16468
-24378,-1760,11961,17866,24112,7380
-21581,-1744,-13771,12402,10460,12924
-26534,-1696,-11917,12130,3976,15736
-32558,-1760,-3875,14306,4632,13448
-32558,-1744,8671,18182,5244,2888
2
-30589,-1744,6114,-18186,8,-32768
-32558,-1712,3771,-17542,-4024,-26200
-32558,-1760,3579,-762,-2280,-13572
-32558,-1744,-32599,14358,-10428,7916
-32558,-1728,-29974,31817,32467,-8912
-32607,-1728,-32599,10578,-4836,29336
-32559,-1712,-32599,-642,-9648,15412
-7384,-1696,-7652,31818,29920,32767
-4375,-1760,-11397,-17974,7368,28016
-6462,-1744,-2803,-21038,-10468,14252
3284,-1728,8964,-706,5124,12216
-418,-1728,-321,-2694,3044,7592
5626,-1744,-4670,-3630,-2332,6084
11882,-1744,22221,-7046,-5380,1800
-3045,-1760,15993,-12750,-2080,8772
-3134,-1744,11511,-7834,-1932,9292
-2136,-1760,7740,-16990,-2792,7964
-14367,-1760,3949,-16178,-3584,4036
-14155,-1744,6906,-16498,-4068,11908
-23934,-1728,11933,-16162,-6336,11044
-25263,-1760,31455,-14682,-2676,13340
-28396,-1712,22913,-11354,424,19504
-29423,-1728,30355,-7234,-2800,15048
-30026,-1728,24422,-4358,4584,15068
-32558,-1712,23936,1574,5012,18548
-32558,-1744,21640,5530,11524,19428
-31811,-1728,9172,7526,11824,14604
-26651,-1744,-6643,10294,14148,19732
-28836,-1760,-5011,11666,12476,19720
-30132,-1728,-6390,11878,8000,15092
-30954,-1776,-3501,13246,4232,12024
-32558,-1728,813,16510,2760,11004
2
-32558,-1760,4885,-20298,3728,-32768
-32558,-1744,-3768,-14402,-1216,-19100
-32558,-1744,9519,-14798,2424,-15068
-32558,-1728,24601,16302,8408,-2720
-32558,-1712,-32598,31817,23644,-32768
-32558,-1728,-32598,29670,4520,3352
-32559,-1744,21745,-5722,-19664,32767
27695,-1744,-32599,374,-8944,5936
20889,-1728,13284,-2870,15336,8160
25555,-1744,-16357,-7846,-4400,11204
31378,-1760,-4533,-738,-1408,16020
26634,-1728,-1432,-74,-5048,13936
26301,-1744,1319,-2470,-4904,9336
30614,-1760,82,-5846,-3532,1056
27665,-1744,-559,-9554,-8392,6248
22496,-1728,4361,-9034,-6024,896
14764,-1712,3855,542,-12268,740
1,-1744,8032,-14378,-17304,-14508
-5439,-1760,25131,31818,-12468,8092
-27833,-1744,24211,-19266,-7668,720
-32558,-1760,-32599,-20482,-10244,1300
-32558,-1728,30990,-16170,-10388,5324
-32558,-1744,25196,-11642,-5212,11412
-32558,-1728,-25693,-4838,-5148,14904
-32558,-1728,20348,-2222,-6272,10360
-32558,-1744,-32599,-126,-1092,19072
-32558,-1728,28951,-2626,2996,26096
-32558,-1760,29987,-1238,1296,17292
-32558,-1712,24289,8114,4536,14556
-32558,-1744,-32599,9522,13208,17840
-32558,-1760,-383,12054,13828,16328
-32558,-1744,-11723,18902,944,7160
2
-32559,-1744,-29193,1366,14824,13592
-32559,-1712,-32598,4798,9608,9112
-32559,-1728,-32598,4134,3080,1564
-32559,-1712,-32598,2998,544,-1140
-32559,-1712,-32598,-2086,-4420,-7368
-32559,-1728,-32598,-10234,-9028,-14216
-32559,-1744,-32598,-13186,204,-8280
-32559,-1696,-32598,-15410,-5280,-30804
19562,-1744,-2487,-24890,-11912,-25608
5386,-1712,1614,-17022,-5296,-25660
-8782,-1728,1555,-7166,-2864,-27380
-27157,-1712,-2468,-5450,-4224,-25732
-32558,-1728,-8652,-70,-7076,-11932
-32558,-1744,19425,14542,-11256,-2812
-32558,-1776,12707,-1530,-6680,20352
-32558,-1760,-18855,31817,-30204,7480
13040,-1744,32060,3310,7660,9632
-32559,-1760,-32599,3990,-6568,10804
-28480,-1744,-6317,31818,32467,32767
-8065,-1712,-1580,-21014,7244,23524
133,-1728,5172,-6318,-4248,12540
7799,-1728,23366,5442,3124,8028
-529,-1728,18572,-2338,5152,12536
-122,-1712,8333,-3586,3544,9872
-2361,-1776,2243,-2286,1880,220
1389,-1728,8907,-4694,136,11924
-1423,-1744,22369,-9338,160,8360
-4813,-1728,15818,-13190,1400,3960
-5590,-1712,10519,-15754,892,9928
-11267,-1712,6446,-17626,-3360,13796
-14111,-1760,2884,-20654,1904,6880
-17114,-1744,6253,-21418,-1712,11384
2
-13915,-1696,-4302,-32250,-5452,-29788
-32558,-1728,887,-10190,-5972,-18368
-32558,-1744,25336,-2298,-3740,-17944
-32558,-1760,-32599,11810,-7432,26100
-32558,-1760,-32598,31817,29164,-32768
1454,-1744,13041,7758,16392,32767
-32559,-1744,-32599,3018,-1004,8096
31883,-1728,17127,-5310,-6668,6228
-14224,-1744,-6246,7734,-9016,4760
7908,-1728,-14875,-24266,6048,6068
6466,-1712,-13783,-4050,-1420,17200
2454,-1744,-9002,-4702,-2504,13296
10033,-1760,25055,-5794,-4840,8940
4927,-1744,-32599,-10334,2812,7168
-11349,-1728,23392,-5282,152,11292
-1057,-1728,14012,-10602,324,8648
-5807,-1712,11335,-11102,-112,9412
-12652,-1728,12413,-11018,-2456,5736
-13043,-1712,9398,-15098,332,5560
-13604,-1744,8819,-15418,-1720,12492
-18934,-1728,9175,-16582,-3096,12888
-24900,-1744,19358,-12858,532,10752
-32558,-1712,27283,-12090,-1288,18144
-30629,-1696,23443,-5994,92,16468
-32558,-1776,30830,-3506,6032,19508
-32558,-1696,31845,-2234,7176,21092
-26962,-1712,-1655,13778,18188,17124
-28832,-1728,-9369,13442,9092,11524
-28688,-1744,-9445,12862,5404,9564
-30936,-1728,-3587,15654,2316,8652
2
-7027,-1760,-3919,-7866,-3068,-32768
-32558,-1728,8640,-7550,-6640,-32768
-32558,-1712,3835,-9382,-4120,-21864
-32558,-1728,8848,1522,-1452,28208
-32558,-1728,-32598,31817,32467,-32768
20558,-1744,459,25426,-13872,32767
-32559,-1712,-32599,-13102,3532,11268
-4812,-1728,21191,-31914,-2068,9404
-24507,-1712,-32598,-11798,5492,10444
2907,-1744,2156,-18862,-5816,10488
-2325,-1728,-263,-3414,-5548,12848
10143,-1712,27071,950,2764,10792
11431,-1728,10844,-5918,-1716,10320
9467,-1728,11193,-6398,2116,8780
961,-1712,8514,-5322,-808,2728
2362,-1728,11362,-6890,-1344,6512
2753,-1728,12354,-11338,-1372,4712
-30,-1744,17505,-13902,-2448,6988
-6433,-1744,14730,-20834,-1268,6908
-21439,-1728,-7667,-22834,52,6056
-31772,-1744,6137,-20938,-4628,8732
-32558,-1728,16983,-18974,-5616,14104
-32558,-1744,-32599,-13898,-5236,16420
-32558,-1744,12389,-14302,-8296,26392
-32558,-1760,-32599,-3966,2536,17424
-31245,-1712,-32599,-5086,8696,20320
-32558,-1760,-32599,-1798,7056,22276
-32558,-1728,22883,13794,20012,4248
-22026,-1712,-4840,11490,20344,7944
-19410,-1728,-7111,9142,14624,16680
-24284,-1744,-864,11434,11960,14344
-26212,-1744,1069,12502,12372,10156
2
-32558,-1696,2001,-13430,-9968,-27460
-32558,-1744,7798,-8950,-6796,-13436
-32558,-1728,19135,9554,-4908,4864
-32558,-1728,-6996,22970,-6560,-23448
-13201,-1776,-32598,31817,-19328,32767
-32559,-1728,-32599,-278,-2236,9888
-32559,-1712,-32599,6954,-2900,8132
-18990,-1744,-5589,31818,32044,32767
10627,-1728,4034,-14846,-476,17164
7712,-1776,781,-3610,-172,11824
3871,-1712,-9359,-2186,2380,9688
5218,-1712,-19341,-3862,-1980,5460
11011,-1744,7492,-10350,-2696,2984
7744,-1696,7933,-10654,-2288,4024
6529,-1712,2160,-11718,-2144,1348
5835,-1712,2297,-18530,-5868,3496
-1405,-1728,-3215,-19150,-5792,4472
-6839,-1744,9698,-18502,-9688,9504
-32558,-1744,25175,-24518,-10760,5640
-32558,-1760,29255,-17534,-8636,5812
-32558,-1744,30764,-12310,-7472,10456
-32558,-1744,-32599,-8418,-6728,12008
-32558,-1728,-32599,-1570,-6916,12476
-32558,-1744,30496,-1506,3356,17132
-32558,-1696,25303,1882,7400,28664
-32558,-1760,-32599,-2054,1712,19128
-27888,-1712,16089,8558,11028,12316
-30288,-1712,-2641,8778,23220,22836
-32558,-1712,-16359,8546,8916,17188
-31385,-1776,-9389,14254,6004,13684
-32558,-1728,3738,17534,6152,13524
-32558,-1744,11623,18190,5980,13116
2
-32558,-1744,-32598,31817,32468,32767
11439,-1728,17472,-12550,-29532,17600
-32559,-1760,-32599,2114,-16352,2996
26136,-1744,30293,-3078,7856,4688
19902,-1728,-23787,-8906,14844,11512
25901,-1712,-11752,-15646,-3468,14708
26100,-1744,-3453,-3454,-7240,11216
13967,-1728,7154,-6942,-4524,11560
8124,-1744,-7210,-6414,-3112,9376
5610,-1728,-11216,-5286,-2964,1292
11689,-1728,3759,-4278,-2240,-2800
10454,-1744,11963,-11790,-6224,3676
6213,-1776,21260,-16850,-7576,1728
-4365,-1744,9124,-19986,-5192,728
-26208,-1744,23202,-27538,-9232,3556
-32558,-1728,32261,-26302,-1140,6744
-32558,-1776,-32599,-21026,-1812,15916
-32558,-1712,-32599,-10102,-6816,11504
-32558,-1760,-4522,-6702,-4360,14424
-32558,-1744,13107,-1110,-3768,23136
-32558,-1728,28825,1342,4504,22932
-32558,-1728,6504,7850,9056,22196
-32558,-1712,28162,11166,17372,24148
-32095,-1728,2637,13126,18732,15796
-32123,-1712,-8394,11934,9540,12576
-29688,-1760,-12008,14010,7300,12008
-29252,-1728,-3385,16458,3388,13324
-32558,-1744,1298,15538,7540,15932
-32558,-1760,-6481,19126,10724,10028
-32558,-1744,-3298,22118,3988,2056
-23815,-1776,868,24022,-476,676
-12285,-1728,62,19106,-1296,-116
2
-9686,-1760,-13301,-21378,-10684,-32768
-32558,-1760,6069,-16154,-5652,-32768
-32558,-1744,13264,-11622,-6408,-21184
-32558,-1728,-3496,-4898,-7720,-3740
-32558,-1760,-32599,-2446,-360,-1572
-32558,-1744,-32598,31817,32467,-7352
12195,-1744,25475,19650,-18836,12640
-32559,-1760,-32599,1342,-1192,12088
-32559,-1744,16227,-2122,5080,-2584
27841,-1728,-26889,-15094,15124,16348
5478,-1760,-28257,-13270,-1368,8764
8079,-1712,-20037,-20914,-17952,5684
11444,-1728,7533,-1530,-132,12928
3024,-1712,16332,-4070,-4084,11396
-1634,-1712,20044,-5002,-1776,4116
5201,-1728,22249,-3650,1360,2524
9561,-1744,-32599,-6298,680,2032
5506,-1712,-32599,-13914,1400,5268
-6777,-1696,15729,-13710,2308,4964
-12608,-1712,8927,-15462,-108,7200
-26755,-1744,12545,-14550,-4748,9388
-32558,-1696,17289,-20062,140,9276
-32558,-1712,-32599,-17698,-468,17984
-32558,-1712,-32599,-15382,68,23400
-32558,-1728,-32599,-4654,-1560,20952
-32558,-1712,-32599,-626,-5320,14340
-32558,-1760,-4417,25558,21372,-4624
-20043,-1760,14256,12798,25892,25192
-31051,-1776,-3436,6574,16044,16988
-32558,-1728,-5327,15490,3612,10508
-19984,-1728,4261,21198,10720,2184
-14067,-1712,-2518,18794,10480,7440
2
